# Energy(keV)    dEe/dx(keV/micro_m)  dEn/dx(keV/micro_m)  x(micro_m)
1.200000e+01 7.326000e+01 1.197000e+03 1.266215e-02
1.300000e+01 7.625000e+01 1.216000e+03 1.339291e-02
1.400000e+01 7.913000e+01 1.234000e+03 1.405454e-02
1.500000e+01 8.190000e+01 1.249000e+03 1.469286e-02
1.600000e+01 8.459000e+01 1.264000e+03 1.539448e-02
1.700000e+01 8.719000e+01 1.277000e+03 1.605584e-02
1.800000e+01 8.972000e+01 1.289000e+03 1.669431e-02
2.000000e+01 9.457000e+01 1.309000e+03 1.796497e-02
2.250000e+01 1.003000e+02 1.331000e+03 1.954380e-02
2.500000e+01 1.057000e+02 1.348000e+03 2.112297e-02
2.750000e+01 1.109000e+02 1.362000e+03 2.260907e-02
3.000000e+01 1.158000e+02 1.374000e+03 2.416071e-02
3.250000e+01 1.206000e+02 1.384000e+03 2.564703e-02
3.500000e+01 1.251000e+02 1.391000e+03 2.713337e-02
3.750000e+01 1.295000e+02 1.397000e+03 2.859231e-02
4.000000e+01 1.337000e+02 1.402000e+03 3.005728e-02
4.500000e+01 1.419000e+02 1.409000e+03 3.300318e-02
5.000000e+01 1.495000e+02 1.412000e+03 3.592840e-02
5.500000e+01 1.568000e+02 1.413000e+03 3.875435e-02
6.000000e+01 1.638000e+02 1.412000e+03 4.168045e-02
6.500000e+01 1.705000e+02 1.410000e+03 4.460695e-02
7.000000e+01 1.769000e+02 1.406000e+03 4.741350e-02
8.000000e+01 1.892000e+02 1.396000e+03 5.326800e-02
9.000000e+01 2.006000e+02 1.383000e+03 5.900322e-02
1.000000e+02 2.115000e+02 1.369000e+03 6.480910e-02
1.100000e+02 2.218000e+02 1.354000e+03 7.064085e-02
1.200000e+02 2.317000e+02 1.338000e+03 7.647313e-02
1.300000e+02 2.411000e+02 1.322000e+03 8.240097e-02
1.400000e+02 2.533000e+02 1.305000e+03 8.830521e-02
1.500000e+02 2.737000e+02 1.289000e+03 9.421539e-02
1.600000e+02 2.904000e+02 1.273000e+03 1.001209e-01
1.700000e+02 3.045000e+02 1.257000e+03 1.061223e-01
1.800000e+02 3.164000e+02 1.242000e+03 1.120106e-01
2.000000e+02 3.362000e+02 1.211000e+03 1.239980e-01
2.250000e+02 3.566000e+02 1.175000e+03 1.391806e-01
2.500000e+02 3.750000e+02 1.141000e+03 1.544389e-01
2.750000e+02 3.928000e+02 1.108000e+03 1.699876e-01
3.000000e+02 4.106000e+02 1.078000e+03 1.856346e-01
3.250000e+02 4.285000e+02 1.050000e+03 2.014545e-01
3.500000e+02 4.466000e+02 1.023000e+03 2.173772e-01
3.750000e+02 4.647000e+02 9.974000e+02 2.334694e-01
4.000000e+02 4.828000e+02 9.734000e+02 2.495845e-01
4.500000e+02 5.187000e+02 9.293000e+02 2.820681e-01
5.000000e+02 5.540000e+02 8.897000e+02 3.147923e-01
5.500000e+02 5.884000e+02 8.538000e+02 3.476004e-01
6.000000e+02 6.219000e+02 8.212000e+02 3.803762e-01
6.500000e+02 6.544000e+02 7.913000e+02 4.133329e-01
7.000000e+02 6.861000e+02 7.640000e+02 4.461298e-01
8.000000e+02 7.471000e+02 7.154000e+02 5.114916e-01
9.000000e+02 8.055000e+02 6.736000e+02 5.764620e-01
1.000000e+03 8.619000e+02 6.372000e+02 6.406210e-01
1.100000e+03 9.167000e+02 6.051000e+02 7.040701e-01
1.200000e+03 9.704000e+02 5.765000e+02 7.665780e-01
1.300000e+03 1.023000e+03 5.510000e+02 8.281828e-01
1.400000e+03 1.075000e+03 5.279000e+02 8.887355e-01
1.500000e+03 1.127000e+03 5.070000e+02 9.482200e-01
1.600000e+03 1.178000e+03 4.879000e+02 1.006569e+00
1.700000e+03 1.229000e+03 4.705000e+02 1.060923e+00
1.800000e+03 1.280000e+03 4.544000e+02 1.121298e+00
2.000000e+03 1.382000e+03 4.257000e+02 1.232095e+00
2.250000e+03 1.508000e+03 3.953000e+02 1.362953e+00
2.500000e+03 1.634000e+03 3.694000e+02 1.483686e+00
2.750000e+03 1.760000e+03 3.472000e+02 1.604181e+00
3.000000e+03 1.885000e+03 3.277000e+02 1.714644e+00
3.250000e+03 2.009000e+03 3.107000e+02 1.824935e+00
3.500000e+03 2.132000e+03 2.955000e+02 1.925217e+00
3.750000e+03 2.254000e+03 2.819000e+02 2.025386e+00
4.000000e+03 2.375000e+03 2.697000e+02 2.115567e+00
4.500000e+03 2.611000e+03 2.484000e+02 2.295772e+00
5.000000e+03 2.839000e+03 2.307000e+02 2.465817e+00
5.500000e+03 3.059000e+03 2.155000e+02 2.615878e+00
6.000000e+03 3.270000e+03 2.025000e+02 2.765794e+00
6.500000e+03 3.472000e+03 1.911000e+02 2.905680e+00
7.000000e+03 3.666000e+03 1.810000e+02 3.035564e+00
8.000000e+03 4.027000e+03 1.641000e+02 3.275388e+00
9.000000e+03 4.356000e+03 1.503000e+02 3.505082e+00
1.000000e+04 4.654000e+03 1.388000e+02 3.714783e+00
1.100000e+04 4.925000e+03 1.292000e+02 3.924390e+00
1.200000e+04 5.171000e+03 1.209000e+02 4.114070e+00
1.300000e+04 5.395000e+03 1.137000e+02 4.293763e+00
1.400000e+04 5.600000e+03 1.074000e+02 4.473418e+00
1.500000e+04 5.786000e+03 1.018000e+02 4.643100e+00
1.600000e+04 5.957000e+03 9.683000e+01 4.812767e+00
1.700000e+04 6.115000e+03 9.236000e+01 4.972474e+00
1.800000e+04 6.260000e+03 8.832000e+01 5.132175e+00
2.000000e+04 6.520000e+03 8.129000e+01 5.441692e+00
2.250000e+04 6.799000e+03 7.406000e+01 5.811180e+00
2.500000e+04 7.039000e+03 6.810000e+01 6.160709e+00
2.750000e+04 7.251000e+03 6.310000e+01 6.510235e+00
3.000000e+04 7.439000e+03 5.884000e+01 6.849793e+00
3.250000e+04 7.609000e+03 5.516000e+01 7.169414e+00
3.500000e+04 7.765000e+03 5.194000e+01 7.499007e+00
3.750000e+04 7.907000e+03 4.911000e+01 7.808663e+00
4.000000e+04 8.039000e+03 4.660000e+01 8.118326e+00
4.500000e+04 8.275000e+03 4.232000e+01 8.727912e+00
5.000000e+04 8.480000e+03 3.881000e+01 9.327506e+00
5.500000e+04 8.661000e+03 3.588000e+01 9.907149e+00
6.000000e+04 8.820000e+03 3.338000e+01 1.047681e+01
6.500000e+04 8.963000e+03 3.124000e+01 1.103650e+01
7.000000e+04 9.089000e+03 2.937000e+01 1.158621e+01
8.000000e+04 9.303000e+03 2.627000e+01 1.266614e+01
9.000000e+04 9.473000e+03 2.380000e+01 1.372605e+01
1.000000e+05 9.606000e+03 2.178000e+01 1.477594e+01
