# Energy(keV)    dEe/dx(keV/micro_m)  dEn/dx(keV/micro_m)  x(micro_m)
1.200000e+01 6.084000e+01 1.475000e+03 1.194069e-02
1.300000e+01 6.333000e+01 1.508000e+03 1.255229e-02
1.400000e+01 6.572000e+01 1.538000e+03 1.307020e-02
1.500000e+01 6.803000e+01 1.566000e+03 1.370912e-02
1.600000e+01 7.026000e+01 1.592000e+03 1.424781e-02
1.700000e+01 7.242000e+01 1.616000e+03 1.476584e-02
1.800000e+01 7.452000e+01 1.639000e+03 1.528398e-02
2.000000e+01 7.855000e+01 1.679000e+03 1.634656e-02
2.250000e+01 8.331000e+01 1.724000e+03 1.759773e-02
2.500000e+01 8.782000e+01 1.762000e+03 1.882339e-02
2.750000e+01 9.211000e+01 1.796000e+03 2.007511e-02
3.000000e+01 9.620000e+01 1.825000e+03 2.134690e-02
3.250000e+01 1.001000e+02 1.851000e+03 2.247888e-02
3.500000e+01 1.039000e+02 1.874000e+03 2.363599e-02
3.750000e+01 1.076000e+02 1.895000e+03 2.476833e-02
4.000000e+01 1.111000e+02 1.914000e+03 2.590097e-02
4.500000e+01 1.178000e+02 1.946000e+03 2.819096e-02
5.000000e+01 1.242000e+02 1.972000e+03 3.038602e-02
5.500000e+01 1.303000e+02 1.993000e+03 3.255733e-02
6.000000e+01 1.361000e+02 2.010000e+03 3.473341e-02
6.500000e+01 1.416000e+02 2.025000e+03 3.690528e-02
7.000000e+01 1.470000e+02 2.036000e+03 3.898205e-02
8.000000e+01 1.571000e+02 2.053000e+03 4.323552e-02
9.000000e+01 1.666000e+02 2.064000e+03 4.735261e-02
1.000000e+02 1.756000e+02 2.069000e+03 5.148883e-02
1.100000e+02 1.842000e+02 2.071000e+03 5.562544e-02
1.200000e+02 1.924000e+02 2.070000e+03 5.976236e-02
1.300000e+02 2.003000e+02 2.067000e+03 6.388161e-02
1.400000e+02 2.078000e+02 2.062000e+03 6.801904e-02
1.500000e+02 2.151000e+02 2.056000e+03 7.213896e-02
1.600000e+02 2.222000e+02 2.048000e+03 7.625923e-02
1.700000e+02 2.290000e+02 2.039000e+03 8.037593e-02
1.800000e+02 2.357000e+02 2.030000e+03 8.459291e-02
2.000000e+02 2.484000e+02 2.010000e+03 9.283135e-02
2.250000e+02 3.069000e+02 1.982000e+03 1.032107e-01
2.500000e+02 3.480000e+02 1.954000e+03 1.134745e-01
2.750000e+02 3.727000e+02 1.925000e+03 1.236594e-01
3.000000e+02 3.881000e+02 1.895000e+03 1.340217e-01
3.250000e+02 3.987000e+02 1.866000e+03 1.443686e-01
3.500000e+02 4.070000e+02 1.838000e+03 1.549065e-01
3.750000e+02 4.148000e+02 1.810000e+03 1.654648e-01
4.000000e+02 4.227000e+02 1.783000e+03 1.761984e-01
4.500000e+02 4.408000e+02 1.730000e+03 1.978996e-01
5.000000e+02 4.623000e+02 1.680000e+03 2.199726e-01
5.500000e+02 4.868000e+02 1.633000e+03 2.423395e-01
6.000000e+02 5.135000e+02 1.589000e+03 2.649029e-01
6.500000e+02 5.418000e+02 1.547000e+03 2.876450e-01
7.000000e+02 5.709000e+02 1.508000e+03 3.105664e-01
8.000000e+02 6.300000e+02 1.436000e+03 3.567248e-01
9.000000e+02 6.883000e+02 1.371000e+03 4.032457e-01
1.000000e+03 7.444000e+02 1.313000e+03 4.498205e-01
1.100000e+03 7.981000e+02 1.261000e+03 4.965502e-01
1.200000e+03 8.490000e+02 1.213000e+03 5.431424e-01
1.300000e+03 8.973000e+02 1.169000e+03 5.897933e-01
1.400000e+03 9.433000e+02 1.129000e+03 6.363214e-01
1.500000e+03 9.871000e+02 1.092000e+03 6.827979e-01
1.600000e+03 1.029000e+03 1.057000e+03 7.291525e-01
1.700000e+03 1.069000e+03 1.026000e+03 7.753020e-01
1.800000e+03 1.108000e+03 9.959000e+02 8.214154e-01
2.000000e+03 1.183000e+03 9.423000e+02 9.129009e-01
2.250000e+03 1.272000e+03 8.840000e+02 1.027709e+00
2.500000e+03 1.358000e+03 8.336000e+02 1.138735e+00
2.750000e+03 1.442000e+03 7.894000e+02 1.249629e+00
3.000000e+03 1.525000e+03 7.504000e+02 1.360384e+00
3.250000e+03 1.609000e+03 7.156000e+02 1.461174e+00
3.500000e+03 1.693000e+03 6.844000e+02 1.561870e+00
3.750000e+03 1.778000e+03 6.561000e+02 1.662451e+00
4.000000e+03 1.864000e+03 6.304000e+02 1.762934e+00
4.500000e+03 2.039000e+03 5.855000e+02 1.953898e+00
5.000000e+03 2.217000e+03 5.472000e+02 2.134666e+00
5.500000e+03 2.398000e+03 5.143000e+02 2.315180e+00
6.000000e+03 2.580000e+03 4.856000e+02 2.475700e+00
6.500000e+03 2.763000e+03 4.604000e+02 2.636018e+00
7.000000e+03 2.945000e+03 4.379000e+02 2.776383e+00
8.000000e+03 3.304000e+03 3.997000e+02 3.056852e+00
9.000000e+03 3.653000e+03 3.683000e+02 3.317089e+00
1.000000e+04 3.989000e+03 3.420000e+02 3.547253e+00
1.100000e+04 4.309000e+03 3.196000e+02 3.767288e+00
1.200000e+04 4.612000e+03 3.003000e+02 3.977219e+00
1.300000e+04 4.899000e+03 2.834000e+02 4.177102e+00
1.400000e+04 5.169000e+03 2.685000e+02 4.357010e+00
1.500000e+04 5.423000e+03 2.552000e+02 4.536851e+00
1.600000e+04 5.661000e+03 2.434000e+02 4.706684e+00
1.700000e+04 5.885000e+03 2.327000e+02 4.876482e+00
1.800000e+04 6.096000e+03 2.230000e+02 5.036290e+00
2.000000e+04 6.480000e+03 2.060000e+02 5.336016e+00
2.250000e+04 6.901000e+03 1.885000e+02 5.695657e+00
2.500000e+04 7.267000e+03 1.739000e+02 6.045238e+00
2.750000e+04 7.589000e+03 1.616000e+02 6.364884e+00
3.000000e+04 7.876000e+03 1.511000e+02 6.684488e+00
3.250000e+04 8.136000e+03 1.420000e+02 6.994092e+00
3.500000e+04 8.374000e+03 1.340000e+02 7.283746e+00
3.750000e+04 8.595000e+03 1.270000e+02 7.573396e+00
4.000000e+04 8.801000e+03 1.207000e+02 7.853062e+00
4.500000e+04 9.180000e+03 1.099000e+02 8.402587e+00
5.000000e+04 9.525000e+03 1.011000e+02 8.932130e+00
5.500000e+04 9.843000e+03 9.369000e+01 9.441697e+00
6.000000e+04 1.014000e+04 8.736000e+01 9.931301e+00
6.500000e+04 1.042000e+04 8.190000e+01 1.042090e+01
7.000000e+04 1.068000e+04 7.714000e+01 1.089052e+01
8.000000e+04 1.117000e+04 6.920000e+01 1.179022e+01
9.000000e+04 1.161000e+04 6.285000e+01 1.266987e+01
1.000000e+05 1.200000e+04 5.764000e+01 1.350955e+01
