# Energy(keV)    dEe/dx(keV/micro_m)  dEn/dx(keV/micro_m)  x(micro_m)
1.200000e+01 6.468000e+01 1.406000e+03 1.199000e-02
1.300000e+01 6.732000e+01 1.435000e+03 1.260079e-02
1.400000e+01 6.986000e+01 1.461000e+03 1.326122e-02
1.500000e+01 7.232000e+01 1.485000e+03 1.377861e-02
1.600000e+01 7.469000e+01 1.508000e+03 1.441735e-02
1.700000e+01 7.699000e+01 1.529000e+03 1.493486e-02
1.800000e+01 7.922000e+01 1.548000e+03 1.545251e-02
2.000000e+01 8.350000e+01 1.582000e+03 1.660903e-02
2.250000e+01 8.857000e+01 1.620000e+03 1.788072e-02
2.500000e+01 9.336000e+01 1.652000e+03 1.922550e-02
2.750000e+01 9.792000e+01 1.679000e+03 2.049732e-02
3.000000e+01 1.023000e+02 1.703000e+03 2.174833e-02
3.250000e+01 1.064000e+02 1.724000e+03 2.297368e-02
3.500000e+01 1.105000e+02 1.742000e+03 2.424562e-02
3.750000e+01 1.143000e+02 1.758000e+03 2.549706e-02
4.000000e+01 1.181000e+02 1.772000e+03 2.674864e-02
4.500000e+01 1.253000e+02 1.796000e+03 2.915236e-02
5.000000e+01 1.320000e+02 1.815000e+03 3.144153e-02
5.500000e+01 1.385000e+02 1.829000e+03 3.382588e-02
6.000000e+01 1.446000e+02 1.840000e+03 3.611565e-02
6.500000e+01 1.505000e+02 1.849000e+03 3.840560e-02
7.000000e+01 1.562000e+02 1.855000e+03 4.069570e-02
8.000000e+01 1.670000e+02 1.863000e+03 4.525251e-02
9.000000e+01 1.771000e+02 1.865000e+03 4.981466e-02
1.000000e+02 1.867000e+02 1.863000e+03 5.437288e-02
1.100000e+02 1.958000e+02 1.858000e+03 5.881751e-02
1.200000e+02 2.045000e+02 1.852000e+03 6.337673e-02
1.300000e+02 2.129000e+02 1.843000e+03 6.791797e-02
1.400000e+02 2.209000e+02 1.833000e+03 7.245971e-02
1.500000e+02 2.287000e+02 1.823000e+03 7.701987e-02
1.600000e+02 2.362000e+02 1.812000e+03 8.156225e-02
1.700000e+02 2.435000e+02 1.800000e+03 8.610494e-02
1.800000e+02 2.511000e+02 1.787000e+03 9.064789e-02
2.000000e+02 3.075000e+02 1.762000e+03 9.980892e-02
2.250000e+02 3.485000e+02 1.730000e+03 1.110488e-01
2.500000e+02 3.712000e+02 1.697000e+03 1.223689e-01
2.750000e+02 3.848000e+02 1.665000e+03 1.337864e-01
3.000000e+02 3.945000e+02 1.634000e+03 1.453773e-01
3.250000e+02 4.031000e+02 1.603000e+03 1.570865e-01
3.500000e+02 4.121000e+02 1.574000e+03 1.688731e-01
3.750000e+02 4.221000e+02 1.545000e+03 1.807575e-01
4.000000e+02 4.332000e+02 1.518000e+03 1.928561e-01
4.500000e+02 4.590000e+02 1.465000e+03 2.173265e-01
5.000000e+02 4.885000e+02 1.417000e+03 2.420718e-01
5.500000e+02 5.203000e+02 1.372000e+03 2.671269e-01
6.000000e+02 5.533000e+02 1.330000e+03 2.923448e-01
6.500000e+02 5.868000e+02 1.291000e+03 3.176597e-01
7.000000e+02 6.201000e+02 1.254000e+03 3.430414e-01
8.000000e+02 6.847000e+02 1.188000e+03 3.940072e-01
9.000000e+02 7.455000e+02 1.130000e+03 4.450927e-01
1.000000e+03 8.021000e+02 1.078000e+03 4.961367e-01
1.100000e+03 8.546000e+02 1.031000e+03 5.471109e-01
1.200000e+03 9.034000e+02 9.886000e+02 5.979496e-01
1.300000e+03 9.491000e+02 9.503000e+02 6.486371e-01
1.400000e+03 9.921000e+02 9.153000e+02 6.991898e-01
1.500000e+03 1.033000e+03 8.833000e+02 7.496079e-01
1.600000e+03 1.072000e+03 8.537000e+02 7.997940e-01
1.700000e+03 1.109000e+03 8.264000e+02 8.497345e-01
1.800000e+03 1.146000e+03 8.011000e+02 8.994713e-01
2.000000e+03 1.216000e+03 7.555000e+02 9.982783e-01
2.250000e+03 1.302000e+03 7.064000e+02 1.119527e+00
2.500000e+03 1.387000e+03 6.642000e+02 1.240498e+00
2.750000e+03 1.472000e+03 6.274000e+02 1.361334e+00
3.000000e+03 1.559000e+03 5.951000e+02 1.472154e+00
3.250000e+03 1.648000e+03 5.663000e+02 1.582848e+00
3.500000e+03 1.738000e+03 5.407000e+02 1.693409e+00
3.750000e+03 1.830000e+03 5.175000e+02 1.794009e+00
4.000000e+03 1.924000e+03 4.965000e+02 1.894487e+00
4.500000e+03 2.116000e+03 4.599000e+02 2.095251e+00
5.000000e+03 2.311000e+03 4.289000e+02 2.275927e+00
5.500000e+03 2.507000e+03 4.024000e+02 2.456321e+00
6.000000e+03 2.703000e+03 3.793000e+02 2.616711e+00
6.500000e+03 2.897000e+03 3.590000e+02 2.767003e+00
7.000000e+03 3.088000e+03 3.410000e+02 2.917147e+00
8.000000e+03 3.455000e+03 3.106000e+02 3.197381e+00
9.000000e+03 3.801000e+03 2.856000e+02 3.447509e+00
1.000000e+04 4.123000e+03 2.648000e+02 3.677527e+00
1.100000e+04 4.420000e+03 2.471000e+02 3.897415e+00
1.200000e+04 4.693000e+03 2.318000e+02 4.097320e+00
1.300000e+04 4.944000e+03 2.186000e+02 4.297117e+00
1.400000e+04 5.173000e+03 2.069000e+02 4.486911e+00
1.500000e+04 5.384000e+03 1.965000e+02 4.666695e+00
1.600000e+04 5.577000e+03 1.872000e+02 4.846448e+00
1.700000e+04 5.755000e+03 1.788000e+02 5.016223e+00
1.800000e+04 5.918000e+03 1.712000e+02 5.176021e+00
2.000000e+04 6.209000e+03 1.580000e+02 5.495641e+00
2.250000e+04 6.520000e+03 1.444000e+02 5.875228e+00
2.500000e+04 6.785000e+03 1.331000e+02 6.244781e+00
2.750000e+04 7.019000e+03 1.235000e+02 6.594376e+00
3.000000e+04 7.229000e+03 1.154000e+02 6.943939e+00
3.250000e+04 7.423000e+03 1.084000e+02 7.273557e+00
3.500000e+04 7.604000e+03 1.022000e+02 7.603164e+00
3.750000e+04 7.776000e+03 9.675000e+01 7.922797e+00
4.000000e+04 7.940000e+03 9.191000e+01 8.232461e+00
4.500000e+04 8.252000e+03 8.365000e+01 8.842010e+00
5.000000e+04 8.547000e+03 7.686000e+01 9.431574e+00
5.500000e+04 8.827000e+03 7.116000e+01 1.000116e+01
6.000000e+04 9.094000e+03 6.631000e+01 1.055078e+01
6.500000e+04 9.349000e+03 6.213000e+01 1.109041e+01
7.000000e+04 9.593000e+03 5.848000e+01 1.161007e+01
8.000000e+04 1.005000e+04 5.242000e+01 1.261984e+01
9.000000e+04 1.046000e+04 4.757000e+01 1.358958e+01
1.000000e+05 1.084000e+04 4.360000e+01 1.452931e+01
