O16 	14895.1 	0.192378  1  4738.17  276
O16 	14895.1 	1.24884  1  1165.77  3960
O16 	14895.1 	1.4752  1  1376.85  3862
O16 	14895.1 	2.11846  1  2217.32  2829
O16 	14895.1 	0.194012  1  -1296.87  6683
O16 	14895.1 	2.17638  1  3705.93  1378
O16 	14895.1 	0.688653  1  -467.591  5711
O16 	14895.1 	0.400822  1  156.146  5110
O16 	14895.1 	0.35158  1  2026.46  3168
O16 	14895.1 	0.206577  1  27.6391  5150
O16 	14895.1 	0.229592  1  -1613.28  6933
O16 	14895.1 	0.446918  1  1079.72  4068
O16 	14895.1 	0.373717  1  1764.64  3308
O16 	14895.1 	0.200743  1  2402.84  2660
O16 	14895.1 	0.441934  1  -582.615  5822
O16 	14895.1 	0.226579  1  -2135.52  7502
O16 	14895.1 	0.205767  1  2087.1  3072
O16 	14895.1 	6.33061  1  116.628  4963
O16 	14895.1 	0.244801  1  482.964  4858
O16 	14895.1 	0.287809  1  -548.319  5898
O16 	14895.1 	0.521088  1  -61.0055  5317
O16 	14895.1 	0.331972  1  1106.66  4121
O16 	14895.1 	0.675321  1  4518.58  489
O16 	14895.1 	0.189434  1  3757.86  1344
O16 	14895.1 	0.229201  1  2317.45  2722
O16 	14895.1 	1.23772  1  -3582.06  8962
O16 	14895.1 	0.188169  1  2059.8  3171
O16 	14895.1 	0.369089  1  -151.961  5298
O16 	14895.1 	0.199768  1  -3990.72  9440
O16 	14895.1 	0.304911  1  9.50226  5234
O16 	14895.1 	1.22828  1  -2065.59  7556
O16 	14895.1 	0.219468  1  -3374.35  8678
O16 	14895.1 	0.369226  1  4668.97  390
O16 	14895.1 	1.62061  1  390.076  4752
O16 	14895.1 	0.471993  1  -3686.07  9003
O16 	14895.1 	0.511949  1  4269.49  730
O16 	14895.1 	0.250506  1  -254.297  5323
O16 	14895.1 	0.831788  1  -3472.66  8857
O16 	14895.1 	0.196588  1  3122.3  1991
O16 	14895.1 	2.24235  1  2418.96  2706
O16 	14895.1 	0.402855  1  -422.636  5654
O16 	14895.1 	0.842007  1  4900.09  104
O16 	14895.1 	0.531924  1  2162.03  2987
O16 	14895.1 	0.652098  1  1787.02  3297
O16 	14895.1 	1.18944  1  -1151.37  6553
O16 	14895.1 	13.4829  1  4721.46  288
O16 	14895.1 	0.443063  1  3251.7  1851
O16 	14895.1 	0.647012  1  2838.9  2239
O16 	14895.1 	0.904901  1  2756.58  2258
O16 	14895.1 	0.408581  1  860.926  4254
O16 	14895.1 	0.193303  1  -2902.25  8263
O16 	14895.1 	0.547329  1  2972.28  2186
O16 	14895.1 	0.696752  1  640.304  4556
O16 	14895.1 	0.221849  1  -4900.29  10252
O16 	14895.1 	0.318603  1  3726.06  1321
O16 	14895.1 	0.363787  1  -3924.08  9501
O16 	14895.1 	0.280414  1  -1833.34  7039
O16 	14895.1 	0.378775  1  1480.19  3668
O16 	14895.1 	0.350861  1  -3407.22  8808
O16 	14895.1 	0.686029  1  2407.26  2752
O16 	14895.1 	0.37928  1  1039.5  4137
O16 	14895.1 	0.400556  1  4776.98  228
O16 	14895.1 	1.32758  1  -3124.25  8587
O16 	14895.1 	0.246837  1  -1858.43  7200
O16 	14895.1 	0.213736  1  -20.9489  5281
O16 	14895.1 	0.281908  1  -647.948  5914
O16 	14895.1 	1.40692  1  -3753.78  9265
O16 	14895.1 	0.387487  1  722.19  4522
O16 	14895.1 	0.296168  1  1925.85  3276
O16 	14895.1 	0.207455  1  4578.87  425
O16 	14895.1 	0.201038  1  -3281.11  8642
O16 	14895.1 	0.192798  1  4306.57  755
O16 	14895.1 	0.383291  1  2377.73  2750
O16 	14895.1 	0.238745  1  -135.932  5330
O16 	14895.1 	0.198208  1  -1762.64  6978
O16 	14895.1 	0.8455  1  -1781.94  7130
O16 	14895.1 	0.235735  1  -1062.91  6424
O16 	14895.1 	0.351099  1  2649.3  2583
O16 	14895.1 	0.240712  1  1594.84  3582
O16 	14895.1 	0.911009  1  2230.18  2887
O16 	14895.1 	0.542619  1  3043.13  2073
O16 	14895.1 	0.268931  1  -2725.16  8079
O16 	14895.1 	0.416086  1  4217.41  805
O16 	14895.1 	0.79858  1  -2490.09  7717
O16 	14895.1 	0.354621  1  -3086.55  8432
O16 	14895.1 	0.341383  1  532.446  4619
O16 	14895.1 	0.600623  1  -1073.51  6429
O16 	14895.1 	0.195588  1  -3663.66  9189
O16 	14895.1 	0.305721  1  3510.69  1594
O16 	14895.1 	0.291175  1  751.27  4487
O16 	14895.1 	0.247601  1  3288.48  1818
O16 	14895.1 	0.267754  1  -4058.46  9444
O16 	14895.1 	0.293879  1  3265.51  1846
O16 	14895.1 	0.580985  1  -3947.62  9223
O16 	14895.1 	0.660863  1  4902.19  105
O16 	14895.1 	0.223825  1  2248.25  2768
O16 	14895.1 	0.302653  1  -4291.28  9645
O16 	14895.1 	1.02377  1  3092.6  1973
O16 	14895.1 	0.271842  1  -4582.31  9959
O16 	14895.1 	0.218823  1  2727.43  2388
O16 	14895.1 	0.255841  1  1906.84  3247
O16 	14895.1 	0.397519  1  -3699.31  9137
O16 	14895.1 	1.92567  1  -3107.71  8615
O16 	14895.1 	0.797409  1  4012.21  1020
O16 	14895.1 	0.571845  1  920.494  4346
O16 	14895.1 	0.2295  1  1677.5  3499
O16 	14895.1 	0.556476  1  -4781.54  10155
O16 	14895.1 	0.250278  1  -4410.5  9905
O16 	14895.1 	0.211394  1  -68.4407  5308
O16 	14895.1 	0.195743  1  -4604.99  9997
O16 	14895.1 	0.248101  1  1708.84  3487
O16 	14895.1 	0.515185  1  -2225.53  7567
O16 	14895.1 	0.333125  1  -626.205  5863
O16 	14895.1 	0.200285  1  4893.41  104
O16 	14895.1 	0.223065  1  -1709.98  7046
O16 	14895.1 	0.231676  1  -1617.16  6835
O16 	14895.1 	0.382452  1  4832.45  191
O16 	14895.1 	0.395688  1  392.389  4812
O16 	14895.1 	0.604041  1  -3402.44  8733
O16 	14895.1 	5.1977  1  -4615.92  9933
O16 	14895.1 	0.273176  1  -2177.85  7459
O16 	14895.1 	0.278034  1  4788.52  207
O16 	14895.1 	0.21973  1  -4868.51  10339
O16 	14895.1 	0.326035  1  -48.3641  5200
O16 	14895.1 	2.47873  1  4774.06  239
O16 	14895.1 	0.210856  1  -4348.11  9863
O16 	14895.1 	0.231738  1  1747.12  3404
O16 	14895.1 	0.647618  1  1688.35  3475
O16 	14895.1 	0.22542  1  -3550.86  8793
O16 	14895.1 	0.476321  1  -1430.52  6701
O16 	14895.1 	0.692741  1  4000  1083
O16 	14895.1 	0.224951  1  -3936.94  9376
O16 	14895.1 	0.904225  1  -2735.13  7986
O16 	14895.1 	0.285666  1  670.633  4517
O16 	14895.1 	0.453159  1  1377.36  3862
O16 	14895.1 	0.623092  1  3201.17  1954
O16 	14895.1 	0.245096  1  2913.52  2172
O16 	14895.1 	0.297119  1  3803.13  1235
O16 	14895.1 	0.266424  1  3267.15  1743
O16 	14895.1 	0.216024  1  4763.38  267
O16 	14895.1 	0.400786  1  -1712.83  7060
O16 	14895.1 	0.230066  1  4843.69  157
O16 	14895.1 	0.281303  1  1908.26  3239
O16 	14895.1 	0.270238  1  3798.3  1358
O16 	14895.1 	0.233667  1  -4886.86  10377
O16 	14895.1 	3.08782  1  -420.775  5674
O16 	14895.1 	0.221414  1  4741.56  258
O16 	14895.1 	0.34986  1  -1184.02  6443
O16 	14895.1 	0.512685  1  1572.56  3527
O16 	14895.1 	0.294503  1  -3252.67  8572
O16 	14895.1 	0.341614  1  2273.87  2844
O16 	14895.1 	0.222791  1  -2351.85  7551
O16 	14895.1 	0.704184  1  3331.45  1696
O16 	14895.1 	0.238831  1  -4046.37  9528
O16 	14895.1 	0.619631  1  -2262.48  7701
O16 	14895.1 	0.210008  1  2736.54  2363
O16 	14895.1 	0.220239  1  -4275.33  9677
O16 	14895.1 	0.592063  1  3361.31  1749
O16 	14895.1 	0.204453  1  2791.61  2263
O16 	14895.1 	0.210316  1  -979.896  6344
O16 	14895.1 	0.324394  1  1554  3608
O16 	14895.1 	0.307513  1  3132.41  1868
O16 	14895.1 	0.328283  1  1729.84  3414
O16 	14895.1 	0.317315  1  -1144.76  6490
O16 	14895.1 	0.311933  1  -128.491  5430
O16 	14895.1 	0.25163  1  -2198.85  7698
O16 	14895.1 	0.276632  1  1810.71  3313
O16 	14895.1 	0.244507  1  3323.18  1805
O16 	14895.1 	0.242964  1  -383.636  5756
O16 	14895.1 	0.196697  1  3197.2  1870
O16 	14895.1 	0.245632  1  2703.81  2426
O16 	14895.1 	0.246072  1  1120.81  4079
O16 	14895.1 	0.237158  1  1854.08  3267
O16 	14895.1 	0.200848  1  1223.91  3832
O16 	14895.1 	0.210345  1  3374.25  1669
O16 	14895.1 	0.252937  1  -2957.61  8175
O16 	14895.1 	0.451736  1  681.228  4534
O16 	14895.1 	0.482602  1  546.012  4702
O16 	14895.1 	0.439581  1  837.132  4311
O16 	14895.1 	0.425949  1  1267.92  3933
O16 	14895.1 	0.91242  1  1195.51  4018
O16 	14895.1 	0.759702  1  1036.04  4103
O16 	14895.1 	0.527231  1  2629.45  2488
O16 	14895.1 	0.232435  1  -4956.56  10458
O16 	14895.1 	0.466814  1  -4137.08  9421
O16 	14895.1 	0.27955  1  4886.06  111
O16 	14895.1 	0.275134  1  -1558.8  6797
O16 	14895.1 	0.402446  1  -1692.12  6956
O16 	14895.1 	0.393344  1  -4502.36  9991
O16 	14895.1 	0.207253  1  -3925.52  9354
O16 	14895.1 	0.367149  1  -3760.76  9187
O16 	14895.1 	0.226263  1  3983.62  1077
O16 	14895.1 	0.194824  1  2130.39  3008
O16 	14895.1 	0.333711  1  133.521  5034
O16 	14895.1 	0.202692  1  953.48  4205
O16 	14895.1 	0.504752  1  -3655.96  8973
O16 	14895.1 	0.337476  1  3775.37  1203
O16 	14895.1 	0.724217  1  3162.23  1968
O16 	14895.1 	0.490042  1  -2409.6  7802
O16 	14895.1 	0.533701  1  3835.49  1204
O16 	14895.1 	0.213488  1  242.38  4983
O16 	14895.1 	0.430766  1  -1205.05  6438
O16 	14895.1 	1.64461  1  -3318.09  8768
O16 	14895.1 	0.382441  1  2211.44  2914
O16 	14895.1 	0.245357  1  1946.24  3238
O16 	14895.1 	2.39107  1  4780.25  208
O16 	14895.1 	0.250052  1  2846.5  2283
O16 	14895.1 	0.57134  1  1450.22  3608
O16 	14895.1 	0.35193  1  2990.43  2088
O16 	14895.1 	0.260261  1  -753.103  6021
O16 	14895.1 	0.224035  1  -1788.32  7114
O16 	14895.1 	0.197202  1  -4039.33  9564
O16 	14895.1 	0.720964  1  1704.58  3581
O16 	14895.1 	0.757199  1  -4881.74  10238
O16 	14895.1 	0.191758  1  4925.41  77
O16 	14895.1 	0.247032  1  4329.74  692
O16 	14895.1 	0.262631  1  455.981  4694
O16 	14895.1 	0.570587  1  -2052.27  7494
O16 	14895.1 	0.531646  1  2469.34  2656
O16 	14895.1 	0.244417  1  -2154.06  7304
O16 	14895.1 	0.242232  1  4129.29  917
O16 	14895.1 	0.437784  1  3482.08  1576
O16 	14895.1 	0.326867  1  -4239.76  9663
O16 	14895.1 	0.293478  1  -2997.05  8238
O16 	14895.1 	0.323385  1  629.799  4634
O16 	14895.1 	0.332573  1  -175.033  5328
O16 	14895.1 	0.335412  1  4054.95  998
O16 	14895.1 	0.272744  1  -99.9237  5398
O16 	14895.1 	0.220879  1  -737.925  5959
O16 	14895.1 	0.271339  1  -1402.03  6661
O16 	14895.1 	0.245047  1  -1233.14  6541
O16 	14895.1 	0.77137  1  -2201.86  7452
O16 	14895.1 	0.413599  1  -3436.84  8838
O16 	14895.1 	1.13929  1  3671.69  1373
O16 	14895.1 	0.278868  1  1937.21  3273
O16 	14895.1 	0.485145  1  -362.153  5693
O16 	14895.1 	0.540864  1  -1047.98  6216
O16 	14895.1 	0.294529  1  247.277  4998
O16 	14895.1 	3.2348  1  2689.33  2382
O16 	14895.1 	0.307285  1  -1342.58  6595
O16 	14895.1 	0.388847  1  4429.2  570
O16 	14895.1 	0.502271  1  -1515.54  6642
O16 	14895.1 	0.695951  1  -3961.19  9482
O16 	14895.1 	0.391494  1  -2077.55  7353
O16 	14895.1 	0.237803  1  -1630.12  6924
O16 	14895.1 	0.419422  1  2445.85  2703
O16 	14895.1 	0.34221  1  -2020.92  7342
O16 	14895.1 	1.43522  1  862.533  4195
O16 	14895.1 	0.503089  1  3902.16  1211
O16 	14895.1 	0.19975  1  1268.11  3867
O16 	14895.1 	0.218454  1  -4082.8  9478
O16 	14895.1 	0.416475  1  -4243.79  9598
O16 	14895.1 	0.216864  1  -2006.41  7345
O16 	14895.1 	0.673978  1  -906.649  6106
O16 	14895.1 	0.372197  1  -597.433  5906
O16 	14895.1 	0.485879  1  -2925.87  8416
O16 	14895.1 	0.231878  1  -3192.04  8701
O16 	14895.1 	0.577416  1  -4420.48  9930
O16 	14895.1 	0.204173  1  -2443.87  7831
O16 	14895.1 	0.216497  1  -471.685  5758
O16 	14895.1 	0.190819  1  1350.78  3850
O16 	14895.1 	0.278491  1  4766.92  220
O16 	14895.1 	0.400957  1  4934.33  64
O16 	14895.1 	0.6111  1  -3726.21  9180
O16 	14895.1 	0.1931  1  -749.221  5898
O16 	14895.1 	0.207221  1  -1569.37  6728
O16 	14895.1 	0.305875  1  794.25  4365
O16 	14895.1 	0.383544  1  -3735.92  9114
O16 	14895.1 	0.454277  1  -4090.97  9396
O16 	14895.1 	0.625209  1  3922.34  1123
O16 	14895.1 	0.489184  1  -1400.59  6677
O16 	14895.1 	0.29056  1  1711.18  3491
O16 	14895.1 	0.205044  1  -1523.39  6827
O16 	14895.1 	4.01358  1  -1956.31  7332
O16 	14895.1 	0.210229  1  1053.64  4003
O16 	14895.1 	0.193666  1  -929.786  6158
O16 	14895.1 	0.433642  1  -1131.96  6463
O16 	14895.1 	0.201234  1  4405.23  616
O16 	14895.1 	1.09265  1  1681.98  3559
O16 	14895.1 	0.2322  1  1689.03  3512
O16 	14895.1 	0.305417  1  -4544.08  10040
O16 	14895.1 	0.301745  1  -621.399  5948
O16 	14895.1 	0.530776  1  -3713.07  9119
O16 	14895.1 	0.516802  1  3291.36  1749
O16 	14895.1 	0.517754  1  4397.61  637
O16 	14895.1 	0.308722  1  642.601  4590
O16 	14895.1 	0.229643  1  4342.33  702
O16 	14895.1 	0.261865  1  -3669.44  8850
O16 	14895.1 	0.396985  1  314.957  4846
O16 	14895.1 	0.725518  1  -4024.39  9413
O16 	14895.1 	4.34542  1  -3329.34  8555
O16 	14895.1 	0.409093  1  -2904.15  8202
O16 	14895.1 	0.520536  1  -4494.16  9783
O16 	14895.1 	0.369326  1  -237.185  5549
O16 	14895.1 	0.246354  1  -3468.97  8881
O16 	14895.1 	1.01209  1  -327.811  5498
O16 	14895.1 	0.230275  1  -4422.81  9844
O16 	14895.1 	0.314339  1  -511.655  5776
O16 	14895.1 	0.398352  1  -2274.89  7672
O16 	14895.1 	0.335458  1  855.222  4421
O16 	14895.1 	0.188394  1  2058.79  3132
O16 	14895.1 	0.222799  1  509.65  4664
O16 	14895.1 	0.286319  1  4663.09  300
O16 	14895.1 	0.209897  1  -1638.45  6932
O16 	14895.1 	0.194362  1  -4050.55  9446
O16 	14895.1 	0.226963  1  -768.311  5896
O16 	14895.1 	1.99863  1  -3763.23  9029
O16 	14895.1 	0.676108  1  4216.42  837
O16 	14895.1 	0.646365  1  4023.03  996
O16 	14895.1 	0.325127  1  3024.26  2070
O16 	14895.1 	0.189878  1  148.654  4913
O16 	14895.1 	0.444248  1  -815.718  6130
O16 	14895.1 	2.4899  1  4231.94  780
O16 	14895.1 	0.321899  1  -96.2686  5220
O16 	14895.1 	0.694123  1  -4672.79  10033
O16 	14895.1 	0.827438  1  -3840.35  9096
O16 	14895.1 	0.258583  1  1118.58  4044
O16 	14895.1 	0.471225  1  2461.51  2675
O16 	14895.1 	0.288039  1  -2914.39  8400
O16 	14895.1 	0.29402  1  -2435.92  7768
O16 	14895.1 	0.21752  1  2961.91  2078
O16 	14895.1 	1.03155  1  -2723.32  7977
O16 	14895.1 	0.274281  1  1531.9  3543
O16 	14895.1 	0.387163  1  -618.838  5798
O16 	14895.1 	0.213576  1  -4524.92  10334
O16 	14895.1 	0.208997  1  4688.76  321
O16 	14895.1 	0.21388  1  1341.06  3839
O16 	14895.1 	1.42367  1  2570.75  2516
O16 	14895.1 	0.766532  1  2707.66  2316
O16 	14895.1 	0.619133  1  -3006.16  8362
O16 	14895.1 	0.211332  1  3673.29  1374
O16 	14895.1 	0.337655  1  3006.26  2104
O16 	14895.1 	0.21874  1  -2029.93  7380
O16 	14895.1 	1.25337  1  2646.77  2473
O16 	14895.1 	0.692077  1  1073.83  4184
O16 	14895.1 	0.423436  1  1662.75  3331
O16 	14895.1 	0.198204  1  -2317.53  7692
O16 	14895.1 	0.268286  1  -1944.61  7244
O16 	14895.1 	0.238931  1  1519.79  3600
O16 	14895.1 	0.264434  1  -3581.39  8925
O16 	14895.1 	0.241375  1  3846.44  1157
O16 	14895.1 	0.590597  1  -4231.11  9346
O16 	14895.1 	0.523658  1  -3560.03  8913
O16 	14895.1 	0.300013  1  -156.53  5328
O16 	14895.1 	0.194926  1  4880.57  125
O16 	14895.1 	0.438273  1  -967.8  6184
O16 	14895.1 	0.792952  1  894.911  4404
O16 	14895.1 	1.27986  1  2119.41  2966
O16 	14895.1 	0.415783  1  -1968.21  7062
O16 	14895.1 	0.243313  1  -3825.21  9133
O16 	14895.1 	0.191366  1  -1308.5  6451
O16 	14895.1 	0.551421  1  -4646.27  10267
O16 	14895.1 	0.626707  1  3103.08  2043
O16 	14895.1 	1.52153  1  -1416.43  6839
O16 	14895.1 	0.529773  1  3387.69  1679
O16 	14895.1 	0.390194  1  3070.81  2021
O16 	14895.1 	0.946509  1  1635.87  3553
O16 	14895.1 	0.231306  1  -2046.44  7298
O16 	14895.1 	0.331158  1  -4351.46  9829
O16 	14895.1 	0.228528  1  -757  6120
O16 	14895.1 	0.205138  1  2378.85  2699
O16 	14895.1 	0.291997  1  -170.961  5433
O16 	14895.1 	0.330056  1  -2423.72  7920
O16 	14895.1 	0.206969  1  -1756.62  7013
O16 	14895.1 	0.527275  1  -934.902  6057
O16 	14895.1 	0.259496  1  -4040.39  9602
O16 	14895.1 	0.468286  1  4036.12  983
O16 	14895.1 	0.495696  1  -1113.33  6332
O16 	14895.1 	0.636421  1  4659.86  380
O16 	14895.1 	0.415627  1  -3957.8  9205
O16 	14895.1 	0.321136  1  2089.8  3100
O16 	14895.1 	0.289339  1  -2489.01  7739
O16 	14895.1 	0.337509  1  -3332.77  8693
O16 	14895.1 	2.24203  1  3218.39  1842
O16 	14895.1 	0.224434  1  1736  3455
O16 	14895.1 	0.24485  1  -1596.29  6902
O16 	14895.1 	0.328509  1  4194.64  892
O16 	14895.1 	0.255797  1  -676.004  5991
O16 	14895.1 	0.312054  1  4315.74  747
O16 	14895.1 	0.206127  1  3742.35  1279
O16 	14895.1 	0.243298  1  4948.69  48
O16 	14895.1 	0.282869  1  -2151.07  7359
O16 	14895.1 	0.937887  1  -1529.56  6775
O16 	14895.1 	0.530776  1  399.467  4825
O16 	14895.1 	0.241675  1  -568.891  5779
O16 	14895.1 	0.38147  1  1291.6  3808
O16 	14895.1 	0.21163  1  -676.237  5941
O16 	14895.1 	0.375594  1  -4167.56  9612
O16 	14895.1 	0.210859  1  -1259.67  6569
O16 	14895.1 	0.543566  1  -3728.89  9086
O16 	14895.1 	2.54424  1  -1720.94  7080
O16 	14895.1 	0.474571  1  -4136.7  9584
O16 	14895.1 	0.216286  1  3357.71  1701
O16 	14895.1 	0.416301  1  3262.01  1755
O16 	14895.1 	0.818555  1  -356.608  5551
O16 	14895.1 	0.280401  1  4662.33  345
O16 	14895.1 	0.509914  1  1194.1  3882
O16 	14895.1 	0.194607  1  2989.95  2033
O16 	14895.1 	0.327446  1  333.906  4902
O16 	14895.1 	0.248303  1  -3436.35  8611
O16 	14895.1 	0.389007  1  -4730.71  10211
O16 	14895.1 	0.205445  1  3510.38  1488
O16 	14895.1 	0.194136  1  3801  1285
O16 	14895.1 	0.271506  1  -4669.19  10048
O16 	14895.1 	0.648042  1  1986.1  3197
O16 	14895.1 	0.526584  1  -2391.28  7566
O16 	14895.1 	0.335414  1  4663.65  334
O16 	14895.1 	0.800049  1  -3770.9  9104
O16 	14895.1 	0.208123  1  150.608  5097
O16 	14895.1 	0.27062  1  -3408.67  8836
O16 	14895.1 	0.312651  1  2109.78  2988
O16 	14895.1 	0.289349  1  -320.98  5659
O16 	14895.1 	0.217511  1  1355.67  3688
O16 	14895.1 	0.539543  1  473.851  4702
O16 	14895.1 	0.19861  1  4012.23  1023
O16 	14895.1 	0.294515  1  -4948.31  10438
O16 	14895.1 	0.293807  1  -73.174  5303
O16 	14895.1 	0.211021  1  -3934.65  9311
O16 	14895.1 	0.475975  1  3962.53  1070
O16 	14895.1 	0.648841  1  -2524.68  8064
O16 	14895.1 	0.588639  1  -3204.73  8343
O16 	14895.1 	1.48815  1  4038.89  1012
O16 	14895.1 	0.402189  1  -2605.15  7874
O16 	14895.1 	0.265175  1  1511.76  3695
O16 	14895.1 	0.199473  1  -1381  6641
O16 	14895.1 	0.242778  1  -86.7283  5293
O16 	14895.1 	0.635053  1  -2640.83  7972
O16 	14895.1 	0.194192  1  1700.78  3413
O16 	14895.1 	0.202359  1  910.512  4200
O16 	14895.1 	0.204784  1  -3876.69  9164
O16 	14895.1 	0.66401  1  -1272.53  6635
O16 	14895.1 	0.269009  1  3250.33  1737
O16 	14895.1 	0.324581  1  1472.64  3703
O16 	14895.1 	0.218292  1  -980.36  6307
O16 	14895.1 	0.372388  1  -1018.66  6353
O16 	14895.1 	0.596277  1  -3314.65  8611
O16 	14895.1 	0.357365  1  2345.44  2890
O16 	14895.1 	0.195416  1  3269.65  1834
O16 	14895.1 	0.20797  1  2696.22  2480
O16 	14895.1 	0.241894  1  -8.38399  5111
O16 	14895.1 	0.241159  1  4192.24  807
O16 	14895.1 	0.302308  1  536.631  4718
O16 	14895.1 	0.283147  1  -2894.12  8242
O16 	14895.1 	0.262613  1  -3959.83  9348
O16 	14895.1 	0.401102  1  -1418.53  6559
O16 	14895.1 	0.34076  1  -3989.64  9292
O16 	14895.1 	0.325989  1  4644.13  378
O16 	14895.1 	0.328376  1  -820.992  6087
O16 	14895.1 	0.234339  1  1085.78  4129
O16 	14895.1 	0.310671  1  -615.415  5822
O16 	14895.1 	0.657556  1  1199.65  4086
O16 	14895.1 	0.21852  1  3249.69  1839
O16 	14895.1 	0.316542  1  2998.74  2088
O16 	14895.1 	0.211251  1  -1064.5  6328
O16 	14895.1 	0.329776  1  -1684.95  6972
O16 	14895.1 	0.289738  1  -1799.36  7118
O16 	14895.1 	0.191722  1  -4350.5  9737
O16 	14895.1 	2.0572  1  2573.96  2544
O16 	14895.1 	0.602606  1  -4684.45  10179
O16 	14895.1 	1.05086  1  4875.23  131
O16 	14895.1 	0.262871  1  2731.24  2374
O16 	14895.1 	0.202609  1  -4305.44  9745
O16 	14895.1 	0.675443  1  -4325.44  9811
O16 	14895.1 	0.279952  1  1081.45  4078
O16 	14895.1 	0.216534  1  863.14  4158
O16 	14895.1 	0.233441  1  80.0271  4987
O16 	14895.1 	0.382434  1  4181.37  874
O16 	14895.1 	0.527299  1  3519.6  1524
O16 	14895.1 	0.308283  1  260.231  4950
O16 	14895.1 	0.545182  1  -3413.74  8740
O16 	14895.1 	0.672895  1  -3745.69  9107
O16 	14895.1 	0.313593  1  -2474.29  7849
O16 	14895.1 	0.226096  1  -2785.17  8099
O16 	14895.1 	0.191355  1  -2892.96  8221
O16 	14895.1 	0.231467  1  4353.72  667
O16 	14895.1 	0.237832  1  4465.54  599
O16 	14895.1 	1.44935  1  -2985.29  8515
O16 	14895.1 	0.680831  1  -2815.16  8138
O16 	14895.1 	0.440529  1  4882.8  148
O16 	14895.1 	0.591073  1  -4166.57  9696
O16 	14895.1 	0.461212  1  -4889.46  10199
O16 	14895.1 	1.32086  1  719.199  4390
O16 	14895.1 	0.766599  1  1656.99  3480
O16 	14895.1 	0.230123  1  1382.55  3699
O16 	14895.1 	0.547843  1  -1999.67  7363
O16 	14895.1 	0.235861  1  395.743  4768
O16 	14895.1 	0.28033  1  3900.94  1152
O16 	14895.1 	0.285324  1  -1499.05  6903
O16 	14895.1 	0.342867  1  -2907.84  8316
O16 	14895.1 	0.261662  1  3698.34  1395
O16 	14895.1 	0.252356  1  4928.36  75
O16 	14895.1 	0.219601  1  -758.597  5971
O16 	14895.1 	0.30553  1  2699.59  2335
O16 	14895.1 	0.235184  1  4865.96  119
O16 	14895.1 	0.273812  1  1324.02  3834
O16 	14895.1 	0.190119  1  -4767.69  10279
O16 	14895.1 	0.229669  1  -3490.65  8889
O16 	14895.1 	0.20791  1  1604.02  3693
O16 	14895.1 	1.15181  1  -2048.94  7461
O16 	14895.1 	0.638897  1  -3063.34  8367
O16 	14895.1 	0.274085  1  -4726.71  10068
O16 	14895.1 	0.298434  1  4959.53  43
O16 	14895.1 	1.34655  1  -23.7279  5286
O16 	14895.1 	0.235737  1  1367.25  3796
O16 	14895.1 	0.286472  1  22.1019  5412
O16 	14895.1 	0.232177  1  2932.11  2097
O16 	14895.1 	0.245925  1  2751.83  2361
O16 	14895.1 	0.421557  1  1585.2  3530
O16 	14895.1 	0.407685  1  -334.718  5557
O16 	14895.1 	0.189179  1  -957.505  6292
O16 	14895.1 	0.264607  1  4073.09  1019
O16 	14895.1 	0.274395  1  2186.52  2956
O16 	14895.1 	0.333632  1  -3997.21  9390
O16 	14895.1 	0.361847  1  3791.08  1323
O16 	14895.1 	0.303367  1  -4483.62  9963
O16 	14895.1 	2.58945  1  968.422  4119
O16 	14895.1 	2.51347  1  -4798.45  10118
O16 	14895.1 	0.248718  1  -3849.73  9364
O16 	14895.1 	0.451122  1  -4850.58  10399
O16 	14895.1 	0.529339  1  4299.2  720
O16 	14895.1 	0.231031  1  -4145.65  9601
O16 	14895.1 	0.246045  1  2540.28  2521
O16 	14895.1 	0.322692  1  2321.96  2752
O16 	14895.1 	0.214514  1  3922.61  1102
O16 	14895.1 	1.37219  1  -4362.78  9644
O16 	14895.1 	0.329621  1  2610.2  2553
O16 	14895.1 	0.304232  1  -231.514  5458
O16 	14895.1 	0.4101  1  2999.75  2116
O16 	14895.1 	0.368579  1  3909.71  1127
O16 	14895.1 	0.988059  1  -4980  10304
O16 	14895.1 	0.378995  1  268.579  5072
O16 	14895.1 	0.231483  1  2323.06  2727
O16 	14895.1 	0.413856  1  563.292  4618
O16 	14895.1 	0.246658  1  -3365.93  8714
O16 	14895.1 	0.23597  1  4505.72  517
O16 	14895.1 	0.189192  1  588.418  4659
O16 	14895.1 	1.31266  1  4398.74  631
O16 	14895.1 	0.221981  1  856.316  4374
O16 	14895.1 	0.191858  1  3513.23  1608
O16 	14895.1 	0.417556  1  -2433.69  7822
O16 	14895.1 	0.700782  1  -3132  8517
O16 	14895.1 	0.441236  1  -3611.17  9035
O16 	14895.1 	0.206317  1  1771.87  3305
O16 	14895.1 	0.218874  1  -1753.33  7007
O16 	14895.1 	0.203051  1  2291.88  2793
O16 	14895.1 	0.529206  1  -353.2  5455
O16 	14895.1 	0.209005  1  3265.13  1774
O16 	14895.1 	0.435936  1  -2561.64  7943
O16 	14895.1 	0.483048  1  2689.23  2369
O16 	14895.1 	0.375229  1  -3622.28  8866
O16 	14895.1 	0.285987  1  3458.09  1652
O16 	14895.1 	0.20951  1  -3580.15  9028
O16 	14895.1 	0.550891  1  791.246  4428
O16 	14895.1 	0.44255  1  -4349.68  9790
O16 	14895.1 	0.353533  1  -277.276  5568
O16 	14895.1 	0.195021  1  -945.43  6274
O16 	14895.1 	0.369876  1  -2334.67  7617
O16 	14895.1 	0.218913  1  -4420.78  9845
O16 	14895.1 	0.190211  1  4197.51  835
O16 	14895.1 	0.668643  1  4817.71  186
O16 	14895.1 	0.628009  1  2877.87  2164
O16 	14895.1 	0.401148  1  -627.407  5843
O16 	14895.1 	0.230195  1  -1578.8  6833
O16 	14895.1 	0.894524  1  -4497.78  9824
O16 	14895.1 	1.00069  1  -3252.59  8557
O16 	14895.1 	0.526452  1  3299.27  1800
O16 	14895.1 	0.641887  1  -2772.72  8358
O16 	14895.1 	0.298002  1  -577.553  5902
O16 	14895.1 	0.654979  1  251.092  4984
O16 	14895.1 	0.209755  1  -1456.25  6920
O16 	14895.1 	0.211389  1  3351.74  1707
O16 	14895.1 	0.248802  1  514.984  4680
O16 	14895.1 	0.96454  1  19.754  5097
O16 	14895.1 	0.607715  1  -4666.93  10213
O16 	14895.1 	0.468783  1  -2964.41  8460
O16 	14895.1 	0.248582  1  2338.96  2832
O16 	14895.1 	0.826959  1  428.082  4823
O16 	14895.1 	0.278877  1  4106.97  960
O16 	14895.1 	0.395331  1  -2540.7  7995
O16 	14895.1 	0.247956  1  -490.155  5729
O16 	14895.1 	1.11303  1  -1535.93  6805
O16 	14895.1 	1.59153  1  2922.18  2198
O16 	14895.1 	0.453156  1  1335.69  3895
O16 	14895.1 	0.233536  1  -2285.44  7639
O16 	14895.1 	0.461762  1  -3262.47  8765
O16 	14895.1 	1.44292  1  -4498.36  10022
O16 	14895.1 	0.296198  1  -2027.92  7323
O16 	14895.1 	0.23868  1  -4271.8  9606
O16 	14895.1 	0.925958  1  3521.9  1549
O16 	14895.1 	0.258932  1  -2950.35  8266
O16 	14895.1 	0.460162  1  2892.01  2211
O16 	14895.1 	1.4643  1  4096.5  927
O16 	14895.1 	0.394515  1  3600.5  1429
O16 	14895.1 	0.463196  1  -3103.9  8351
O16 	14895.1 	0.437646  1  -690.641  6019
O16 	14895.1 	0.268326  1  -4219.58  9811
O16 	14895.1 	0.324819  1  2384.29  2681
O16 	14895.1 	2.1993  1  4199.05  804
O16 	14895.1 	0.270988  1  442.165  4738
O16 	14895.1 	0.500813  1  -309.919  5559
O16 	14895.1 	1.04175  1  -763.199  5970
O16 	14895.1 	0.229352  1  -3998.39  9363
O16 	14895.1 	0.22938  1  1371.75  3702
O16 	14895.1 	0.281108  1  -1783.92  7069
O16 	14895.1 	0.528948  1  125.819  5076
O16 	14895.1 	0.217317  1  1320.38  3897
O16 	14895.1 	0.568753  1  2756.05  2297
O16 	14895.1 	0.482376  1  -162.265  5461
O16 	14895.1 	0.217327  1  -335.178  5615
O16 	14895.1 	0.21679  1  3413.06  1648
O16 	14895.1 	0.271394  1  -3243.17  8713
O16 	14895.1 	0.370086  1  459.314  4821
O16 	14895.1 	0.330631  1  3117.08  1957
O16 	14895.1 	0.587477  1  -1346.7  6636
O16 	14895.1 	0.200558  1  -2325.56  7662
O16 	14895.1 	0.357792  1  1715.02  3341
O16 	14895.1 	0.248003  1  -3405.32  8709
O16 	14895.1 	0.567777  1  4918.23  88
O16 	14895.1 	0.28551  1  4266.05  774
O16 	14895.1 	0.25752  1  -3266.15  8673
O16 	14895.1 	0.192438  1  -4755.1  10057
O16 	14895.1 	0.586055  1  3457.9  1566
O16 	14895.1 	0.215811  1  -3737.67  9132
O16 	14895.1 	0.257269  1  3364.95  1716
O16 	14895.1 	0.39163  1  2987.31  2172
O16 	14895.1 	0.328945  1  3766.17  1296
O16 	14895.1 	0.193378  1  2667.12  2422
O16 	14895.1 	0.942211  1  -4086.53  9555
O16 	14895.1 	0.261301  1  -1002.59  6229
O16 	14895.1 	0.227539  1  -3320.55  8837
O16 	14895.1 	0.817841  1  951.085  4226
O16 	14895.1 	0.202415  1  3397.95  1635
O16 	14895.1 	0.283401  1  1526.61  3599
O16 	14895.1 	0.985504  1  3884.11  1153
O16 	14895.1 	0.274147  1  3693.95  1393
O16 	14895.1 	0.240902  1  3768.56  1331
O16 	14895.1 	0.265411  1  4119.94  910
O16 	14895.1 	0.217439  1  -3237.5  8549
O16 	14895.1 	0.214802  1  -3786.09  9149
O16 	14895.1 	0.325367  1  1626.64  3542
O16 	14895.1 	0.302645  1  2547.22  2459
O16 	14895.1 	2.69226  1  2794.91  2326
O16 	14895.1 	0.621659  1  2978.34  2227
O16 	14895.1 	2.41777  1  4928.33  70
O16 	14895.1 	0.230005  1  134.048  5155
O16 	14895.1 	0.305534  1  -1688.94  6906
O16 	14895.1 	0.282812  1  773.206  4352
O16 	14895.1 	0.328788  1  -3151.38  8486
O16 	14895.1 	0.266935  1  3986.38  1081
O16 	14895.1 	0.721534  1  -92.6219  5339
O16 	14895.1 	0.384821  1  4012.95  1089
O16 	14895.1 	0.207322  1  -4294.22  9657
O16 	14895.1 	0.201312  1  1394.11  3734
O16 	14895.1 	0.219739  1  1130.34  4039
O16 	14895.1 	0.232219  1  -626.489  5725
O16 	14895.1 	0.398416  1  1522.02  3630
O16 	14895.1 	0.291285  1  -2789.66  8268
O16 	14895.1 	0.536679  1  3983.58  1115
O16 	14895.1 	0.218722  1  -3826.13  9069
O16 	14895.1 	0.69803  1  3662.75  1379
O16 	14895.1 	0.261848  1  3336.58  1787
O16 	14895.1 	0.317749  1  -752.967  5914
O16 	14895.1 	0.233173  1  -524.511  5768
O16 	14895.1 	0.917547  1  4796.04  229
O16 	14895.1 	0.767106  1  4590.66  435
O16 	14895.1 	0.242051  1  978.277  4352
O16 	14895.1 	0.271108  1  3732.72  1309
O16 	14895.1 	0.219644  1  -3924.52  9449
O16 	14895.1 	6.17474  1  119.07  5001
O16 	14895.1 	0.232484  1  2280.23  2884
O16 	14895.1 	0.27457  1  -2276.66  7614
O16 	14895.1 	0.305877  1  3867.88  1170
O16 	14895.1 	0.33369  1  3856.39  1139
O16 	14895.1 	0.454288  1  -1573.78  6988
O16 	14895.1 	0.270683  1  1853.95  3377
O16 	14895.1 	0.574169  1  197.573  4998
O16 	14895.1 	0.201727  1  2210.33  2848
O16 	14895.1 	0.284589  1  768.74  4324
O16 	14895.1 	0.20568  1  -267.295  5511
O16 	14895.1 	0.204744  1  -2043.19  7338
O16 	14895.1 	0.188702  1  -438.035  5805
O16 	14895.1 	0.590875  1  -3416.49  8742
O16 	14895.1 	0.226007  1  -4933  10260
O16 	14895.1 	0.85311  1  -432.776  5562
O16 	14895.1 	0.348779  1  3224.28  1882
O16 	14895.1 	0.241978  1  404.016  4813
O16 	14895.1 	0.877144  1  -1505.12  6771
O16 	14895.1 	0.219762  1  4080.29  965
O16 	14895.1 	1.36125  1  4089.12  951
O16 	14895.1 	0.346292  1  4459.57  494
O16 	14895.1 	0.200156  1  -2574.72  7883
O16 	14895.1 	0.218309  1  -4311.18  9957
O16 	14895.1 	0.419638  1  -364.159  5625
O16 	14895.1 	0.512367  1  -3952.12  9310
O16 	14895.1 	0.216215  1  2666.82  2464
O16 	14895.1 	0.28559  1  -4356.59  9954
O16 	14895.1 	0.24574  1  3305.66  1705
O16 	14895.1 	0.490061  1  3793.32  1190
O16 	14895.1 	0.256884  1  1719.45  3434
O16 	14895.1 	0.202786  1  -947.668  6154
O16 	14895.1 	0.901009  1  -526.03  5718
O16 	14895.1 	0.362034  1  -1032.26  6262
O16 	14895.1 	0.195745  1  -3944.77  9402
O16 	14895.1 	0.483972  1  1650.96  3486
O16 	14895.1 	0.371491  1  -1903.21  7212
O16 	14895.1 	0.568748  1  -4758.95  10032
O16 	14895.1 	0.293852  1  4054.83  1012
O16 	14895.1 	0.318717  1  -41.1432  5197
O16 	14895.1 	0.415168  1  756.595  4487
O16 	14895.1 	0.870489  1  4677.13  350
O16 	14895.1 	0.241515  1  -2455.94  7702
O16 	14895.1 	0.33865  1  4826.82  177
O16 	14895.1 	0.228758  1  -648.976  5806
O16 	14895.1 	0.292311  1  2784.77  2333
O16 	14895.1 	0.223868  1  2650  2463
O16 	14895.1 	0.306779  1  -1217.04  6418
O16 	14895.1 	0.197485  1  3841.4  1136
O16 	14895.1 	0.204872  1  -1994.27  7243
O16 	14895.1 	0.200138  1  2528.23  2609
O16 	14895.1 	0.23242  1  3718.88  1370
O16 	14895.1 	0.244145  1  -4977.81  10624
O16 	14895.1 	0.353684  1  -2925.87  8246
O16 	14895.1 	0.235703  1  -2154.8  7495
O16 	14895.1 	1.32226  1  -4111.63  9526
O16 	14895.1 	0.299211  1  -3584.59  8971
O16 	14895.1 	0.572054  1  3300.22  1809
O16 	14895.1 	0.670949  1  4153.74  849
O16 	14895.1 	0.206143  1  -535.891  5826
O16 	14895.1 	0.222067  1  -746.068  5966
O16 	14895.1 	0.383952  1  3026.62  2075
O16 	14895.1 	0.416363  1  -752.23  5826
O16 	14895.1 	0.20633  1  -3552.5  8889
O16 	14895.1 	0.2151  1  172.179  4970
O16 	14895.1 	0.616063  1  -267.761  5500
O16 	14895.1 	0.261461  1  -1178.89  6412
O16 	14895.1 	0.361373  1  341.036  4860
O16 	14895.1 	0.229357  1  -1862.27  7310
O16 	14895.1 	0.437391  1  -483.33  5746
O16 	14895.1 	0.292673  1  1116.59  4005
O16 	14895.1 	0.221067  1  1682.77  3517
O16 	14895.1 	0.550453  1  -4644.29  10171
O16 	14895.1 	0.509023  1  1232.74  3949
O16 	14895.1 	0.243679  1  -3996.25  9359
O16 	14895.1 	0.935303  1  -3557.11  9142
O16 	14895.1 	0.234902  1  -2654.73  7864
O16 	14895.1 	0.620484  1  -4671.23  10286
O16 	14895.1 	0.236873  1  970.308  4294
O16 	14895.1 	0.220852  1  -2261.16  7536
O16 	14895.1 	0.188328  1  4511.52  505
O16 	14895.1 	0.711627  1  865.131  4336
O16 	14895.1 	0.624826  1  229.339  5004
O16 	14895.1 	0.422456  1  -189.937  5385
O16 	14895.1 	0.48291  1  -3635.32  8992
O16 	14895.1 	0.262642  1  -4645.13  10248
O16 	14895.1 	0.583325  1  -2747.86  8012
O16 	14895.1 	0.26258  1  -3652.02  9022
O16 	14895.1 	0.571881  1  -2521.55  7936
O16 	14895.1 	0.381866  1  4008.79  1062
O16 	14895.1 	0.555952  1  -4574.31  9928
O16 	14895.1 	2.42105  1  -2359.39  7650
O16 	14895.1 	0.254844  1  1927.71  3220
O16 	14895.1 	0.670714  1  -2131.64  7439
O16 	14895.1 	0.322842  1  -2699.16  8198
O16 	14895.1 	0.936977  1  1335.81  3747
O16 	14895.1 	0.293499  1  -1225.7  6629
O16 	14895.1 	0.257604  1  -1438.7  6651
O16 	14895.1 	0.27109  1  2350.55  2864
O16 	14895.1 	0.399505  1  -3480.13  8832
O16 	14895.1 	0.309577  1  1401.53  3743
O16 	14895.1 	0.465552  1  2394.09  2762
O16 	14895.1 	0.234308  1  732.893  4519
O16 	14895.1 	0.209922  1  1171.04  3977
O16 	14895.1 	0.265539  1  -2769.46  8081
O16 	14895.1 	0.234139  1  -4886.91  10352
O16 	14895.1 	0.240168  1  -1915.42  7283
O16 	14895.1 	0.245924  1  4985.01  31
O16 	14895.1 	0.269165  1  719.123  4504
O16 	14895.1 	0.273538  1  -4747.27  10341
O16 	14895.1 	0.222773  1  -4868.14  10313
O16 	14895.1 	0.189962  1  -4158.2  9611
O16 	14895.1 	0.32892  1  2158.2  2884
O16 	14895.1 	0.255792  1  -324.685  5588
O16 	14895.1 	0.432611  1  2106.28  3027
O16 	14895.1 	0.222859  1  -1585.48  6835
O16 	14895.1 	0.389757  1  2339.45  2757
O16 	14895.1 	0.190104  1  -3701.62  9077
O16 	14895.1 	0.238027  1  -2154.78  7440
O16 	14895.1 	0.252206  1  -2569.94  7958
O16 	14895.1 	0.296286  1  1022.18  4075
O16 	14895.1 	0.195189  1  -766.704  5928
O16 	14895.1 	0.457792  1  -2850.9  8321
O16 	14895.1 	0.379563  1  2855.64  2277
O16 	14895.1 	0.232382  1  -2817.42  8076
O16 	14895.1 	0.229526  1  1776.1  3393
O16 	14895.1 	0.200969  1  1324.19  3845
O16 	14895.1 	0.281044  1  3446.01  1640
O16 	14895.1 	0.307445  1  -2359.56  7628
O16 	14895.1 	0.23497  1  1523.53  3753
O16 	14895.1 	0.76967  1  1506.05  3625
O16 	14895.1 	0.417005  1  -2871.54  8321
O16 	14895.1 	0.281517  1  -3537.49  9065
O16 	14895.1 	0.443333  1  515.954  4689
O16 	14895.1 	0.366802  1  -294.542  5471
O16 	14895.1 	0.235357  1  -2123.81  7415
O16 	14895.1 	0.22144  1  688.27  4722
O16 	14895.1 	1.09472  1  -3709.97  9004
O16 	14895.1 	0.497249  1  4269.76  767
O16 	14895.1 	0.276476  1  3900.74  1183
O16 	14895.1 	0.347084  1  -3892.04  9320
O16 	14895.1 	0.825909  1  2904.73  2150
O16 	14895.1 	0.303436  1  -2394.22  7704
O16 	14895.1 	0.229999  1  -1447.41  6782
O16 	14895.1 	0.399144  1  4592.11  405
O16 	14895.1 	0.238921  1  -4849.61  10306
O16 	14895.1 	0.272122  1  207.848  5083
O16 	14895.1 	0.253967  1  -3175.23  8592
O16 	14895.1 	0.329396  1  -1718.86  7050
O16 	14895.1 	0.244862  1  1569.02  3520
O16 	14895.1 	0.443679  1  -1712.05  6957
O16 	14895.1 	0.242482  1  -821.907  6071
O16 	14895.1 	0.32298  1  -137.373  5404
O16 	14895.1 	2.50865  1  -4319.48  9764
O16 	14895.1 	0.663483  1  -465.156  5754
O16 	14895.1 	0.415457  1  -1772.46  7064
O16 	14895.1 	0.20149  1  2446.89  2755
O16 	14895.1 	0.246434  1  2724.5  2387
O16 	14895.1 	1.18499  1  -4720.09  10037
O16 	14895.1 	0.242252  1  4454.86  557
O16 	14895.1 	0.270485  1  -858.168  6075
O16 	14895.1 	0.241849  1  -3660.91  8856
O16 	14895.1 	0.377684  1  1801.68  3310
O16 	14895.1 	0.224757  1  -4226.17  9576
O16 	14895.1 	0.281337  1  -2109.87  7491
O16 	14895.1 	0.249949  1  -1316.84  6473
O16 	14895.1 	0.188567  1  -3877.24  9325
O16 	14895.1 	0.195092  1  2341.71  2799
O16 	14895.1 	0.26909  1  2529.37  2634
O16 	14895.1 	0.205741  1  -2990.95  8247
O16 	14895.1 	0.834014  1  2392.06  2686
O16 	14895.1 	0.287005  1  3525.1  1485
O16 	14895.1 	0.439672  1  -1757.74  7188
O16 	14895.1 	0.586543  1  -928.207  6178
O16 	14895.1 	0.29553  1  -1136.86  6228
O16 	14895.1 	0.19186  1  119.743  4972
O16 	14895.1 	0.365796  1  -4357.97  9640
O16 	14895.1 	0.192671  1  -2891.47  8305
O16 	14895.1 	0.500778  1  -3566  8981
O16 	14895.1 	0.190478  1  1184.78  3867
O16 	14895.1 	0.344987  1  2741.52  2411
O16 	14895.1 	1.00081  1  -1791.82  7116
O16 	14895.1 	0.195781  1  3185.27  1840
O16 	14895.1 	0.188346  1  -2998.77  8263
O16 	14895.1 	0.285436  1  -2598.25  7997
O16 	14895.1 	0.375879  1  4175.34  824
O16 	14895.1 	0.495618  1  1518.37  3692
O16 	14895.1 	0.207923  1  -4994.4  10327
O16 	14895.1 	0.292675  1  1077.34  4113
O16 	14895.1 	0.485003  1  -4779.15  10283
O16 	14895.1 	0.426177  1  1194.93  4019
O16 	14895.1 	0.343439  1  -3011.95  8180
O16 	14895.1 	0.391883  1  2017.93  3093
O16 	14895.1 	0.218546  1  826.037  4319
O16 	14895.1 	0.42061  1  -1247.82  6544
O16 	14895.1 	0.255889  1  3201.47  1932
O16 	14895.1 	0.224819  1  -3995.52  9375
O16 	14895.1 	0.212131  1  -3755.74  9154
O16 	14895.1 	0.232475  1  3863.23  1164
O16 	14895.1 	0.190638  1  2987.03  2073
O16 	14895.1 	0.222814  1  -2225.76  7450
O16 	14895.1 	0.672951  1  3659.96  1402
O16 	14895.1 	0.547068  1  2878.89  2144
O16 	14895.1 	0.283165  1  1729.2  3327
O16 	14895.1 	0.280587  1  3713.77  1340
O16 	14895.1 	0.499997  1  -4678.2  10066
O16 	14895.1 	1.14313  1  -958.216  6352
O16 	14895.1 	0.291695  1  -321.031  5653
O16 	14895.1 	0.208226  1  -3011.87  8328
O16 	14895.1 	1.0765  1  2687.64  2487
O16 	14895.1 	0.252904  1  -3081.69  8485
O16 	14895.1 	0.430678  1  -2734.56  8076
O16 	14895.1 	0.227891  1  1077.97  4142
O16 	14895.1 	0.226992  1  -376.836  5614
O16 	14895.1 	0.401516  1  -4550.29  9889
O16 	14895.1 	0.198425  1  2287.47  2869
O16 	14895.1 	0.383761  1  4097.81  956
O16 	14895.1 	0.190684  1  -3517.95  8986
O16 	14895.1 	0.591462  1  -1838.07  6990
O16 	14895.1 	0.273646  1  2601.8  2524
O16 	14895.1 	0.217397  1  -3955.9  9395
O16 	14895.1 	0.236201  1  4275.09  785
O16 	14895.1 	0.380555  1  -757.908  6080
O16 	14895.1 	0.195643  1  -4945.78  10311
O16 	14895.1 	1.16429  1  233.138  5000
O16 	14895.1 	0.210824  1  430.171  4818
O16 	14895.1 	0.188935  1  3343.34  1689
O16 	14895.1 	0.297259  1  4585.23  448
O16 	14895.1 	0.449826  1  -41.3947  5303
O16 	14895.1 	0.427261  1  -1311.95  6700
O16 	14895.1 	0.201535  1  -4601.18  9994
O16 	14895.1 	0.265986  1  -2567.32  7895
O16 	14895.1 	0.232764  1  -387.241  5653
O16 	14895.1 	0.232919  1  -3413.89  8802
O16 	14895.1 	0.336387  1  -2406.26  7739
O16 	14895.1 	0.3889  1  -3057.31  8441
O16 	14895.1 	0.278359  1  907.986  4236
O16 	14895.1 	0.315272  1  -2218.99  7619
O16 	14895.1 	0.238856  1  -4344.2  9899
O16 	14895.1 	0.189191  1  -3240.74  8387
O16 	14895.1 	0.235292  1  4444.29  566
O16 	14895.1 	0.299844  1  -695.204  5911
O16 	14895.1 	0.237906  1  -4753.2  10194
O16 	14895.1 	0.298427  1  -2650.6  8117
O16 	14895.1 	0.369166  1  4968.76  30
O16 	14895.1 	0.372514  1  2917.1  2215
O16 	14895.1 	0.883025  1  -3628.4  8993
O16 	14895.1 	0.346217  1  -1179.61  6427
O16 	14895.1 	2.50345  1  4648.9  364
O16 	14895.1 	0.36381  1  -2858.01  8267
O16 	14895.1 	0.21076  1  -655.923  6124
O16 	14895.1 	1.61762  1  2236.86  2825
O16 	14895.1 	0.214937  1  4902.55  107
O16 	14895.1 	0.246117  1  504.964  4826
O16 	14895.1 	0.352653  1  4800.97  191
O16 	14895.1 	3.33999  1  2662.14  2503
O16 	14895.1 	0.201103  1  15.7483  5259
O16 	14895.1 	0.227709  1  2179.29  2931
O16 	14895.1 	0.199229  1  -3570.67  8777
O16 	14895.1 	0.365139  1  -4123.05  9379
O16 	14895.1 	2.11071  1  -1992.63  7228
O16 	14895.1 	0.329855  1  -2778.94  8158
O16 	14895.1 	0.359882  1  3196.82  1893
O16 	14895.1 	0.602608  1  -4249.55  9650
O16 	14895.1 	0.218326  1  2673.71  2476
O16 	14895.1 	0.19855  1  2345.44  2807
O16 	14895.1 	0.225718  1  -2593.69  7977
O16 	14895.1 	0.219174  1  4754.96  281
O16 	14895.1 	0.268072  1  3091.88  1954
O16 	14895.1 	0.3204  1  -4377.45  9763
O16 	14895.1 	0.510054  1  1214.42  4034
O16 	14895.1 	0.204541  1  951.243  4142
O16 	14895.1 	0.252303  1  1656.63  3483
O16 	14895.1 	0.258973  1  -3865.66  9395
O16 	14895.1 	0.293695  1  -4578.3  10037
O16 	14895.1 	0.195668  1  -988.461  6315
O16 	14895.1 	0.220333  1  -4361.84  9785
O16 	14895.1 	0.337807  1  3801.25  1285
O16 	14895.1 	0.244599  1  -296.157  5522
O16 	14895.1 	0.851246  1  -3061.1  8451
O16 	14895.1 	0.490696  1  4748.1  250
O16 	14895.1 	0.981324  1  4517.16  517
O16 	14895.1 	0.260484  1  3065.1  2012
O16 	14895.1 	0.671173  1  4307.48  745
O16 	14895.1 	0.633118  1  2278.87  2825
O16 	14895.1 	0.209094  1  3521.96  1563
O16 	14895.1 	0.463562  1  -1076.2  6358
O16 	14895.1 	0.218346  1  -1777.74  7041
O16 	14895.1 	0.358763  1  2538.24  2572
O16 	14895.1 	1.58013  1  3960.86  1112
O16 	14895.1 	0.446824  1  -2529.38  7923
O16 	14895.1 	0.18986  1  4121.64  867
O16 	14895.1 	0.25474  1  4995.61  8
O16 	14895.1 	0.485141  1  -1361.56  6714
O16 	14895.1 	0.516641  1  3653.5  1411
O16 	14895.1 	0.615989  1  -1874.07  7280
O16 	14895.1 	0.398875  1  -1999.73  7278
O16 	14895.1 	0.319072  1  760.026  4495
O16 	14895.1 	0.210736  1  4678.24  365
O16 	14895.1 	0.284496  1  -4416.25  9787
O16 	14895.1 	0.632979  1  673.593  4544
O16 	14895.1 	0.449054  1  -1155.48  6358
O16 	14895.1 	0.507376  1  -1269.73  6478
O16 	14895.1 	3.27688  1  2188.08  2949
O16 	14895.1 	0.215639  1  -1677.29  7093
O16 	14895.1 	0.6496  1  4480.18  492
O16 	14895.1 	0.633518  1  -1846.07  7357
O16 	14895.1 	0.223952  1  -1128.2  6392
O16 	14895.1 	0.216499  1  4248.12  800
O16 	14895.1 	0.275977  1  2407.09  2660
O16 	14895.1 	0.19961  1  152.343  4876
O16 	14895.1 	0.245518  1  1418.6  3717
O16 	14895.1 	1.31534  1  -851.596  5923
O16 	14895.1 	0.253471  1  550.181  4719
O16 	14895.1 	0.345261  1  -2846.73  8246
O16 	14895.1 	0.352938  1  1472.27  3696
O16 	14895.1 	0.843508  1  -3122.69  8394
O16 	14895.1 	0.29427  1  4924.85  66
O16 	14895.1 	0.59373  1  -3812.62  9248
O16 	14895.1 	0.190219  1  4752.41  265
O16 	14895.1 	0.341155  1  1701.64  3485
O16 	14895.1 	0.475306  1  4066.9  1006
O16 	14895.1 	0.20232  1  4525.39  475
O16 	14895.1 	0.617394  1  -896.268  6189
O16 	14895.1 	0.301627  1  -225.243  5399
O16 	14895.1 	0.29342  1  1959.51  3194
O16 	14895.1 	0.203931  1  -1750.87  7014
O16 	14895.1 	0.552121  1  -3025.44  8389
O16 	14895.1 	0.383707  1  716.648  4554
O16 	14895.1 	0.348982  1  3324.13  1787
O16 	14895.1 	0.306848  1  3562.61  1427
O16 	14895.1 	0.222656  1  1414.75  3871
O16 	14895.1 	0.365984  1  -3519.65  8995
O16 	14895.1 	0.292535  1  335.748  4961
O16 	14895.1 	0.330362  1  -1995.91  7301
O16 	14895.1 	0.299761  1  4755.11  244
O16 	14895.1 	0.515015  1  -815.338  6119
O16 	14895.1 	0.247211  1  1393.2  3646
O16 	14895.1 	0.809076  1  -2300.48  7570
O16 	14895.1 	0.261369  1  -4706.08  10225
O16 	14895.1 	0.303237  1  1862.1  3269
O16 	14895.1 	0.519574  1  -380.385  5661
O16 	14895.1 	0.273743  1  -2970.8  8337
O16 	14895.1 	0.258323  1  -1238.58  6459
O16 	14895.1 	0.411534  1  4430.07  591
O16 	14895.1 	0.229239  1  2467.16  2605
O16 	14895.1 	0.492148  1  3772.43  1275
O16 	14895.1 	0.281528  1  -4182.76  9518
O16 	14895.1 	0.366428  1  4462.67  544
O16 	14895.1 	0.34321  1  1909.5  3231
O16 	14895.1 	1.62503  1  -3761.68  9232
O16 	14895.1 	0.214722  1  2638.65  2487
O16 	14895.1 	0.203495  1  -3115.75  8678
O16 	14895.1 	0.408531  1  231.054  5032
O16 	14895.1 	0.190738  1  -1637.96  6866
O16 	14895.1 	1.67941  1  -3320.8  8574
O16 	14895.1 	0.951  1  232.791  4989
O16 	14895.1 	0.531294  1  2118.04  2967
O16 	14895.1 	0.658494  1  1337.85  3731
O16 	14895.1 	0.251064  1  -467.725  5882
O16 	14895.1 	0.59633  1  -1189.02  6616
O16 	14895.1 	0.372136  1  -810.136  6082
O16 	14895.1 	0.301421  1  2340.14  2844
O16 	14895.1 	0.489375  1  4006.8  1032
O16 	14895.1 	1.20143  1  -3793.17  9123
O16 	14895.1 	0.342644  1  -4889.33  10364
O16 	14895.1 	0.221108  1  -3110.65  8510
O16 	14895.1 	0.300365  1  2786.51  2269
O16 	14895.1 	4.05012  1  -2947.86  8295
O16 	14895.1 	0.231724  1  -4017  9415
O16 	14895.1 	0.300204  1  -2570.71  7823
O16 	14895.1 	0.190748  1  -4535.42  9904
O16 	14895.1 	0.242432  1  393.077  4791
O16 	14895.1 	0.378542  1  -1191.28  6474
O16 	14895.1 	0.341222  1  -1767.1  7123
O16 	14895.1 	0.314246  1  3647.85  1338
O16 	14895.1 	0.223065  1  4284.33  766
O16 	14895.1 	0.311708  1  4034.61  977
O16 	14895.1 	0.196641  1  3328.98  1725
O16 	14895.1 	0.215837  1  2496.25  2618
O16 	14895.1 	0.506775  1  -3911.7  9221
O16 	14895.1 	0.296985  1  1553.33  3607
O16 	14895.1 	0.189602  1  77.8339  5142
O16 	14895.1 	0.261601  1  4776.56  245
O16 	14895.1 	0.686047  1  4114.08  933
O16 	14895.1 	0.19409  1  -3947.48  9434
O16 	14895.1 	0.283175  1  4473.9  541
O16 	14895.1 	0.223842  1  -724.803  5937
O16 	14895.1 	0.203543  1  309.97  4781
O16 	14895.1 	0.666724  1  -4799.91  10029
O16 	14895.1 	0.213691  1  4774.55  227
O16 	14895.1 	3.82908  1  -3949.2  9412
O16 	14895.1 	0.377852  1  -4651.54  10147
O16 	14895.1 	0.302402  1  2218.23  2914
O16 	14895.1 	0.267173  1  -4968.81  10457
O16 	14895.1 	0.257655  1  -691.489  5879
O16 	14895.1 	0.832707  1  -1244.78  6418
O16 	14895.1 	0.286453  1  -2998.95  8520
O16 	14895.1 	0.340521  1  -2090.87  7227
O16 	14895.1 	0.777031  1  1270.98  3832
O16 	14895.1 	0.93865  1  758.131  4384
O16 	14895.1 	0.193202  1  -667.673  5907
O16 	14895.1 	0.274743  1  -657.686  5828
O16 	14895.1 	1.61257  1  -2310.9  7622
O16 	14895.1 	0.205842  1  -4262.35  9616
O16 	14895.1 	0.445105  1  -1610.69  6933
O16 	14895.1 	0.194758  1  -3252.61  8569
O16 	14895.1 	0.361667  1  721.069  4575
O16 	14895.1 	0.197326  1  47.1847  5097
O16 	14895.1 	0.193319  1  4669.28  351
O16 	14895.1 	0.452481  1  2618.24  2539
O16 	14895.1 	0.273995  1  4691.38  323
O16 	14895.1 	0.244685  1  954.888  4114
O16 	14895.1 	0.443009  1  4119.4  934
O16 	14895.1 	0.237228  1  2276.76  2829
O16 	14895.1 	0.230586  1  -4368.83  9702
O16 	14895.1 	0.198512  1  -498.219  5741
O16 	14895.1 	0.234376  1  3612.13  1428
O16 	14895.1 	0.253816  1  -3042.06  8379
O16 	14895.1 	0.784492  1  -1801.31  7272
O16 	14895.1 	0.230059  1  4718.07  315
O16 	14895.1 	0.218296  1  -2224.46  7424
O16 	14895.1 	0.333494  1  -3068.12  8310
O16 	14895.1 	0.206305  1  2805.81  2332
O16 	14895.1 	0.257016  1  -2430.38  7732
O16 	14895.1 	0.23182  1  1807.28  3388
O16 	14895.1 	0.384249  1  3582.4  1445
O16 	14895.1 	0.282742  1  4022.78  963
O16 	14895.1 	0.238034  1  -3349.49  8677
O16 	14895.1 	0.345099  1  1609.05  3496
O16 	14895.1 	1.17076  1  856.618  4363
O16 	14895.1 	0.397819  1  -4210.21  9747
O16 	14895.1 	0.822407  1  -699.826  5908
O16 	14895.1 	0.421128  1  1875.95  3252
O16 	14895.1 	0.198685  1  1359.48  3721
O16 	14895.1 	0.254803  1  981.102  4179
O16 	14895.1 	0.42695  1  -852.079  6071
O16 	14895.1 	0.317232  1  -1683.24  6898
O16 	14895.1 	0.240457  1  -2523.77  7937
O16 	14895.1 	0.243064  1  4002.76  1035
O16 	14895.1 	0.30497  1  760.552  4484
O16 	14895.1 	0.211311  1  1138.9  4161
O16 	14895.1 	0.320659  1  -980.305  6252
O16 	14895.1 	0.312824  1  2818.39  2321
O16 	14895.1 	0.680729  1  -1040.63  6170
O16 	14895.1 	0.268544  1  -3404.96  8698
O16 	14895.1 	0.254178  1  1919.99  3215
O16 	14895.1 	0.671205  1  -1608.71  6959
O16 	14895.1 	0.206041  1  3322.09  1704
O16 	14895.1 	0.193311  1  4672.74  367
O16 	14895.1 	0.198811  1  2889.46  2248
O16 	14895.1 	0.192896  1  -2508.19  7955
O16 	14895.1 	0.717342  1  4918.64  100
O16 	14895.1 	0.216885  1  4721.59  338
O16 	14895.1 	0.230762  1  2096.53  2989
O16 	14895.1 	0.273354  1  2766.37  2310
O16 	14895.1 	0.733356  1  -4071.61  9453
O16 	14895.1 	0.588147  1  4282.81  771
O16 	14895.1 	0.210203  1  4853.23  149
O16 	14895.1 	0.281203  1  3042.6  1961
O16 	14895.1 	0.584281  1  -3535.53  9015
O16 	14895.1 	0.249385  1  -3262.48  8667
O16 	14895.1 	0.605339  1  -2716.22  8117
O16 	14895.1 	0.324116  1  4763  261
O16 	14895.1 	0.193171  1  -2864.92  8304
O16 	14895.1 	0.20987  1  1605.21  3555
O16 	14895.1 	0.509758  1  3456.15  1645
O16 	14895.1 	0.3049  1  700.252  4508
O16 	14895.1 	0.419009  1  -2541.5  8090
O16 	14895.1 	0.191474  1  -3157.6  8442
O16 	14895.1 	0.223069  1  4632.35  395
O16 	14895.1 	0.351468  1  2110.81  2927
O16 	14895.1 	1.18823  1  -291.85  5429
O16 	14895.1 	0.707014  1  -126.316  5372
O16 	14895.1 	0.995797  1  -2913.8  8241
O16 	14895.1 	0.246809  1  4486.56  538
O16 	14895.1 	0.20623  1  4311.59  715
O16 	14895.1 	1.57183  1  430.498  4737
O16 	14895.1 	0.297742  1  3983.87  1091
O16 	14895.1 	1.21612  1  4426.37  631
O16 	14895.1 	0.229017  1  -4293.55  9878
O16 	14895.1 	1.15466  1  -387.696  5650
O16 	14895.1 	0.327876  1  -1292.44  6549
O16 	14895.1 	0.254049  1  2985.42  2068
O16 	14895.1 	1.84821  1  1805.22  3266
O16 	14895.1 	0.261606  1  -2666.17  7936
O16 	14895.1 	0.234712  1  3778.41  1315
O16 	14895.1 	0.230355  1  -969.987  6137
O16 	14895.1 	0.249286  1  2704.53  2368
O16 	14895.1 	0.228916  1  3337.03  1781
O16 	14895.1 	0.211269  1  -3255.03  8640
O16 	14895.1 	0.31543  1  2892.92  2169
O16 	14895.1 	0.509501  1  -4247.94  9544
O16 	14895.1 	0.329444  1  -1913.51  7124
O16 	14895.1 	0.211572  1  -1067.9  6439
O16 	14895.1 	0.431168  1  4181.93  849
O16 	14895.1 	0.339224  1  -3029.85  8361
O16 	14895.1 	0.215231  1  2641.33  2543
O16 	14895.1 	0.202112  1  -4361.14  9714
O16 	14895.1 	0.304662  1  -1825.98  7163
O16 	14895.1 	0.767189  1  -1834.93  7152
O16 	14895.1 	0.517382  1  3336.64  1771
O16 	14895.1 	0.26569  1  -310.382  5455
O16 	14895.1 	0.651868  1  1157.64  3963
O16 	14895.1 	0.33406  1  -3473.2  8752
O16 	14895.1 	0.423136  1  20.4902  5224
O16 	14895.1 	0.726703  1  2721.99  2412
O16 	14895.1 	0.191721  1  -352.357  5643
O16 	14895.1 	0.199833  1  4240.78  824
O16 	14895.1 	0.240054  1  -1323.74  6558
O16 	14895.1 	0.219618  1  -4331.55  9695
O16 	14895.1 	0.358022  1  -4889.37  10282
O16 	14895.1 	0.382439  1  2298.49  2813
O16 	14895.1 	0.355356  1  -4706.51  9936
O16 	14895.1 	0.19447  1  -1817.67  7076
O16 	14895.1 	0.344178  1  -3031.9  8428
O16 	14895.1 	0.222741  1  -2207.14  7523
O16 	14895.1 	0.393978  1  -4576.5  9988
O16 	14895.1 	0.195643  1  949.68  4315
O16 	14895.1 	0.205733  1  2626.85  2466
O16 	14895.1 	0.386324  1  -2052.59  7612
O16 	14895.1 	0.225351  1  -4443.05  9818
O16 	14895.1 	0.191779  1  3812.88  1212
O16 	14895.1 	0.364268  1  -4232.6  9592
O16 	14895.1 	0.192079  1  -2214.33  7444
O16 	14895.1 	0.314941  1  2629.23  2542
O16 	14895.1 	0.343232  1  -3040.49  8334
O16 	14895.1 	0.191123  1  -1667.5  6968
O16 	14895.1 	0.29543  1  526.583  4688
O16 	14895.1 	0.720996  1  3785.01  1329
O16 	14895.1 	0.25587  1  2368.26  2789
O16 	14895.1 	3.08189  1  2774.91  2300
O16 	14895.1 	0.291193  1  -279.684  5537
O16 	14895.1 	0.628226  1  -3720.8  9140
O16 	14895.1 	0.50348  1  1891.15  3155
O16 	14895.1 	0.636682  1  -601.671  5856
O16 	14895.1 	0.270715  1  1413.75  3751
O16 	14895.1 	0.255839  1  -4524.82  9780
O16 	14895.1 	0.236169  1  2732.48  2386
O16 	14895.1 	1.20951  1  258.696  4954
O16 	14895.1 	1.10475  1  837.09  4384
O16 	14895.1 	0.547988  1  2008.78  3188
O16 	14895.1 	0.86103  1  -3742.36  9025
O16 	14895.1 	0.474788  1  -4474.43  9949
O16 	14895.1 	0.25183  1  -304.945  5514
O16 	14895.1 	0.202928  1  -3689.05  9106
O16 	14895.1 	0.389681  1  -667.448  5947
O16 	14895.1 	0.219748  1  -4981.53  10403
O16 	14895.1 	0.518325  1  4338.61  762
O16 	14895.1 	0.517549  1  347.97  4896
O16 	14895.1 	0.275998  1  586.228  4551
O16 	14895.1 	0.649738  1  -4766.23  10147
O16 	14895.1 	1.20969  1  -4820.85  10371
O16 	14895.1 	0.337779  1  -3371.5  8764
O16 	14895.1 	1.43648  1  3103.22  1919
O16 	14895.1 	0.471956  1  2842.04  2322
O16 	14895.1 	0.239698  1  1461.05  3681
O16 	14895.1 	0.364749  1  -3378.96  8764
O16 	14895.1 	0.353182  1  4654.58  387
O16 	14895.1 	0.274078  1  -4858.91  10391
O16 	14895.1 	0.193224  1  -2744.37  8155
O16 	14895.1 	1.39911  1  3472.66  1633
O16 	14895.1 	1.21156  1  1172.73  4036
O16 	14895.1 	0.294853  1  -1917.36  7238
O16 	14895.1 	0.234788  1  1808.78  3388
O16 	14895.1 	0.266241  1  -4472.27  9780
O16 	14895.1 	0.31989  1  4747.04  260
O16 	14895.1 	0.266247  1  -485.096  5799
O16 	14895.1 	0.413811  1  1385.79  3799
O16 	14895.1 	0.57289  1  4166.25  842
O16 	14895.1 	0.228099  1  -41.0425  5227
O16 	14895.1 	0.489576  1  -2390.99  7671
O16 	14895.1 	2.42346  1  -3756.58  9065
O16 	14895.1 	0.229687  1  1105.1  4093
O16 	14895.1 	0.227914  1  3431.06  1625
O16 	14895.1 	0.209411  1  2612.86  2493
O16 	14895.1 	0.30175  1  1353.08  3814
O16 	14895.1 	0.256686  1  -278.733  5483
O16 	14895.1 	0.189232  1  411.77  4689
O16 	14895.1 	0.438427  1  -2338.34  7678
O16 	14895.1 	0.232044  1  4172.74  883
O16 	14895.1 	0.241965  1  -2984.36  8281
O16 	14895.1 	0.197087  1  1226.45  3984
O16 	14895.1 	0.591034  1  1679.82  3541
O16 	14895.1 	0.30569  1  3190.13  1936
O16 	14895.1 	0.521719  1  1732.92  3455
O16 	14895.1 	0.359863  1  3267.51  1763
O16 	14895.1 	0.197314  1  -2566.5  7859
O16 	14895.1 	0.457314  1  -3700.49  8988
O16 	14895.1 	0.243269  1  -3260.46  8629
O16 	14895.1 	0.339702  1  4286.5  742
O16 	14895.1 	0.437728  1  2652.79  2454
O16 	14895.1 	0.200486  1  -4649.86  10140
O16 	14895.1 	0.765777  1  3436.01  1550
O16 	14895.1 	0.244785  1  -3442.82  8707
O16 	14895.1 	0.196851  1  -4149.23  9673
O16 	14895.1 	0.206474  1  -757.631  6066
O16 	14895.1 	0.319086  1  -3866.66  9218
O16 	14895.1 	0.579798  1  -3416.63  8905
O16 	14895.1 	0.477682  1  3218.5  1893
O16 	14895.1 	0.335486  1  -4678.72  10199
O16 	14895.1 	0.68947  1  3067.69  2042
O16 	14895.1 	0.201552  1  1628.88  3531
O16 	14895.1 	0.226496  1  135.696  5114
O16 	14895.1 	0.924736  1  -1606.74  6942
O16 	14895.1 	0.377542  1  -1744.19  7046
O16 	14895.1 	0.350597  1  1575.65  3601
O16 	14895.1 	1.51856  1  4593.18  363
O16 	14895.1 	0.335427  1  3291.88  1715
O16 	14895.1 	0.292731  1  4895.46  116
O16 	14895.1 	0.389606  1  -43.452  5221
O16 	14895.1 	0.193422  1  3750.49  1360
O16 	14895.1 	0.211307  1  269.316  4879
O16 	14895.1 	0.405998  1  2374.31  2706
O16 	14895.1 	1.46327  1  -3693.11  9093
O16 	14895.1 	0.640103  1  3332.54  1739
O16 	14895.1 	0.970205  1  2239.84  2936
O16 	14895.1 	0.224835  1  -443.674  5564
O16 	14895.1 	0.470707  1  3072.56  2025
O16 	14895.1 	0.642567  1  -1815.66  7105
O16 	14895.1 	0.248651  1  4639.96  355
O16 	14895.1 	0.291192  1  1915.86  3155
O16 	14895.1 	1.29362  1  -1773.08  7095
O16 	14895.1 	0.221612  1  -3800  9281
O16 	14895.1 	0.208048  1  3952.81  1100
O16 	14895.1 	0.287853  1  -4423.21  9843
O16 	14895.1 	0.210632  1  -2811.52  8216
O16 	14895.1 	0.775212  1  -2270.45  7593
O16 	14895.1 	0.446365  1  181.479  4914
O16 	14895.1 	0.2879  1  -1.07495  5253
O16 	14895.1 	0.395158  1  2543.02  2610
O16 	14895.1 	0.539579  1  1185.01  3946
O16 	14895.1 	0.457826  1  2602.47  2553
O16 	14895.1 	0.663513  1  3317.1  1771
O16 	14895.1 	0.337252  1  595.674  4595
O16 	14895.1 	0.290653  1  -2379.91  7766
O16 	14895.1 	0.195849  1  -2735.24  8069
O16 	14895.1 	0.387074  1  -2851.6  8193
O16 	14895.1 	0.224217  1  -4208.14  9558
O16 	14895.1 	0.189692  1  3734.6  1316
O16 	14895.1 	0.221025  1  549.544  4748
O16 	14895.1 	0.274984  1  -1411.51  6690
O16 	14895.1 	0.316657  1  -2497.78  7816
O16 	14895.1 	0.209522  1  -3851.82  9234
O16 	14895.1 	0.304658  1  2645.78  2400
O16 	14895.1 	0.452379  1  1744.41  3365
O16 	14895.1 	0.298689  1  -1564.15  6838
O16 	14895.1 	0.262727  1  -4120.6  9580
O16 	14895.1 	0.414831  1  1119.59  3978
O16 	14895.1 	0.336079  1  2263.67  2847
O16 	14895.1 	1.07301  1  2199.38  2916
O16 	14895.1 	0.259282  1  -90.4875  5176
O16 	14895.1 	0.295744  1  4593.61  406
O16 	14895.1 	0.255949  1  -4730.08  9885
O16 	14895.1 	0.353469  1  1504.58  3678
O16 	14895.1 	0.191381  1  4016.65  1013
O16 	14895.1 	0.560137  1  -1556.82  6761
O16 	14895.1 	0.325476  1  2824.69  2259
O16 	14895.1 	0.211591  1  -2764.76  8170
O16 	14895.1 	0.247625  1  318.098  4974
O16 	14895.1 	0.41145  1  -4659.06  10152
O16 	14895.1 	0.292961  1  2800.36  2359
O16 	14895.1 	0.284256  1  -3832.88  9077
O16 	14895.1 	0.23818  1  3338.87  1697
O16 	14895.1 	0.425741  1  3199.85  1930
O16 	14895.1 	0.909549  1  1519.44  3737
O16 	14895.1 	1.0357  1  2947.34  2072
O16 	14895.1 	0.444896  1  257.312  5027
O16 	14895.1 	0.294206  1  4880.48  134
O16 	14895.1 	0.27683  1  3917.76  1101
O16 	14895.1 	0.226754  1  -4121.16  9608
O16 	14895.1 	0.205964  1  -863.757  6261
O16 	14895.1 	0.193528  1  1190.26  4025
O16 	14895.1 	1.04511  1  -1913.26  7216
O16 	14895.1 	0.550137  1  4212.2  799
O16 	14895.1 	0.834772  1  4399.87  650
O16 	14895.1 	0.852688  1  -1109.62  6440
O16 	14895.1 	0.208278  1  -2764.91  8011
O16 	14895.1 	0.214693  1  -4325.61  9629
O16 	14895.1 	0.216578  1  1882.92  3344
O16 	14895.1 	0.31209  1  4561.14  418
O16 	14895.1 	0.350869  1  -446.771  5857
O16 	14895.1 	0.206428  1  936.518  4238
O16 	14895.1 	0.279054  1  3971.3  1081
O16 	14895.1 	0.452542  1  3582  1414
O16 	14895.1 	0.422761  1  2406.91  2744
O16 	14895.1 	0.204049  1  857.587  4366
O16 	14895.1 	0.18894  1  -4566.4  9956
O16 	14895.1 	0.425387  1  -2598.89  7983
O16 	14895.1 	0.720907  1  3195.79  1965
O16 	14895.1 	0.88245  1  -2248.51  7630
O16 	14895.1 	0.417454  1  -2218.59  7511
O16 	14895.1 	0.348999  1  4835.83  180
O16 	14895.1 	0.196865  1  -740.531  6119
O16 	14895.1 	0.91991  1  1406.94  3681
O16 	14895.1 	0.27918  1  1547.7  3578
O16 	14895.1 	0.3012  1  4762.21  265
O16 	14895.1 	0.19833  1  3837.94  1203
O16 	14895.1 	0.249687  1  1074.12  3967
O16 	14895.1 	0.234828  1  1915.02  3186
O16 	14895.1 	0.233217  1  -3994.17  9424
O16 	14895.1 	0.422565  1  50.8421  5175
O16 	14895.1 	0.237884  1  -2884.4  8316
O16 	14895.1 	0.274441  1  -2982.81  8235
O16 	14895.1 	1.42527  1  -2948.27  8107
O16 	14895.1 	0.20828  1  3918.24  1111
O16 	14895.1 	0.259899  1  -1709.99  7080
O16 	14895.1 	0.656523  1  808.033  4337
O16 	14895.1 	0.290554  1  3675.32  1449
O16 	14895.1 	0.328101  1  945.745  4243
O16 	14895.1 	0.244912  1  -2843.72  7969
O16 	14895.1 	0.194032  1  2722.8  2337
O16 	14895.1 	0.334178  1  1399.36  3710
O16 	14895.1 	2.17914  1  879.586  4209
O16 	14895.1 	1.42111  1  2774.93  2314
O16 	14895.1 	0.50881  1  3377.14  1735
O16 	14895.1 	0.286671  1  4046.73  1021
O16 	14895.1 	0.246803  1  177.895  5167
O16 	14895.1 	0.343347  1  3539.66  1460
O16 	14895.1 	0.203324  1  3214  1811
O16 	14895.1 	2.63208  1  4813.37  212
O16 	14895.1 	0.428051  1  2543.32  2519
O16 	14895.1 	0.899233  1  1689.8  3459
O16 	14895.1 	0.244886  1  -2043.19  7326
O16 	14895.1 	0.507586  1  1921.36  3293
O16 	14895.1 	0.267665  1  -527.115  5705
O16 	14895.1 	0.733246  1  3206.9  1841
O16 	14895.1 	0.660417  1  -2798.21  8079
O16 	14895.1 	0.346221  1  -4962.18  10369
O16 	14895.1 	0.353118  1  215.193  5082
O16 	14895.1 	0.193459  1  3555.01  1529
O16 	14895.1 	0.246747  1  2993.25  2110
O16 	14895.1 	0.221038  1  -2328.83  7650
O16 	14895.1 	0.207757  1  2605.06  2530
O16 	14895.1 	7.50965  1  -4248.72  9454
O16 	14895.1 	0.189454  1  -2916.04  8332
O16 	14895.1 	0.317806  1  1179.22  3965
O16 	14895.1 	0.244295  1  4394.14  655
O16 	14895.1 	0.242587  1  216.403  5055
O16 	14895.1 	0.193893  1  -4352.04  9728
O16 	14895.1 	1.25387  1  -2306.27  7641
O16 	14895.1 	0.277207  1  1733.25  3423
O16 	14895.1 	0.408764  1  3778.22  1274
O16 	14895.1 	0.234322  1  -1266.85  6522
O16 	14895.1 	0.320111  1  4752.56  251
O16 	14895.1 	0.241679  1  -438.566  5624
O16 	14895.1 	0.293104  1  15.4786  5093
O16 	14895.1 	0.356876  1  -2929.07  8086
O16 	14895.1 	0.452156  1  -0.134247  5247
O16 	14895.1 	0.379103  1  -1627.21  6947
O16 	14895.1 	0.217422  1  4923.09  78
O16 	14895.1 	0.235498  1  3397.02  1719
O16 	14895.1 	0.193638  1  1497.67  3625
O16 	14895.1 	0.268488  1  4790.38  226
O16 	14895.1 	0.399663  1  -3466.68  8896
O16 	14895.1 	0.199987  1  -4351.85  9611
O16 	14895.1 	0.252517  1  -2056.48  7468
O16 	14895.1 	0.360431  1  4076.36  907
O16 	14895.1 	6.85478  1  3931.9  1120
O16 	14895.1 	0.5902  1  -4729.9  10202
O16 	14895.1 	0.248525  1  4132.82  930
O16 	14895.1 	0.231782  1  -4048.5  9523
O16 	14895.1 	0.38538  1  -4384.36  9865
O16 	14895.1 	0.359831  1  4777.77  228
O16 	14895.1 	1.48535  1  2472.26  2673
O16 	14895.1 	0.944023  1  3774.53  1343
O16 	14895.1 	0.375507  1  -3478.98  8961
O16 	14895.1 	0.217695  1  2444.8  2722
O16 	14895.1 	0.386082  1  73.7151  5195
O16 	14895.1 	0.204169  1  -1797.61  7090
O16 	14895.1 	0.188286  1  4469.18  567
O16 	14895.1 	0.240207  1  -2359.13  7589
O16 	14895.1 	0.25322  1  1754.21  3532
O16 	14895.1 	0.195364  1  -1219.21  6611
O16 	14895.1 	0.300363  1  2953.3  2130
O16 	14895.1 	0.33608  1  2415.12  2730
O16 	14895.1 	0.225001  1  4554.38  487
O16 	14895.1 	0.230462  1  4435.1  588
O16 	14895.1 	0.189216  1  4598.18  410
O16 	14895.1 	0.627473  1  -4864.36  10285
O16 	14895.1 	0.291795  1  -3929.31  9267
O16 	14895.1 	0.42898  1  2488.24  2585
O16 	14895.1 	0.643369  1  1204.72  3816
O16 	14895.1 	0.417433  1  4205.37  797
O16 	14895.1 	0.353236  1  4658.22  334
O16 	14895.1 	0.262458  1  3444.61  1719
O16 	14895.1 	0.23292  1  -1401.98  6735
O16 	14895.1 	0.773679  1  -1440.43  6720
O16 	14895.1 	0.258462  1  -3543.49  8990
O16 	14895.1 	0.199767  1  3142.78  2104
O16 	14895.1 	0.208028  1  1942.71  3080
O16 	14895.1 	0.246893  1  -3770.38  9244
O16 	14895.1 	0.225936  1  -789.735  6120
O16 	14895.1 	1.15757  1  403.37  4795
O16 	14895.1 	0.528694  1  13.24  5263
O16 	14895.1 	0.277098  1  2493.54  2555
O16 	14895.1 	0.222789  1  -2990.87  8355
O16 	14895.1 	0.368775  1  1678.43  3487
O16 	14895.1 	0.26792  1  200.458  4980
O16 	14895.1 	0.264746  1  -1170  6322
O16 	14895.1 	0.221591  1  770.593  4370
O16 	14895.1 	0.209262  1  3200.3  1931
O16 	14895.1 	0.257641  1  2210.69  2933
O16 	14895.1 	0.216914  1  -1845.25  7203
O16 	14895.1 	0.353267  1  3511.92  1516
O16 	14895.1 	0.209975  1  1902.44  3204
O16 	14895.1 	0.258846  1  1370.99  3840
O16 	14895.1 	0.283869  1  3666.35  1402
O16 	14895.1 	1.29129  1  4818.43  175
O16 	14895.1 	0.214647  1  6.97231  5135
O16 	14895.1 	0.244507  1  -66.1862  5397
O16 	14895.1 	0.401503  1  -1462.49  6875
O16 	14895.1 	0.19781  1  -2224.62  7604
O16 	14895.1 	0.208508  1  984.927  4227
O16 	14895.1 	0.875793  1  -3241.18  8654
O16 	14895.1 	0.925808  1  -1448.14  6706
O16 	14895.1 	0.244192  1  -4185.99  9731
O16 	14895.1 	0.367295  1  4092.05  941
O16 	14895.1 	0.61214  1  2267.54  2877
O16 	14895.1 	0.225891  1  -3699.64  9166
O16 	14895.1 	1.04218  1  1674.84  3426
O16 	14895.1 	0.207231  1  -3221.29  8590
O16 	14895.1 	0.192782  1  4600.94  408
O16 	14895.1 	0.293841  1  4353.34  674
O16 	14895.1 	0.263516  1  -3728.48  9109
O16 	14895.1 	0.202844  1  -3355.12  8672
O16 	14895.1 	0.219545  1  -1596.05  6802
O16 	14895.1 	0.54179  1  -1168.33  6444
O16 	14895.1 	0.457211  1  3120.77  2079
O16 	14895.1 	0.193  1  4975.19  30
O16 	14895.1 	0.257965  1  709.376  4457
O16 	14895.1 	0.215141  1  1461.35  3739
O16 	14895.1 	0.929742  1  4894.19  112
O16 	14895.1 	0.500149  1  2187.99  2967
O16 	14895.1 	0.39075  1  -3842.67  9290
O16 	14895.1 	0.205632  1  3263.14  1790
O16 	14895.1 	0.246427  1  -590.854  5773
O16 	14895.1 	0.355742  1  2132.26  2928
O16 	14895.1 	0.188644  1  -2785.03  8227
O16 	14895.1 	0.289965  1  -2091.98  7339
O16 	14895.1 	1.83212  1  -4410.65  9855
O16 	14895.1 	0.568225  1  340.508  4869
O16 	14895.1 	0.202184  1  -28.4556  5281
O16 	14895.1 	0.331272  1  -3323.19  8607
O16 	14895.1 	0.539663  1  -1145.98  6461
O16 	14895.1 	0.792258  1  3284.69  1840
O16 	14895.1 	0.415412  1  3139.05  1987
O16 	14895.1 	0.80358  1  -590.013  5756
O16 	14895.1 	0.24484  1  2789.46  2230
O16 	14895.1 	0.517429  1  -1285.95  6545
O16 	14895.1 	0.190986  1  4788.35  218
O16 	14895.1 	0.210868  1  2928.06  2176
O16 	14895.1 	0.249751  1  4321.06  758
O16 	14895.1 	0.385827  1  856.799  4291
O16 	14895.1 	0.321844  1  2589.74  2445
O16 	14895.1 	0.267463  1  3110.65  2017
O16 	14895.1 	0.576062  1  2379.37  2709
O16 	14895.1 	1.29671  1  -2738.54  8143
O16 	14895.1 	0.410762  1  3968.96  1057
O16 	14895.1 	3.21748  1  -1410.36  6709
O16 	14895.1 	0.221136  1  854.997  4365
O16 	14895.1 	0.211886  1  -974.502  6244
O16 	14895.1 	0.213833  1  -1006.84  6266
O16 	14895.1 	1.79839  1  2725.25  2404
O16 	14895.1 	0.334075  1  1946.76  3251
O16 	14895.1 	0.193053  1  3406.15  1634
