O16 	14895.1 	0.27756  1  4761.87  276
O16 	14895.1 	0.684003  1  2521.51  2606
O16 	14895.1 	0.220079  1  -165.114  5393
O16 	14895.1 	0.262079  1  -1102.69  6439
O16 	14895.1 	0.301691  1  3985.27  1080
O16 	14895.1 	0.292585  1  3224.25  1885
O16 	14895.1 	0.196399  1  2648.95  2587
O16 	14895.1 	0.250012  1  2124.56  3093
O16 	14895.1 	0.274116  1  -3656.8  9142
O16 	14895.1 	0.805614  1  1716.09  3383
O16 	14895.1 	0.287057  1  1906.24  3227
O16 	14895.1 	0.293129  1  -4979.49  10512
O16 	14895.1 	0.277067  1  -2707.2  8215
O16 	14895.1 	0.44584  1  -4740.43  10314
O16 	14895.1 	0.456798  1  4251.86  802
O16 	14895.1 	0.431903  1  145.009  5083
O16 	14895.1 	0.514054  1  -117.218  5339
O16 	14895.1 	0.245945  1  1228.01  4037
O16 	14895.1 	0.312699  1  -2862.58  8267
O16 	14895.1 	2.35584  1  3065.16  1971
O16 	14895.1 	0.268369  1  3716.46  1348
O16 	14895.1 	0.211295  1  2925.18  2147
O16 	14895.1 	0.820323  1  3147.76  1955
O16 	14895.1 	1.83899  1  4548.6  476
O16 	14895.1 	0.282267  1  -194.997  5527
O16 	14895.1 	0.203268  1  2036.71  3091
O16 	14895.1 	0.214228  1  -1193.06  6548
O16 	14895.1 	0.20945  1  3836.08  1203
O16 	14895.1 	0.324237  1  2552.32  2630
O16 	14895.1 	0.362542  1  -311.333  5556
O16 	14895.1 	0.196664  1  635.15  4703
O16 	14895.1 	0.298668  1  4928.78  82
O16 	14895.1 	0.262252  1  95.9547  5129
O16 	14895.1 	0.380076  1  -2623.69  8028
O16 	14895.1 	0.20795  1  -4689.64  10173
O16 	14895.1 	1.65718  1  3094.52  1990
O16 	14895.1 	0.233714  1  2579.08  2520
O16 	14895.1 	0.364118  1  -1062.77  6301
O16 	14895.1 	0.213908  1  -3626.17  9003
O16 	14895.1 	0.23197  1  -1377.57  6762
O16 	14895.1 	0.193552  1  3961.87  1055
O16 	14895.1 	0.228669  1  -4453.55  10017
O16 	14895.1 	0.206176  1  -4676.52  10143
O16 	14895.1 	0.246119  1  3532.86  1494
O16 	14895.1 	0.247038  1  371.087  4708
O16 	14895.1 	0.198611  1  -1685.47  6850
O16 	14895.1 	0.199235  1  1444.54  3729
O16 	14895.1 	0.254085  1  -2159.25  7485
O16 	14895.1 	0.287887  1  -4114.14  9507
O16 	14895.1 	1.00372  1  -237.088  5592
O16 	14895.1 	0.21221  1  473.52  4643
O16 	14895.1 	0.29489  1  1302.87  3855
O16 	14895.1 	0.22216  1  2417.34  2654
O16 	14895.1 	0.221029  1  -3347.1  8654
O16 	14895.1 	0.282397  1  -336.783  5626
O16 	14895.1 	0.277795  1  815.806  4447
O16 	14895.1 	0.232104  1  -6.68156  5169
O16 	14895.1 	0.28091  1  3135.16  1918
O16 	14895.1 	2.53181  1  2618.39  2448
O16 	14895.1 	0.25693  1  -958.685  6241
O16 	14895.1 	0.226586  1  998.668  4235
O16 	14895.1 	0.366202  1  -2378.12  7801
O16 	14895.1 	0.642106  1  -4051.31  9370
O16 	14895.1 	0.288048  1  3797.87  1205
O16 	14895.1 	0.575861  1  -4480.21  9938
O16 	14895.1 	0.362978  1  896.623  4290
O16 	14895.1 	1.27237  1  649.234  4536
O16 	14895.1 	0.273857  1  4421.89  594
O16 	14895.1 	2.22287  1  -1769.72  7056
O16 	14895.1 	0.281159  1  1734.56  3384
O16 	14895.1 	0.748248  1  -2484.1  7843
O16 	14895.1 	0.429519  1  -4407.45  9823
O16 	14895.1 	0.453208  1  1775.68  3399
O16 	14895.1 	0.298201  1  -3239.8  8738
O16 	14895.1 	0.313771  1  -2251.91  7633
O16 	14895.1 	0.720894  1  -1485.68  6905
O16 	14895.1 	0.327623  1  3768.64  1323
O16 	14895.1 	0.923177  1  3410.74  1655
O16 	14895.1 	0.203662  1  3607.1  1489
O16 	14895.1 	0.321863  1  -4916.89  10313
O16 	14895.1 	0.192393  1  3949.98  1158
O16 	14895.1 	0.250614  1  4004.51  1018
O16 	14895.1 	0.29191  1  -3001.51  8374
O16 	14895.1 	1.78846  1  -3116.98  8606
O16 	14895.1 	0.268164  1  4618.99  436
O16 	14895.1 	0.260639  1  3265.56  1845
O16 	14895.1 	0.231129  1  -3939  9353
O16 	14895.1 	0.202981  1  3285.13  1849
O16 	14895.1 	0.23876  1  -2993.03  8277
O16 	14895.1 	0.247908  1  -3836.52  9315
O16 	14895.1 	0.55266  1  -5.67572  5207
O16 	14895.1 	0.511952  1  2914.31  2147
O16 	14895.1 	0.821592  1  -1558.42  6992
O16 	14895.1 	0.257858  1  3117.72  2051
O16 	14895.1 	0.357698  1  3027.79  2086
O16 	14895.1 	0.949202  1  -2323.97  7813
O16 	14895.1 	0.287537  1  516.476  4705
O16 	14895.1 	0.199821  1  -3127.96  8614
O16 	14895.1 	0.943278  1  4310.03  768
O16 	14895.1 	0.233342  1  2605.43  2457
O16 	14895.1 	0.201387  1  4338  689
O16 	14895.1 	0.420511  1  2912.55  2217
O16 	14895.1 	0.191548  1  1099.41  4158
O16 	14895.1 	0.26246  1  1048.64  4135
O16 	14895.1 	0.203883  1  4552.59  447
O16 	14895.1 	0.473184  1  2749.69  2331
O16 	14895.1 	0.296552  1  -2256.27  7528
O16 	14895.1 	1.82098  1  -3368.23  8705
O16 	14895.1 	0.311178  1  3639.3  1528
O16 	14895.1 	1.29275  1  -3569.03  9104
O16 	14895.1 	0.552289  1  -4179.98  9760
O16 	14895.1 	0.209956  1  4894.38  116
O16 	14895.1 	0.547719  1  -251.815  5639
O16 	14895.1 	0.214729  1  13.0076  5144
O16 	14895.1 	0.217896  1  3354.23  1760
O16 	14895.1 	0.379999  1  -1505.23  6722
O16 	14895.1 	0.240819  1  -4165.66  9484
O16 	14895.1 	0.446601  1  -389.217  5546
O16 	14895.1 	0.220144  1  -3870.65  9375
O16 	14895.1 	0.375636  1  -4353.44  9846
O16 	14895.1 	0.513382  1  -4734.91  10328
O16 	14895.1 	0.514942  1  -1188.43  6565
O16 	14895.1 	0.285579  1  4992.26  7
O16 	14895.1 	0.629581  1  3560.09  1538
O16 	14895.1 	0.669219  1  2184.06  2965
O16 	14895.1 	0.508409  1  -619.484  5888
O16 	14895.1 	0.425605  1  -2743.58  7989
O16 	14895.1 	0.823647  1  1485.93  3677
O16 	14895.1 	0.366485  1  -2863.14  8173
O16 	14895.1 	0.252265  1  -1373.74  6855
O16 	14895.1 	0.266683  1  -738.787  6072
O16 	14895.1 	0.250435  1  -2652.46  7944
O16 	14895.1 	0.225027  1  -1508.12  6760
O16 	14895.1 	0.252302  1  1133.71  4072
O16 	14895.1 	0.290321  1  1591.71  3581
O16 	14895.1 	0.206846  1  -2847.04  8267
O16 	14895.1 	0.215731  1  -1664.12  7071
O16 	14895.1 	0.352547  1  -2227.9  7660
O16 	14895.1 	0.243964  1  2758  2357
O16 	14895.1 	6.15413  1  4720.12  271
O16 	14895.1 	2.7646  1  1357.3  3763
O16 	14895.1 	0.300602  1  -909.974  6195
O16 	14895.1 	4.80497  1  3928.85  1149
O16 	14895.1 	0.735453  1  3624.53  1471
O16 	14895.1 	0.560788  1  1066.25  4213
O16 	14895.1 	0.242607  1  -1441.53  6697
O16 	14895.1 	0.561161  1  97.8234  5053
O16 	14895.1 	0.296184  1  -1023.58  6329
O16 	14895.1 	0.280268  1  -2744.74  8089
O16 	14895.1 	0.192857  1  -715.796  6053
O16 	14895.1 	0.548146  1  -558.202  5782
O16 	14895.1 	0.547389  1  769.577  4360
O16 	14895.1 	0.201315  1  -3121.36  8625
O16 	14895.1 	0.609371  1  2655.63  2466
O16 	14895.1 	0.215184  1  -1080.89  6573
O16 	14895.1 	0.346642  1  -2619.54  8056
O16 	14895.1 	0.23386  1  3639.59  1419
O16 	14895.1 	0.195885  1  4351.49  619
O16 	14895.1 	0.375079  1  4799.31  202
O16 	14895.1 	0.194214  1  -1836.74  7335
O16 	14895.1 	0.511255  1  1628.93  3592
O16 	14895.1 	0.262732  1  3068.37  2071
O16 	14895.1 	0.224365  1  4161.77  851
O16 	14895.1 	0.742726  1  1870.4  3356
O16 	14895.1 	1.00782  1  2960.14  2138
O16 	14895.1 	0.471569  1  2291.55  2849
O16 	14895.1 	11.1906  1  -4706.71  10346
O16 	14895.1 	0.230029  1  -4703.83  10013
O16 	14895.1 	0.527424  1  666.77  4531
O16 	14895.1 	0.293518  1  2144.91  3010
O16 	14895.1 	0.397196  1  793.68  4376
O16 	14895.1 	0.451563  1  -1194.73  6516
O16 	14895.1 	0.611793  1  -3351.53  8796
O16 	14895.1 	0.316922  1  2576.81  2587
O16 	14895.1 	0.202189  1  -4780.54  10360
O16 	14895.1 	1.27727  1  -1127.08  6346
O16 	14895.1 	0.264588  1  -1496.28  6801
O16 	14895.1 	0.278324  1  -1475.3  6740
O16 	14895.1 	0.277152  1  904.935  4331
O16 	14895.1 	0.277852  1  -4150.93  9581
O16 	14895.1 	0.204372  1  662.619  4584
O16 	14895.1 	0.41595  1  -1014.67  6214
O16 	14895.1 	0.202971  1  1023.29  4179
O16 	14895.1 	0.357773  1  -3972.56  9288
O16 	14895.1 	0.344996  1  3521.68  1629
O16 	14895.1 	0.770899  1  4440.43  597
O16 	14895.1 	0.197921  1  2080.2  3013
O16 	14895.1 	0.815992  1  -683.508  6074
O16 	14895.1 	0.73692  1  4734.15  301
O16 	14895.1 	0.408387  1  3003.53  2074
O16 	14895.1 	0.286602  1  4694.69  351
O16 	14895.1 	0.775693  1  2605.78  2506
O16 	14895.1 	0.254989  1  -4988.28  10231
O16 	14895.1 	0.19484  1  -1552.22  6873
O16 	14895.1 	0.27186  1  373.407  4876
O16 	14895.1 	0.224941  1  -3263.88  8763
O16 	14895.1 	0.453813  1  -3853.4  9382
O16 	14895.1 	0.33383  1  -941.079  6144
O16 	14895.1 	1.1655  1  3297.11  1763
O16 	14895.1 	1.50856  1  -4987.23  10468
O16 	14895.1 	0.193415  1  -3088.02  8441
O16 	14895.1 	0.214182  1  -2149.22  7434
O16 	14895.1 	0.226787  1  3067.2  2023
O16 	14895.1 	0.2206  1  4680.54  359
O16 	14895.1 	0.285137  1  -4653.23  10078
O16 	14895.1 	0.301545  1  -3685.49  8985
O16 	14895.1 	0.279926  1  3011.23  2097
O16 	14895.1 	0.257582  1  2940.86  2177
O16 	14895.1 	0.21603  1  4040.27  976
O16 	14895.1 	0.397056  1  448.216  4882
O16 	14895.1 	0.308858  1  -3823.8  9272
O16 	14895.1 	0.798757  1  4145.67  897
O16 	14895.1 	0.318249  1  -1455.46  6755
O16 	14895.1 	0.200676  1  4815.11  198
O16 	14895.1 	0.208351  1  4342.74  702
O16 	14895.1 	0.74493  1  -2954.74  8422
O16 	14895.1 	0.348178  1  3326.18  1746
O16 	14895.1 	0.199406  1  2304.94  2831
O16 	14895.1 	1.3727  1  -327.684  5611
O16 	14895.1 	0.206771  1  -1164.93  6418
O16 	14895.1 	0.218352  1  549.02  4613
O16 	14895.1 	0.226126  1  -4918.33  10270
O16 	14895.1 	0.491996  1  2062.36  3012
O16 	14895.1 	1.13967  1  -4674.05  10158
O16 	14895.1 	0.322764  1  -3485.52  8921
O16 	14895.1 	0.666024  1  -2931.12  8298
O16 	14895.1 	0.444318  1  -1895.65  7094
O16 	14895.1 	0.383978  1  2493.32  2649
O16 	14895.1 	0.341441  1  2085.83  3089
O16 	14895.1 	0.249827  1  4761.22  253
O16 	14895.1 	0.487595  1  330.987  4988
O16 	14895.1 	0.659579  1  -2399.49  7813
O16 	14895.1 	1.39936  1  -2688  8141
O16 	14895.1 	0.212845  1  -4070.36  9535
O16 	14895.1 	0.253417  1  -3382.69  8972
O16 	14895.1 	2.79136  1  2289.37  2855
O16 	14895.1 	0.270822  1  -489.505  5703
O16 	14895.1 	0.192339  1  -3317.9  8701
O16 	14895.1 	0.726853  1  4340.37  666
O16 	14895.1 	0.271986  1  988.862  4189
O16 	14895.1 	0.90289  1  -4158.97  9613
O16 	14895.1 	0.292355  1  3519.62  1558
O16 	14895.1 	0.304347  1  4808.02  211
O16 	14895.1 	0.262604  1  4232.27  827
O16 	14895.1 	2.63351  1  2868.62  2210
O16 	14895.1 	0.399599  1  -1881.89  7387
O16 	14895.1 	0.307788  1  -4075.37  9754
O16 	14895.1 	0.246662  1  2972.69  2173
O16 	14895.1 	0.319598  1  2703.23  2470
O16 	14895.1 	0.257326  1  4285.89  719
O16 	14895.1 	0.404974  1  -192.236  5646
O16 	14895.1 	0.23122  1  -361.63  5586
O16 	14895.1 	0.798589  1  -3032.32  8229
O16 	14895.1 	0.539268  1  -2689.88  7860
O16 	14895.1 	0.393497  1  -2880.17  8407
O16 	14895.1 	1.00481  1  -3189.91  8755
O16 	14895.1 	1.12093  1  3507.1  1515
O16 	14895.1 	3.13379  1  183.319  5141
O16 	14895.1 	0.474993  1  4951.27  56
O16 	14895.1 	0.238257  1  2163.85  3049
O16 	14895.1 	0.464583  1  3457.74  1586
O16 	14895.1 	0.274291  1  -158.919  5324
O16 	14895.1 	0.214592  1  -834.259  6068
O16 	14895.1 	0.319296  1  737.003  4317
O16 	14895.1 	0.866035  1  4684.27  346
O16 	14895.1 	0.467844  1  -3647.02  9048
O16 	14895.1 	0.683217  1  4741.96  281
O16 	14895.1 	0.261662  1  -467.359  5813
O16 	14895.1 	0.201135  1  1101.33  4146
O16 	14895.1 	0.22379  1  -4502.83  9825
O16 	14895.1 	0.51626  1  -2077.04  7416
O16 	14895.1 	0.210311  1  3937.15  1079
O16 	14895.1 	0.260143  1  -2911.73  8287
O16 	14895.1 	0.786119  1  4375.43  649
O16 	14895.1 	0.545853  1  387.078  4915
O16 	14895.1 	0.189847  1  -4642.69  9890
O16 	14895.1 	0.489394  1  -3356.1  8842
O16 	14895.1 	0.241464  1  -864.51  6096
O16 	14895.1 	0.218798  1  2335.83  2705
O16 	14895.1 	0.263351  1  -467.833  5820
O16 	14895.1 	0.303215  1  1618.24  3509
O16 	14895.1 	0.737202  1  165.75  5022
O16 	14895.1 	0.345683  1  1887.86  3340
O16 	14895.1 	0.702334  1  4848.65  142
O16 	14895.1 	0.391853  1  -2561.07  7929
O16 	14895.1 	0.216695  1  -114.091  5324
O16 	14895.1 	0.298618  1  3496.71  1619
O16 	14895.1 	0.21815  1  -4769.07  10501
O16 	14895.1 	0.247018  1  -1622.73  7021
O16 	14895.1 	0.307091  1  320.274  4960
O16 	14895.1 	0.324505  1  -4188.01  9471
O16 	14895.1 	0.229509  1  -2942.26  8369
O16 	14895.1 	0.280623  1  3380.56  1725
O16 	14895.1 	0.550434  1  -4934.57  10329
O16 	14895.1 	0.29919  1  -287.138  5454
O16 	14895.1 	0.541714  1  4789.53  234
O16 	14895.1 	0.257891  1  -1050.72  6439
O16 	14895.1 	0.245886  1  2578.75  2532
O16 	14895.1 	0.340356  1  -579.792  5715
O16 	14895.1 	0.274701  1  3294.23  1795
O16 	14895.1 	0.224616  1  2175.88  2920
O16 	14895.1 	0.400444  1  3208.2  1914
O16 	14895.1 	0.21454  1  -2636.74  7963
O16 	14895.1 	0.412748  1  -668.712  5948
O16 	14895.1 	0.320284  1  -1213.31  6503
O16 	14895.1 	0.227102  1  -2656.14  8059
O16 	14895.1 	0.744301  1  1965.35  3114
O16 	14895.1 	1.18155  1  -3253.39  8459
O16 	14895.1 	0.188333  1  -2394.16  7874
O16 	14895.1 	0.188318  1  -1388.83  6725
O16 	14895.1 	0.282794  1  -960.854  6313
O16 	14895.1 	0.542885  1  3444.35  1640
O16 	14895.1 	0.229121  1  2466.4  2678
O16 	14895.1 	0.344837  1  -1640.7  7006
O16 	14895.1 	0.36762  1  1896.11  3152
O16 	14895.1 	0.23819  1  566.905  4535
O16 	14895.1 	0.24157  1  -4682.72  10062
O16 	14895.1 	0.343761  1  26.6571  5106
O16 	14895.1 	0.200172  1  -857.286  6027
O16 	14895.1 	0.267191  1  -4740.36  10154
O16 	14895.1 	0.195059  1  -3095.56  8492
O16 	14895.1 	0.270249  1  2895.9  2222
O16 	14895.1 	0.633897  1  -4394.76  9994
O16 	14895.1 	0.911574  1  -1100.5  6431
O16 	14895.1 	0.285274  1  -1586.65  6860
O16 	14895.1 	0.225693  1  -2802.89  8286
O16 	14895.1 	0.236019  1  -3588.68  9133
O16 	14895.1 	0.197711  1  -3937.84  9429
O16 	14895.1 	3.58917  1  -3961.36  9277
O16 	14895.1 	0.70839  1  3495.84  1549
O16 	14895.1 	0.267298  1  4536.78  489
O16 	14895.1 	0.991532  1  -1732.99  7144
O16 	14895.1 	0.226643  1  -4648.6  10017
O16 	14895.1 	0.381989  1  3956.25  1093
O16 	14895.1 	0.22305  1  -2784.61  8202
O16 	14895.1 	0.200488  1  -4255.34  9726
O16 	14895.1 	0.510366  1  -465.18  5797
O16 	14895.1 	0.543538  1  4384.75  657
O16 	14895.1 	0.297662  1  3436.02  1709
O16 	14895.1 	0.208093  1  2438.15  2678
O16 	14895.1 	0.298621  1  2859.89  2213
O16 	14895.1 	0.205346  1  890.27  4383
O16 	14895.1 	0.555525  1  -3387.07  8665
O16 	14895.1 	0.204661  1  -1682.76  6972
O16 	14895.1 	0.240434  1  2842.94  2308
O16 	14895.1 	0.338439  1  1184.06  3947
O16 	14895.1 	3.3845  1  -4414.76  9929
O16 	14895.1 	0.223929  1  -4758.77  10314
O16 	14895.1 	0.269519  1  4747.11  276
O16 	14895.1 	0.832446  1  2155.72  2983
O16 	14895.1 	0.190015  1  -588.936  5875
O16 	14895.1 	0.660905  1  3803.01  1253
O16 	14895.1 	0.212456  1  -713.419  6001
O16 	14895.1 	0.322051  1  262.007  4953
O16 	14895.1 	0.334908  1  -3757.86  9188
O16 	14895.1 	0.202404  1  3845.14  1218
O16 	14895.1 	0.207099  1  2082.65  3002
O16 	14895.1 	0.415747  1  436.483  4775
O16 	14895.1 	0.3685  1  1692.23  3452
O16 	14895.1 	0.389116  1  -946.01  6125
O16 	14895.1 	0.347511  1  -4777.46  10066
O16 	14895.1 	0.253765  1  -2563.03  7878
O16 	14895.1 	0.475614  1  -1579.07  6967
O16 	14895.1 	0.713864  1  -4241.85  9756
O16 	14895.1 	0.268676  1  -2553.07  7919
O16 	14895.1 	0.198376  1  -89.1309  5214
O16 	14895.1 	0.462746  1  -144.945  5305
O16 	14895.1 	0.225465  1  4063.78  955
O16 	14895.1 	0.22297  1  -912.893  6097
O16 	14895.1 	1.40564  1  -2485.5  7773
O16 	14895.1 	0.200157  1  -2496.06  7977
O16 	14895.1 	1.08426  1  3961.52  1120
O16 	14895.1 	0.27699  1  3774.45  1327
O16 	14895.1 	0.41418  1  3758.65  1332
O16 	14895.1 	0.299603  1  107.901  5156
O16 	14895.1 	0.235308  1  848.428  4387
O16 	14895.1 	0.241241  1  3551.11  1552
O16 	14895.1 	0.303681  1  -2301.92  7677
O16 	14895.1 	0.222743  1  2108.94  3075
O16 	14895.1 	1.17743  1  -592.377  6003
O16 	14895.1 	1.03762  1  -1101.01  6455
O16 	14895.1 	0.426691  1  -4772.94  10148
O16 	14895.1 	1.04251  1  -2988.81  8438
O16 	14895.1 	0.230554  1  4602.2  442
O16 	14895.1 	0.368619  1  -2072.57  7432
O16 	14895.1 	0.291253  1  4459.92  645
O16 	14895.1 	0.238111  1  1516.33  3665
O16 	14895.1 	0.372709  1  4228.63  849
O16 	14895.1 	0.260043  1  -755.271  6088
O16 	14895.1 	0.219546  1  -780.479  6034
O16 	14895.1 	0.257333  1  -3145.5  8649
O16 	14895.1 	0.208792  1  3014.69  2043
O16 	14895.1 	0.315603  1  -1581.18  6833
O16 	14895.1 	0.211671  1  2527.51  2519
O16 	14895.1 	11.3188  1  -2325.51  7696
O16 	14895.1 	0.35804  1  1801.73  3385
O16 	14895.1 	0.56882  1  -433.338  5811
O16 	14895.1 	0.209634  1  4347.6  646
O16 	14895.1 	0.318091  1  -3818.31  9262
O16 	14895.1 	0.191381  1  -2552.35  8002
O16 	14895.1 	0.368195  1  446.238  4752
O16 	14895.1 	0.216833  1  1935.58  3187
O16 	14895.1 	0.700914  1  -2408.01  7789
O16 	14895.1 	0.239307  1  -3575.39  8781
O16 	14895.1 	0.19993  1  2097.89  3062
O16 	14895.1 	0.262676  1  -1453.72  6806
O16 	14895.1 	0.195591  1  1081.12  4132
O16 	14895.1 	0.20377  1  1827.04  3202
O16 	14895.1 	1.24275  1  4143.58  896
O16 	14895.1 	0.251693  1  -3008.19  8295
O16 	14895.1 	0.191087  1  4228.25  791
O16 	14895.1 	0.739287  1  227.237  5021
O16 	14895.1 	0.235214  1  -3105.13  8360
O16 	14895.1 	0.219005  1  1941.59  3219
O16 	14895.1 	0.551155  1  3207.27  1836
O16 	14895.1 	0.415139  1  -739.932  6109
O16 	14895.1 	0.517861  1  -84.7168  5385
O16 	14895.1 	0.210285  1  -924.801  6138
O16 	14895.1 	0.267869  1  680.36  4495
O16 	14895.1 	0.484662  1  -4961.93  10377
O16 	14895.1 	0.241993  1  2607.86  2469
O16 	14895.1 	0.390978  1  -4922.58  10450
O16 	14895.1 	0.588672  1  4891.65  112
O16 	14895.1 	0.544396  1  4243.43  801
O16 	14895.1 	0.346937  1  4987.99  16
O16 	14895.1 	0.387094  1  -4870.55  10369
O16 	14895.1 	0.286606  1  -4654.86  10153
O16 	14895.1 	0.234672  1  1219.27  3968
O16 	14895.1 	0.658989  1  -3317.84  8580
O16 	14895.1 	0.20063  1  -2545.08  7968
O16 	14895.1 	0.342683  1  2167.39  2933
O16 	14895.1 	0.235456  1  353.703  4827
O16 	14895.1 	0.262265  1  -4000.48  9379
O16 	14895.1 	0.723845  1  -1471.73  6719
O16 	14895.1 	0.400737  1  -430.159  5830
O16 	14895.1 	0.276447  1  2011.58  3137
O16 	14895.1 	0.312622  1  3291.2  1863
O16 	14895.1 	0.314487  1  -398.854  5733
O16 	14895.1 	0.232804  1  1136.84  4035
O16 	14895.1 	0.190197  1  632.049  4560
O16 	14895.1 	0.188369  1  -2741.03  8068
O16 	14895.1 	0.200737  1  3024.42  2105
O16 	14895.1 	0.402047  1  3002.31  2155
O16 	14895.1 	0.504563  1  4382.88  680
O16 	14895.1 	0.195034  1  -2948.01  8270
O16 	14895.1 	0.338737  1  31.5128  5254
O16 	14895.1 	2.25602  1  -1874  7182
O16 	14895.1 	0.285628  1  2336.36  2782
O16 	14895.1 	0.210447  1  -2175.96  7574
O16 	14895.1 	0.533381  1  2754.8  2363
O16 	14895.1 	0.237317  1  -61.6017  5349
O16 	14895.1 	0.195718  1  -2213.21  7471
O16 	14895.1 	0.66625  1  -2285.36  7623
O16 	14895.1 	0.573601  1  -1388.81  6658
O16 	14895.1 	0.496592  1  -1021.45  6287
O16 	14895.1 	0.567385  1  -4394.29  9733
O16 	14895.1 	0.238825  1  -758.218  5884
O16 	14895.1 	0.300651  1  2456.85  2729
O16 	14895.1 	0.339455  1  -2150.07  7320
O16 	14895.1 	0.641732  1  -2784.76  8108
O16 	14895.1 	10.9077  1  -3589.25  9059
O16 	14895.1 	0.251288  1  -1393.05  6646
O16 	14895.1 	0.270171  1  2008.72  3229
O16 	14895.1 	0.306484  1  944.049  4249
O16 	14895.1 	0.417515  1  4041.01  960
O16 	14895.1 	0.296678  1  1795.53  3355
O16 	14895.1 	0.358406  1  -1707.72  6908
O16 	14895.1 	0.335819  1  -2932.81  8395
O16 	14895.1 	0.26407  1  -2491.15  7893
O16 	14895.1 	0.252329  1  -1134.93  6403
O16 	14895.1 	0.250104  1  983.543  4198
O16 	14895.1 	0.617714  1  571.511  4682
O16 	14895.1 	0.266328  1  1499.52  3668
O16 	14895.1 	0.332433  1  2887.4  2259
O16 	14895.1 	0.259904  1  191.971  5039
O16 	14895.1 	0.21561  1  2513.98  2573
O16 	14895.1 	3.03305  1  -646.911  5996
O16 	14895.1 	0.829891  1  -3707.66  9173
O16 	14895.1 	0.21201  1  4674.67  334
O16 	14895.1 	0.29196  1  3601.06  1463
O16 	14895.1 	0.557157  1  -559.532  5748
O16 	14895.1 	0.924268  1  4716.18  268
O16 	14895.1 	0.435073  1  -4945.33  10484
O16 	14895.1 	0.38164  1  -4852.68  10276
O16 	14895.1 	0.227688  1  870.931  4280
O16 	14895.1 	0.248188  1  -340.19  5597
O16 	14895.1 	0.2823  1  -300.344  5492
O16 	14895.1 	0.209032  1  -1861.72  7062
O16 	14895.1 	0.274001  1  2725.55  2418
O16 	14895.1 	0.250871  1  1913.01  3207
O16 	14895.1 	0.239382  1  -2612.59  7930
O16 	14895.1 	0.19427  1  -1909.72  7405
O16 	14895.1 	0.299349  1  -2571.65  8114
O16 	14895.1 	0.246036  1  -4069.7  9541
O16 	14895.1 	0.317013  1  1980.45  3149
O16 	14895.1 	2.64091  1  4597.17  415
O16 	14895.1 	0.233777  1  -1563.24  6965
O16 	14895.1 	3.18163  1  3382.17  1719
O16 	14895.1 	0.616804  1  1658.04  3531
O16 	14895.1 	0.210726  1  3257.3  1787
O16 	14895.1 	0.502699  1  -3691.96  8984
O16 	14895.1 	0.266206  1  1185.58  4065
O16 	14895.1 	0.209444  1  696.838  4498
O16 	14895.1 	0.336443  1  -2543.73  8094
O16 	14895.1 	0.207105  1  556.759  4581
O16 	14895.1 	0.587938  1  3987.08  1065
O16 	14895.1 	0.290503  1  -613.267  5897
O16 	14895.1 	0.912062  1  -3161.42  8640
O16 	14895.1 	0.435886  1  -1041.97  6428
O16 	14895.1 	0.33727  1  3473.86  1618
O16 	14895.1 	0.215589  1  1400.63  3773
O16 	14895.1 	0.365178  1  4852.98  151
O16 	14895.1 	0.273739  1  -2157.21  7434
O16 	14895.1 	0.327022  1  -461.76  5927
O16 	14895.1 	0.206798  1  -4941.45  10388
O16 	14895.1 	0.209234  1  2369.29  2694
O16 	14895.1 	2.65663  1  -3721.8  9264
O16 	14895.1 	0.620166  1  2940.07  2179
O16 	14895.1 	0.607785  1  -534.008  5897
O16 	14895.1 	0.315537  1  212.055  5042
O16 	14895.1 	0.530719  1  4165.05  871
O16 	14895.1 	0.200854  1  -842.461  6098
O16 	14895.1 	0.192981  1  3608.73  1486
O16 	14895.1 	0.318289  1  -1375.97  6682
O16 	14895.1 	0.516814  1  2860.43  2137
O16 	14895.1 	0.229674  1  1383.29  3857
O16 	14895.1 	0.189448  1  -3700.54  9128
O16 	14895.1 	0.41458  1  3879.12  1184
O16 	14895.1 	0.394419  1  4104.61  944
O16 	14895.1 	0.826059  1  1138.38  4073
O16 	14895.1 	1.34373  1  2218.99  2968
O16 	14895.1 	0.247105  1  -410.653  5773
O16 	14895.1 	0.199225  1  -4136.96  9572
O16 	14895.1 	0.25558  1  -3285.57  8540
O16 	14895.1 	0.228985  1  -4745.4  10218
O16 	14895.1 	0.19058  1  -422.857  5676
O16 	14895.1 	0.19286  1  -2117.28  7427
O16 	14895.1 	0.256614  1  -2042.22  7265
O16 	14895.1 	0.192611  1  2231.79  2917
O16 	14895.1 	0.3458  1  4682.15  338
O16 	14895.1 	0.721619  1  1730.18  3506
O16 	14895.1 	0.751003  1  55.6679  5263
O16 	14895.1 	0.194984  1  2373.81  2739
O16 	14895.1 	0.363437  1  668.981  4665
O16 	14895.1 	0.322078  1  4662.89  371
O16 	14895.1 	0.319466  1  -2011.72  7440
O16 	14895.1 	0.209125  1  2086.79  2985
O16 	14895.1 	0.611193  1  2416.47  2741
O16 	14895.1 	0.393625  1  4644.63  378
O16 	14895.1 	3.12948  1  4231.18  863
O16 	14895.1 	0.22643  1  -3967.99  9329
O16 	14895.1 	0.225191  1  3362.12  1723
O16 	14895.1 	0.27164  1  4299.82  744
O16 	14895.1 	0.224593  1  1868.38  3235
O16 	14895.1 	0.248908  1  -53.0347  5247
O16 	14895.1 	0.269441  1  -3302.74  8682
O16 	14895.1 	0.217244  1  -4449.23  9987
O16 	14895.1 	1.19695  1  -3331.31  8782
O16 	14895.1 	0.435797  1  -1666.01  7107
O16 	14895.1 	0.596529  1  4851.22  155
O16 	14895.1 	0.868718  1  3149.33  1979
O16 	14895.1 	0.316955  1  -4416.91  9903
O16 	14895.1 	0.19642  1  4612.52  391
O16 	14895.1 	0.257217  1  -1192.62  6403
O16 	14895.1 	0.222987  1  -1181.25  6390
O16 	14895.1 	1.16275  1  4711.51  317
O16 	14895.1 	0.257261  1  2191.84  2966
O16 	14895.1 	3.26184  1  4696.39  318
O16 	14895.1 	0.192509  1  -4144.17  9531
O16 	14895.1 	0.221671  1  953.455  4221
O16 	14895.1 	0.765293  1  -2302.37  7701
O16 	14895.1 	0.205171  1  -230.496  5612
O16 	14895.1 	0.265544  1  -1019.5  6263
O16 	14895.1 	0.748275  1  315.112  5000
O16 	14895.1 	0.198847  1  -1623.24  6807
O16 	14895.1 	0.221489  1  3303.16  1817
O16 	14895.1 	0.645051  1  1638.36  3499
O16 	14895.1 	0.316637  1  3132.13  1961
O16 	14895.1 	0.311001  1  -1980.07  7345
O16 	14895.1 	1.46246  1  -4970.8  10471
O16 	14895.1 	1.01863  1  3003.94  2113
O16 	14895.1 	0.385822  1  -4773.16  10152
O16 	14895.1 	0.29257  1  3417.55  1633
O16 	14895.1 	1.12499  1  -1061.07  6366
O16 	14895.1 	0.241982  1  -4481.6  9900
O16 	14895.1 	0.195886  1  -1259.72  6533
O16 	14895.1 	0.3058  1  4503.22  552
O16 	14895.1 	0.197469  1  4456.2  571
O16 	14895.1 	0.194694  1  3576.2  1512
O16 	14895.1 	0.214865  1  -747.655  6022
O16 	14895.1 	0.356077  1  -812.833  6095
O16 	14895.1 	0.546535  1  1874.98  3319
O16 	14895.1 	0.258412  1  4812.85  197
O16 	14895.1 	1.78043  1  250.279  5017
O16 	14895.1 	0.203503  1  -1192.96  6393
O16 	14895.1 	0.921599  1  2458.23  2645
O16 	14895.1 	0.985327  1  -3105.19  8568
O16 	14895.1 	0.194136  1  -3272.43  8613
O16 	14895.1 	0.23363  1  -3579.54  8845
O16 	14895.1 	0.324774  1  2226.17  2874
O16 	14895.1 	0.353244  1  -4437.67  10107
O16 	14895.1 	0.250446  1  -4172  9652
O16 	14895.1 	0.261652  1  -4630.68  10111
O16 	14895.1 	0.440529  1  4797.62  224
O16 	14895.1 	0.337643  1  3927.64  1148
O16 	14895.1 	0.408698  1  1379.64  3775
O16 	14895.1 	0.274352  1  -2446.46  7878
O16 	14895.1 	0.19117  1  3008.65  2049
O16 	14895.1 	0.468635  1  848.343  4353
O16 	14895.1 	0.197852  1  -4795.67  10340
O16 	14895.1 	0.319537  1  -4882.67  10336
O16 	14895.1 	0.189454  1  -4769.34  10480
O16 	14895.1 	0.234823  1  761.721  4457
O16 	14895.1 	0.198528  1  3348.68  1741
O16 	14895.1 	0.301621  1  -7.22379  5214
O16 	14895.1 	0.273758  1  1996.73  3086
O16 	14895.1 	0.422452  1  -1427.49  6900
O16 	14895.1 	0.549758  1  4600.38  429
O16 	14895.1 	0.387167  1  -1151.81  6573
O16 	14895.1 	0.747078  1  -1294.91  6677
O16 	14895.1 	0.432056  1  3463.98  1652
O16 	14895.1 	0.189399  1  -4089.5  9490
O16 	14895.1 	0.310282  1  -4633.63  10083
O16 	14895.1 	0.83301  1  -4858.81  10166
O16 	14895.1 	0.948788  1  1580.08  3638
O16 	14895.1 	0.931901  1  481.771  4831
O16 	14895.1 	0.219253  1  -2641.45  7963
O16 	14895.1 	0.212002  1  -4269.38  9972
O16 	14895.1 	0.299625  1  -3900.51  9204
O16 	14895.1 	0.530607  1  -444.287  5660
O16 	14895.1 	0.454915  1  1068.22  4156
O16 	14895.1 	0.335252  1  696.781  4537
O16 	14895.1 	0.240353  1  1628.67  3553
O16 	14895.1 	0.198695  1  1930.85  3088
O16 	14895.1 	0.198846  1  660.243  4550
O16 	14895.1 	0.297198  1  -2768.15  8189
O16 	14895.1 	0.666572  1  3543.81  1531
O16 	14895.1 	1.05345  1  -1773.73  7131
O16 	14895.1 	0.312708  1  -4803.3  10265
O16 	14895.1 	0.252892  1  -2462.2  7928
O16 	14895.1 	0.21426  1  -3725.38  9226
O16 	14895.1 	0.342782  1  -3820.22  9333
O16 	14895.1 	0.463339  1  4443.19  585
O16 	14895.1 	0.995986  1  -2051.45  7425
O16 	14895.1 	0.620698  1  1750.61  3454
O16 	14895.1 	0.731408  1  1210.12  3841
O16 	14895.1 	0.194898  1  3987.44  1055
O16 	14895.1 	0.662404  1  1781.8  3336
O16 	14895.1 	0.348521  1  -1162.84  6190
O16 	14895.1 	2.62198  1  -1840.31  7211
O16 	14895.1 	0.466452  1  828.518  4444
O16 	14895.1 	0.212099  1  2119.54  2997
O16 	14895.1 	0.195052  1  2716.58  2402
O16 	14895.1 	1.12032  1  3118.04  1980
O16 	14895.1 	0.353588  1  -1600.01  6993
O16 	14895.1 	1.1133  1  -946.157  6126
O16 	14895.1 	0.286886  1  -2834.18  8320
O16 	14895.1 	0.251687  1  -296.245  5401
O16 	14895.1 	3.24217  1  30.1354  5142
O16 	14895.1 	0.59783  1  2680.52  2413
O16 	14895.1 	0.301213  1  1010.44  4173
O16 	14895.1 	0.277789  1  -1995.16  7413
O16 	14895.1 	0.225487  1  2110.58  3026
O16 	14895.1 	0.607613  1  -2462.88  7902
O16 	14895.1 	0.528473  1  2757.95  2318
O16 	14895.1 	0.330537  1  1109.98  4090
O16 	14895.1 	0.716613  1  -2966.39  8280
O16 	14895.1 	0.37583  1  -2503.8  7789
O16 	14895.1 	0.515945  1  -151.939  5429
O16 	14895.1 	0.373499  1  -1879.81  7196
O16 	14895.1 	0.473772  1  -515.139  5870
O16 	14895.1 	0.480155  1  -2968.82  8383
O16 	14895.1 	0.410314  1  954.739  4190
O16 	14895.1 	4.68667  1  560.133  4656
O16 	14895.1 	0.245181  1  -2065.06  7437
O16 	14895.1 	2.58377  1  3437.44  1668
O16 	14895.1 	0.203363  1  4520.42  509
O16 	14895.1 	0.879857  1  4537.78  494
O16 	14895.1 	0.203794  1  683.752  4547
O16 	14895.1 	0.25823  1  -2523.09  7823
O16 	14895.1 	0.60335  1  -4186.88  9784
O16 	14895.1 	0.243758  1  234.3  4991
O16 	14895.1 	0.310936  1  4869.12  134
O16 	14895.1 	0.42291  1  -4797.17  10203
O16 	14895.1 	0.242701  1  1517.85  3764
O16 	14895.1 	0.191597  1  -1829.19  7211
O16 	14895.1 	0.301486  1  4745.02  274
O16 	14895.1 	0.236644  1  -3774.08  9220
O16 	14895.1 	0.388629  1  489.214  4886
O16 	14895.1 	0.296076  1  -808.282  6288
O16 	14895.1 	0.493024  1  -149.267  5380
O16 	14895.1 	0.770776  1  4551.95  498
O16 	14895.1 	0.198517  1  -2970.22  8275
O16 	14895.1 	0.203354  1  910.543  4327
O16 	14895.1 	0.213684  1  1309.63  3843
O16 	14895.1 	1.57765  1  -4275.13  9730
O16 	14895.1 	0.23931  1  -328.533  5493
O16 	14895.1 	1.56922  1  -17.344  5285
O16 	14895.1 	0.325835  1  -4974.12  10513
O16 	14895.1 	0.370661  1  -1786.4  7201
O16 	14895.1 	0.242165  1  -2870.57  8277
O16 	14895.1 	0.381505  1  -3343.69  8865
O16 	14895.1 	3.61733  1  3856.54  1293
O16 	14895.1 	0.223776  1  711.657  4529
O16 	14895.1 	0.200928  1  3533.92  1578
O16 	14895.1 	0.236062  1  -1015.53  6368
O16 	14895.1 	0.394741  1  2199.19  2889
O16 	14895.1 	0.265297  1  2836.58  2221
O16 	14895.1 	0.863727  1  -2492.59  7988
O16 	14895.1 	0.284001  1  -4204.64  9501
O16 	14895.1 	0.706963  1  -4674.59  10251
O16 	14895.1 	0.212091  1  1806.17  3425
O16 	14895.1 	0.20106  1  -4986.81  10431
O16 	14895.1 	0.500625  1  3607.36  1436
O16 	14895.1 	0.225656  1  215.64  5051
O16 	14895.1 	1.52325  1  -4855.32  10406
O16 	14895.1 	2.99244  1  1636.22  3496
O16 	14895.1 	1.04675  1  -2956.39  8277
O16 	14895.1 	0.338652  1  -2401.98  7661
O16 	14895.1 	0.221287  1  -3787.88  9101
O16 	14895.1 	0.313949  1  -4627.16  10131
O16 	14895.1 	0.411048  1  3507.65  1546
O16 	14895.1 	0.252466  1  4304.28  737
O16 	14895.1 	0.773095  1  4676.25  322
O16 	14895.1 	1.64417  1  3845.3  1179
O16 	14895.1 	0.753772  1  -4981.57  10417
O16 	14895.1 	0.204357  1  -1239.18  6368
O16 	14895.1 	0.321822  1  3613.41  1483
O16 	14895.1 	0.318605  1  -301.475  5514
O16 	14895.1 	0.599524  1  2496.3  2635
O16 	14895.1 	0.44728  1  -4746.17  10143
O16 	14895.1 	0.261399  1  3616.77  1401
O16 	14895.1 	0.479148  1  2377.45  2824
O16 	14895.1 	0.421168  1  -1043.8  6342
O16 	14895.1 	0.205716  1  1904.6  3336
O16 	14895.1 	0.262733  1  2275.84  2858
O16 	14895.1 	0.237202  1  -924.603  6273
O16 	14895.1 	0.38175  1  -3431.79  8944
O16 	14895.1 	0.352131  1  1093.53  4034
O16 	14895.1 	0.493923  1  -462.558  5643
O16 	14895.1 	0.294077  1  598.278  4625
O16 	14895.1 	0.261541  1  3669.33  1349
O16 	14895.1 	2.17744  1  3534.92  1530
O16 	14895.1 	0.246489  1  -1165.33  6389
O16 	14895.1 	2.04092  1  -3430.37  8787
O16 	14895.1 	0.276654  1  -36.9684  5288
O16 	14895.1 	0.253058  1  -1007.9  6280
O16 	14895.1 	0.351673  1  -4115.05  9664
O16 	14895.1 	0.280895  1  2812.91  2316
O16 	14895.1 	0.991276  1  2794.29  2287
O16 	14895.1 	0.19098  1  -854.703  6069
O16 	14895.1 	0.754248  1  -232.721  5482
O16 	14895.1 	0.620098  1  -2825.7  8240
O16 	14895.1 	0.230085  1  643.377  4480
O16 	14895.1 	0.392473  1  4697.41  318
O16 	14895.1 	0.513244  1  4838.68  196
O16 	14895.1 	0.243668  1  -3711.57  9186
O16 	14895.1 	0.238664  1  -2111.54  7473
O16 	14895.1 	0.207192  1  -3430.43  8859
O16 	14895.1 	0.240002  1  -929.125  6150
O16 	14895.1 	0.215377  1  1108.46  4066
O16 	14895.1 	0.548946  1  -2168.5  7575
O16 	14895.1 	0.396155  1  1431.89  3729
O16 	14895.1 	0.286436  1  -1061.13  6340
O16 	14895.1 	0.237317  1  -2757.39  8024
O16 	14895.1 	0.748637  1  -702.639  5955
O16 	14895.1 	0.686548  1  2717.64  2378
O16 	14895.1 	0.900882  1  -1478.35  6749
O16 	14895.1 	0.20174  1  3977.82  1098
O16 	14895.1 	0.601577  1  -1281.35  6564
O16 	14895.1 	0.422609  1  -621.37  5797
O16 	14895.1 	0.26963  1  4284.56  720
O16 	14895.1 	0.213473  1  1632.72  3492
O16 	14895.1 	0.525423  1  3393.78  1619
O16 	14895.1 	0.239409  1  -1671.64  7034
O16 	14895.1 	0.200578  1  1787.67  3443
O16 	14895.1 	0.422809  1  -3216.44  8513
O16 	14895.1 	0.262732  1  -4597.22  10002
O16 	14895.1 	0.274231  1  3443.48  1669
O16 	14895.1 	0.517844  1  -2467.89  7823
O16 	14895.1 	7.30559  1  3896.86  1096
O16 	14895.1 	0.328265  1  3621.92  1405
O16 	14895.1 	0.237201  1  -686.118  5927
O16 	14895.1 	0.189028  1  1867.97  3268
O16 	14895.1 	0.638385  1  2996.83  2143
O16 	14895.1 	0.196466  1  3695.33  1342
O16 	14895.1 	0.238582  1  -3557.7  9029
O16 	14895.1 	0.410864  1  -4455.49  9999
O16 	14895.1 	0.296372  1  -3170.94  8515
O16 	14895.1 	0.219043  1  -457.706  5660
O16 	14895.1 	0.219028  1  4892.05  133
O16 	14895.1 	0.212491  1  -2571.54  7868
O16 	14895.1 	0.224868  1  -342.729  5788
O16 	14895.1 	0.257798  1  276.812  4879
O16 	14895.1 	0.800165  1  1895.04  3219
O16 	14895.1 	0.209216  1  517.022  4602
O16 	14895.1 	0.189053  1  4903.3  116
O16 	14895.1 	0.28718  1  -1074.32  6351
O16 	14895.1 	0.193179  1  4400.94  616
O16 	14895.1 	10.8832  1  -2402.21  7798
O16 	14895.1 	0.266604  1  -3257.37  8660
O16 	14895.1 	0.360281  1  -2637.88  8022
O16 	14895.1 	0.202454  1  4412.99  607
O16 	14895.1 	0.387851  1  1849.03  3351
O16 	14895.1 	0.197331  1  572.472  4617
O16 	14895.1 	0.214131  1  -2944.37  8439
O16 	14895.1 	0.521642  1  3671.46  1341
O16 	14895.1 	0.716248  1  -2133.5  7532
O16 	14895.1 	0.634016  1  -844.323  6068
O16 	14895.1 	1.98406  1  4168.84  877
O16 	14895.1 	0.581808  1  -4697.97  9980
O16 	14895.1 	0.323894  1  -3993.37  9512
O16 	14895.1 	0.195203  1  -1924.94  7176
O16 	14895.1 	0.211095  1  4499.43  546
O16 	14895.1 	0.192274  1  -3085.63  8422
O16 	14895.1 	0.940577  1  3283.07  1837
O16 	14895.1 	0.600328  1  4270.05  725
O16 	14895.1 	0.317846  1  -4692.28  10107
O16 	14895.1 	0.411016  1  -4860.63  10442
O16 	14895.1 	0.495007  1  -1287.52  6713
O16 	14895.1 	0.217364  1  -306.932  5689
O16 	14895.1 	0.218372  1  2243.75  2933
O16 	14895.1 	0.243122  1  2851.06  2306
O16 	14895.1 	0.231626  1  -4965.97  10581
O16 	14895.1 	0.440932  1  4632.77  379
O16 	14895.1 	0.247899  1  2675.13  2377
O16 	14895.1 	0.208256  1  -2740.99  8110
O16 	14895.1 	0.522258  1  4561.87  469
O16 	14895.1 	0.204532  1  1719.9  3480
O16 	14895.1 	0.957289  1  1133.25  4161
O16 	14895.1 	0.213347  1  3479.87  1613
O16 	14895.1 	0.297652  1  565.681  4601
O16 	14895.1 	3.08893  1  1422.08  3733
O16 	14895.1 	0.251121  1  -3894.65  9404
O16 	14895.1 	0.506524  1  -4822.09  10306
O16 	14895.1 	0.418744  1  -478.873  5771
O16 	14895.1 	0.440293  1  -2594.7  8082
O16 	14895.1 	0.234951  1  1464.91  3719
O16 	14895.1 	0.268495  1  152.508  5028
O16 	14895.1 	0.387962  1  2120.48  3071
O16 	14895.1 	0.288087  1  2411.04  2683
O16 	14895.1 	1.39771  1  -1141.4  6443
O16 	14895.1 	0.189429  1  669.914  4497
O16 	14895.1 	0.280508  1  -4811.06  10170
O16 	14895.1 	0.328276  1  -4042.59  9378
O16 	14895.1 	0.417199  1  -3976.65  9413
O16 	14895.1 	0.961969  1  75.0732  5216
O16 	14895.1 	0.413613  1  -2055.69  7514
O16 	14895.1 	0.223435  1  -2458.05  7896
O16 	14895.1 	0.202334  1  1490.83  3655
O16 	14895.1 	0.340197  1  1144.23  3969
O16 	14895.1 	0.191176  1  -4472.47  9961
O16 	14895.1 	0.19656  1  -162.309  5410
O16 	14895.1 	0.572814  1  -691.786  5973
O16 	14895.1 	0.234617  1  3553.05  1489
O16 	14895.1 	0.202999  1  2408.54  2800
O16 	14895.1 	0.19164  1  2590.17  2544
O16 	14895.1 	0.458578  1  2405.71  2726
O16 	14895.1 	0.298463  1  -268.368  5397
O16 	14895.1 	0.327939  1  -680.451  6014
O16 	14895.1 	0.217421  1  4738.6  307
O16 	14895.1 	0.248021  1  2972.4  2127
O16 	14895.1 	0.642631  1  1366.3  3816
O16 	14895.1 	0.214235  1  879.683  4261
O16 	14895.1 	0.586284  1  3593.83  1453
O16 	14895.1 	0.262247  1  3555.23  1535
O16 	14895.1 	0.299213  1  -1589.52  6957
O16 	14895.1 	0.24221  1  -4947.8  10289
O16 	14895.1 	0.258166  1  -1291.71  6538
O16 	14895.1 	0.56661  1  2797.42  2308
O16 	14895.1 	0.280464  1  568.289  4681
O16 	14895.1 	0.352066  1  755.694  4495
O16 	14895.1 	0.244352  1  909.022  4318
O16 	14895.1 	0.880098  1  -1279.73  6759
O16 	14895.1 	0.236752  1  -206.194  5480
O16 	14895.1 	0.296208  1  3417.5  1735
O16 	14895.1 	0.312172  1  -3764.83  9205
O16 	14895.1 	0.191254  1  4713.45  297
O16 	14895.1 	0.280687  1  3666.44  1365
O16 	14895.1 	0.271632  1  2917.74  2167
O16 	14895.1 	0.662348  1  -4597.44  10057
O16 	14895.1 	0.192496  1  3573.89  1469
O16 	14895.1 	0.256585  1  3759.28  1359
O16 	14895.1 	0.351427  1  -4706.3  10116
O16 	14895.1 	0.326583  1  -1196.96  6429
O16 	14895.1 	0.205554  1  4904.96  111
O16 	14895.1 	0.751479  1  579.674  4665
O16 	14895.1 	0.27689  1  1114.19  4139
O16 	14895.1 	1.45116  1  -736.135  6044
O16 	14895.1 	0.64244  1  4707.39  291
O16 	14895.1 	2.46274  1  3701.99  1362
O16 	14895.1 	0.450933  1  1242.74  3858
O16 	14895.1 	0.241411  1  711.514  4427
O16 	14895.1 	0.234797  1  -1841.42  7300
O16 	14895.1 	0.295353  1  -4112.88  9668
O16 	14895.1 	0.213584  1  -3951.88  9404
O16 	14895.1 	0.519689  1  2198.04  3042
O16 	14895.1 	0.228841  1  -238.567  5408
O16 	14895.1 	0.214346  1  1881.03  3164
O16 	14895.1 	0.266666  1  -324.754  5683
O16 	14895.1 	0.230388  1  -1587.42  6851
O16 	14895.1 	0.312201  1  1830.82  3398
O16 	14895.1 	0.191637  1  -3988.61  9341
O16 	14895.1 	0.564254  1  -4683.4  10115
O16 	14895.1 	0.805793  1  3889.23  1143
O16 	14895.1 	0.2713  1  -3296.96  8716
O16 	14895.1 	0.635966  1  4255.07  822
O16 	14895.1 	0.507008  1  3784.77  1311
O16 	14895.1 	0.209981  1  2687.83  2499
O16 	14895.1 	0.23789  1  1591.15  3563
O16 	14895.1 	1.1393  1  -2931.3  8371
O16 	14895.1 	0.254286  1  2771.8  2338
O16 	14895.1 	0.194288  1  2679.51  2553
O16 	14895.1 	0.19627  1  3620.22  1380
O16 	14895.1 	0.216745  1  -988.557  6353
O16 	14895.1 	0.27395  1  2457.39  2676
O16 	14895.1 	0.474984  1  -2102.87  7398
O16 	14895.1 	2.07193  1  1131.34  4076
O16 	14895.1 	0.496292  1  2144.84  2984
O16 	14895.1 	0.200353  1  3743.03  1321
O16 	14895.1 	0.947025  1  146.334  5158
O16 	14895.1 	0.197134  1  -1152.04  6621
O16 	14895.1 	0.284039  1  -1545.17  6963
O16 	14895.1 	0.223389  1  -2166.15  7617
O16 	14895.1 	0.295813  1  1594.64  3608
O16 	14895.1 	0.373715  1  3796.58  1286
O16 	14895.1 	0.188952  1  -615.887  5963
O16 	14895.1 	0.588834  1  -2810.83  8278
O16 	14895.1 	0.463965  1  2261.04  2930
O16 	14895.1 	0.792858  1  2384.29  2703
O16 	14895.1 	1.15898  1  1015.76  4208
O16 	14895.1 	0.309088  1  2065.59  3063
O16 	14895.1 	0.322917  1  -2052.55  7533
O16 	14895.1 	0.243328  1  -1276.88  6486
O16 	14895.1 	0.192086  1  4463.51  566
O16 	14895.1 	0.319759  1  1836.35  3332
O16 	14895.1 	0.308508  1  -142.192  5467
O16 	14895.1 	0.212332  1  -1238.23  6633
O16 	14895.1 	0.233893  1  -4352.55  9746
O16 	14895.1 	0.441785  1  -765.723  6117
O16 	14895.1 	0.302643  1  -4547.19  10065
O16 	14895.1 	0.198624  1  -735.772  6028
O16 	14895.1 	0.44507  1  3152.93  1926
O16 	14895.1 	0.215588  1  443.246  4805
O16 	14895.1 	0.20361  1  2053.23  3024
O16 	14895.1 	0.249086  1  793.761  4498
O16 	14895.1 	1.1506  1  841.138  4342
O16 	14895.1 	0.371339  1  3191.32  1892
O16 	14895.1 	0.42562  1  -435.7  5701
O16 	14895.1 	0.333198  1  -4130.66  9548
O16 	14895.1 	0.195547  1  4665.32  325
O16 	14895.1 	0.488292  1  3516.93  1570
O16 	14895.1 	0.193883  1  3059.62  1926
O16 	14895.1 	0.339345  1  -4869.23  10238
O16 	14895.1 	0.224324  1  1103.41  4037
O16 	14895.1 	0.505915  1  -4357.51  9831
O16 	14895.1 	0.346453  1  4309.84  759
O16 	14895.1 	0.700932  1  -1316.05  6701
O16 	14895.1 	0.189525  1  2680.53  2448
O16 	14895.1 	0.351938  1  -4560.76  9956
O16 	14895.1 	0.230613  1  2326.02  2802
O16 	14895.1 	0.290968  1  4785.61  222
O16 	14895.1 	0.245224  1  424.082  4903
O16 	14895.1 	0.597905  1  3252.72  1844
O16 	14895.1 	0.214841  1  -1009.77  6419
O16 	14895.1 	0.506084  1  -3242.1  8751
O16 	14895.1 	1.52698  1  -1949.58  7287
O16 	14895.1 	0.226051  1  4646.47  381
O16 	14895.1 	0.249061  1  1545.31  3718
O16 	14895.1 	1.73477  1  4190.57  899
O16 	14895.1 	0.328575  1  284.514  4914
O16 	14895.1 	0.394764  1  91.7764  5156
O16 	14895.1 	0.189187  1  4003.9  1118
O16 	14895.1 	0.252835  1  -947.735  6365
O16 	14895.1 	0.555505  1  3854.31  1209
O16 	14895.1 	0.242753  1  -3204.31  8596
O16 	14895.1 	0.390131  1  -1754.79  7020
O16 	14895.1 	0.211424  1  2605.78  2486
O16 	14895.1 	3.60776  1  4905.36  135
O16 	14895.1 	0.19496  1  -631.941  5896
O16 	14895.1 	0.822244  1  3772.9  1291
O16 	14895.1 	0.540374  1  -1332.01  6616
O16 	14895.1 	1.20825  1  4917.81  101
O16 	14895.1 	0.217598  1  -1837.66  7078
O16 	14895.1 	0.666447  1  4037  1029
O16 	14895.1 	0.2742  1  2990.46  2162
O16 	14895.1 	0.302444  1  3420.93  1663
O16 	14895.1 	0.253846  1  -351.107  5674
O16 	14895.1 	0.310941  1  -1195.02  6569
O16 	14895.1 	0.228295  1  -688.667  5936
O16 	14895.1 	1.00924  1  -4466.26  9849
O16 	14895.1 	0.35998  1  2720.85  2352
O16 	14895.1 	0.473522  1  2678.36  2427
O16 	14895.1 	0.540179  1  -4725.9  10159
O16 	14895.1 	0.350828  1  -4724.84  10263
O16 	14895.1 	0.313004  1  -3726.29  9309
O16 	14895.1 	0.494683  1  1828.02  3307
O16 	14895.1 	0.378201  1  -2636.21  8032
O16 	14895.1 	0.192819  1  3448.15  1632
O16 	14895.1 	0.222685  1  864.581  4446
O16 	14895.1 	0.56861  1  3820.33  1261
O16 	14895.1 	0.206409  1  1285.64  3872
O16 	14895.1 	0.197195  1  -4696.32  10161
O16 	14895.1 	0.433956  1  439.054  4788
O16 	14895.1 	0.249563  1  4291.25  750
O16 	14895.1 	0.205389  1  -4129.4  9568
O16 	14895.1 	2.43553  1  -4061.23  9462
O16 	14895.1 	0.330751  1  -2076.1  7409
O16 	14895.1 	0.1934  1  -4736.31  10189
O16 	14895.1 	0.312131  1  833.454  4374
O16 	14895.1 	0.235771  1  -165.954  5433
O16 	14895.1 	0.292084  1  -2439.14  7731
O16 	14895.1 	0.386815  1  -1858.69  7055
O16 	14895.1 	0.285531  1  -2484.54  7796
O16 	14895.1 	0.199119  1  -3920.34  9312
O16 	14895.1 	0.525285  1  3399.99  1782
O16 	14895.1 	0.21953  1  1220.99  3889
O16 	14895.1 	0.546481  1  4281.35  727
O16 	14895.1 	0.234479  1  -1583.19  7001
O16 	14895.1 	1.08361  1  -2502.29  7980
O16 	14895.1 	0.336789  1  663.368  4683
O16 	14895.1 	0.487342  1  2633.48  2480
O16 	14895.1 	0.284746  1  1693.58  3480
O16 	14895.1 	0.218528  1  919.325  4227
O16 	14895.1 	0.262733  1  1462.09  3728
O16 	14895.1 	0.355377  1  -3675.55  9213
O16 	14895.1 	0.19001  1  4870.22  126
O16 	14895.1 	0.376666  1  836.019  4434
O16 	14895.1 	0.287102  1  -4308.73  9680
O16 	14895.1 	0.813065  1  -1525.65  6789
O16 	14895.1 	0.821885  1  1213.56  3892
O16 	14895.1 	0.237375  1  2442.46  2702
O16 	14895.1 	0.20417  1  -1012.14  6142
O16 	14895.1 	0.862204  1  -1548.25  6701
O16 	14895.1 	0.252668  1  -2295.81  7741
O16 	14895.1 	0.215009  1  -1912.91  7324
O16 	14895.1 	0.217429  1  3664.15  1414
O16 	14895.1 	0.639683  1  3515.41  1622
O16 	14895.1 	0.189312  1  -3056.07  8399
O16 	14895.1 	0.261719  1  1365.35  3856
O16 	14895.1 	0.31481  1  2691.64  2427
O16 	14895.1 	0.814564  1  3470  1609
O16 	14895.1 	0.213621  1  2554.88  2624
O16 	14895.1 	0.295531  1  1047.84  4254
O16 	14895.1 	0.594636  1  -3813.7  9150
O16 	14895.1 	0.260324  1  -1391.13  6737
O16 	14895.1 	0.209052  1  -4116.53  9670
O16 	14895.1 	0.306765  1  4539.15  466
O16 	14895.1 	0.422591  1  3347.78  1765
O16 	14895.1 	4.3881  1  -939.935  6368
O16 	14895.1 	0.909063  1  -4101.47  9628
O16 	14895.1 	0.303197  1  3503.28  1605
O16 	14895.1 	0.397575  1  4800.15  203
O16 	14895.1 	0.260007  1  -702.603  6025
O16 	14895.1 	0.200254  1  -4961.62  10733
O16 	14895.1 	0.35662  1  3869.87  1101
O16 	14895.1 	0.272928  1  753.614  4451
O16 	14895.1 	0.228851  1  571.843  4601
O16 	14895.1 	2.99253  1  -3349.43  8817
O16 	14895.1 	0.369995  1  -2014.42  7450
O16 	14895.1 	0.682547  1  -4604.8  10155
O16 	14895.1 	5.66658  1  -2991.17  8333
O16 	14895.1 	0.235328  1  4449.99  589
O16 	14895.1 	0.852604  1  613.298  4471
O16 	14895.1 	0.612055  1  1894.83  3264
O16 	14895.1 	0.32387  1  -2638.77  8164
O16 	14895.1 	0.901022  1  -1022.28  6359
O16 	14895.1 	0.249209  1  -1748.71  7027
O16 	14895.1 	0.254002  1  -3438.95  8861
O16 	14895.1 	0.276188  1  -3335.43  8784
O16 	14895.1 	0.201776  1  2241.41  2843
O16 	14895.1 	0.203469  1  -4865.59  10515
O16 	14895.1 	0.295754  1  733.892  4579
O16 	14895.1 	0.271272  1  -3795.81  9100
O16 	14895.1 	0.718403  1  -4354.76  9708
O16 	14895.1 	0.283275  1  437.427  4854
O16 	14895.1 	0.96285  1  -2064.84  7516
O16 	14895.1 	0.666496  1  -4618.63  10202
O16 	14895.1 	0.267192  1  646.751  4558
O16 	14895.1 	4.01503  1  -3245.43  8622
O16 	14895.1 	0.849898  1  1388.74  3850
O16 	14895.1 	0.193046  1  -1706.19  6993
O16 	14895.1 	0.250601  1  1673.72  3447
O16 	14895.1 	0.194479  1  -1120.8  6502
O16 	14895.1 	0.237094  1  2532.9  2613
O16 	14895.1 	0.371426  1  -1049.47  6326
O16 	14895.1 	0.190406  1  1924.59  3173
O16 	14895.1 	0.31613  1  -4192.49  9670
O16 	14895.1 	1.74221  1  -2108.71  7442
O16 	14895.1 	0.393854  1  -4970.86  10362
O16 	14895.1 	0.374756  1  -2679.93  7874
O16 	14895.1 	0.202669  1  -1159.32  6490
O16 	14895.1 	0.376734  1  -1246.65  6512
O16 	14895.1 	0.2773  1  -152.619  5441
O16 	14895.1 	0.31731  1  3691.37  1409
O16 	14895.1 	2.24164  1  -727.349  6005
O16 	14895.1 	0.828291  1  -3373.04  8595
O16 	14895.1 	0.213931  1  -169.197  5484
O16 	14895.1 	0.222349  1  3746.12  1322
O16 	14895.1 	0.293486  1  -4134.75  9734
O16 	14895.1 	0.486708  1  3618.41  1500
O16 	14895.1 	0.343292  1  -3141.02  8437
O16 	14895.1 	0.227911  1  4042.3  1004
O16 	14895.1 	0.193488  1  -2397.38  7599
O16 	14895.1 	1.17841  1  2904.41  2203
O16 	14895.1 	0.45244  1  4504.61  536
O16 	14895.1 	2.08312  1  806.894  4559
O16 	14895.1 	0.309494  1  -1717.09  7148
O16 	14895.1 	0.188631  1  3403.25  1698
O16 	14895.1 	0.227979  1  -3429.01  8975
O16 	14895.1 	0.263179  1  4223.19  822
O16 	14895.1 	0.670295  1  -2951.52  8297
O16 	14895.1 	0.218885  1  4830.98  172
O16 	14895.1 	3.51452  1  -519.565  5805
O16 	14895.1 	0.276848  1  1904.78  3286
O16 	14895.1 	2.67168  1  2837  2371
O16 	14895.1 	0.330003  1  405.413  4805
O16 	14895.1 	0.328953  1  2008.34  3095
O16 	14895.1 	0.544366  1  785.364  4440
O16 	14895.1 	0.213673  1  -3987.17  9512
O16 	14895.1 	0.254565  1  -1918.35  7234
O16 	14895.1 	0.302057  1  -4685.19  10194
O16 	14895.1 	0.523157  1  -3273.05  8850
O16 	14895.1 	0.197995  1  -2653.4  8083
O16 	14895.1 	1.89846  1  -1555.37  7032
O16 	14895.1 	0.853565  1  -2465.7  7725
O16 	14895.1 	0.399906  1  -2097.96  7432
O16 	14895.1 	0.303068  1  3524.61  1587
O16 	14895.1 	0.717684  1  3182.53  1853
O16 	14895.1 	0.374562  1  -4873.59  10166
O16 	14895.1 	0.727331  1  -1695.87  7004
O16 	14895.1 	0.260318  1  -1710.58  7067
O16 	14895.1 	0.393208  1  -1037.77  6231
O16 	14895.1 	0.32777  1  2590.59  2443
O16 	14895.1 	0.330704  1  4211.23  849
O16 	14895.1 	0.197736  1  1420.5  3644
O16 	14895.1 	0.555501  1  -1569.41  6843
O16 	14895.1 	0.230413  1  -347.512  5675
O16 	14895.1 	0.35283  1  3947.19  1072
O16 	14895.1 	0.195992  1  -2465.73  8037
O16 	14895.1 	0.269957  1  -2928.89  8519
O16 	14895.1 	0.509065  1  -3665.68  9109
O16 	14895.1 	0.226501  1  651.528  4607
O16 	14895.1 	0.671881  1  -2195.87  7732
O16 	14895.1 	0.365749  1  4513.05  519
O16 	14895.1 	0.193317  1  -4396.15  9891
O16 	14895.1 	0.205019  1  1879.64  3395
O16 	14895.1 	0.216462  1  4895.54  116
O16 	14895.1 	0.22559  1  289.621  5002
O16 	14895.1 	0.270568  1  -4734.93  10282
O16 	14895.1 	0.251109  1  109.845  5144
O16 	14895.1 	1.63243  1  -3239.66  8668
O16 	14895.1 	0.193405  1  -2541.97  7854
O16 	14895.1 	0.665876  1  4290.31  760
O16 	14895.1 	0.246236  1  -3459.08  8824
O16 	14895.1 	0.45136  1  -3464.47  8828
O16 	14895.1 	0.751421  1  -1505.46  6930
O16 	14895.1 	0.277475  1  1968.52  3138
O16 	14895.1 	0.751159  1  3730.34  1388
O16 	14895.1 	0.678995  1  -122.629  5425
O16 	14895.1 	0.234798  1  -3609.34  9110
O16 	14895.1 	0.208721  1  -1856.07  7199
O16 	14895.1 	0.289898  1  2121.29  3060
O16 	14895.1 	0.269229  1  769.314  4391
O16 	14895.1 	0.45553  1  227.191  4981
O16 	14895.1 	0.496515  1  1553.92  3673
O16 	14895.1 	0.413535  1  708.221  4494
O16 	14895.1 	0.957266  1  -2158.52  7576
O16 	14895.1 	0.450399  1  864.121  4388
O16 	14895.1 	1.35695  1  3061.19  2000
O16 	14895.1 	0.312345  1  4432.07  576
O16 	14895.1 	0.20413  1  4015.12  1001
O16 	14895.1 	0.620576  1  -905.391  6197
O16 	14895.1 	0.201462  1  4695.22  338
O16 	14895.1 	0.274813  1  -3793.36  9197
O16 	14895.1 	0.262621  1  369.706  4819
O16 	14895.1 	0.220515  1  1790.36  3468
O16 	14895.1 	0.284765  1  2496.69  2631
O16 	14895.1 	0.37723  1  -3500.15  8866
O16 	14895.1 	0.280545  1  937.027  4198
O16 	14895.1 	0.470197  1  4639.02  388
O16 	14895.1 	0.30038  1  -812.622  6125
O16 	14895.1 	0.236729  1  1060.47  4065
O16 	14895.1 	0.640941  1  -484.222  5783
O16 	14895.1 	0.882642  1  -4260.36  9658
O16 	14895.1 	0.403401  1  38.8228  5069
O16 	14895.1 	0.212486  1  1872.1  3277
O16 	14895.1 	0.329698  1  -4424.11  9870
O16 	14895.1 	0.242264  1  -1797.61  7048
O16 	14895.1 	0.218829  1  -595.735  5873
O16 	14895.1 	0.382725  1  -4445.57  9930
O16 	14895.1 	0.189996  1  3849.2  1191
O16 	14895.1 	0.26362  1  4877.72  151
O16 	14895.1 	0.566236  1  4875.18  138
O16 	14895.1 	0.539474  1  1355.41  3790
O16 	14895.1 	0.232266  1  3068.9  2030
O16 	14895.1 	0.972163  1  4839.42  189
O16 	14895.1 	0.662871  1  -2651.89  8034
O16 	14895.1 	0.335263  1  3391.33  1648
O16 	14895.1 	0.313369  1  3876.79  1218
O16 	14895.1 	0.286663  1  3544.72  1530
O16 	14895.1 	1.5926  1  -846.206  6403
O16 	14895.1 	1.60157  1  1564.07  3560
O16 	14895.1 	0.334316  1  -2767.75  8046
O16 	14895.1 	0.241756  1  4695.57  360
O16 	14895.1 	0.199948  1  -1187.37  6487
O16 	14895.1 	0.503992  1  -4926.75  10416
O16 	14895.1 	0.196153  1  879.687  4284
O16 	14895.1 	0.201553  1  3187.32  1860
O16 	14895.1 	0.535038  1  1543.01  3586
O16 	14895.1 	0.293675  1  1645.71  3578
O16 	14895.1 	0.455509  1  -4199.51  9624
O16 	14895.1 	0.202133  1  -1440.46  6828
O16 	14895.1 	0.734571  1  2733.47  2392
O16 	14895.1 	0.209194  1  1850.09  3288
O16 	14895.1 	0.350239  1  -4869.61  10438
O16 	14895.1 	0.201678  1  -1524.07  6788
O16 	14895.1 	0.206515  1  2976  2148
O16 	14895.1 	0.2247  1  1361.42  3823
O16 	14895.1 	0.290844  1  -853.121  6149
O16 	14895.1 	2.10118  1  1307.92  3906
O16 	14895.1 	0.376808  1  -3871.72  9392
O16 	14895.1 	1.00408  1  2639.04  2531
O16 	14895.1 	0.189985  1  1797.16  3298
O16 	14895.1 	0.263102  1  -1944.1  7265
O16 	14895.1 	0.231294  1  -1244.11  6437
O16 	14895.1 	0.201879  1  2538.88  2626
O16 	14895.1 	0.330843  1  955.315  4241
O16 	14895.1 	0.415802  1  -163.878  5403
O16 	14895.1 	0.193119  1  -4232.93  9708
O16 	14895.1 	0.211164  1  -180.367  5432
O16 	14895.1 	1.91503  1  -3128.32  8489
O16 	14895.1 	0.428091  1  2156.43  3014
O16 	14895.1 	2.85274  1  -972.506  6366
O16 	14895.1 	0.201723  1  3498.15  1527
O16 	14895.1 	0.408357  1  824.339  4335
O16 	14895.1 	0.188164  1  331.565  4795
O16 	14895.1 	0.211818  1  212.274  4947
O16 	14895.1 	0.284143  1  3762.23  1369
O16 	14895.1 	0.280169  1  -2048.74  7346
O16 	14895.1 	0.192167  1  4432.04  593
O16 	14895.1 	0.647799  1  163.217  5179
O16 	14895.1 	0.380579  1  -981.839  6259
O16 	14895.1 	4.09727  1  -4639.22  10331
O16 	14895.1 	2.79893  1  -4549.14  9914
O16 	14895.1 	0.327852  1  1083.42  4231
O16 	14895.1 	0.316218  1  2554.22  2562
O16 	14895.1 	0.192227  1  2982.33  2156
O16 	14895.1 	0.239141  1  -1755.98  7094
O16 	14895.1 	0.254073  1  4185.85  861
O16 	14895.1 	0.248514  1  449.61  4901
O16 	14895.1 	0.569992  1  -2239.25  7525
O16 	14895.1 	0.547711  1  1180.14  4033
O16 	14895.1 	0.205422  1  -2781.63  8090
O16 	14895.1 	0.18948  1  -2039.58  7373
O16 	14895.1 	0.259181  1  -3326.42  8665
O16 	14895.1 	1.42389  1  -4103.74  9463
O16 	14895.1 	0.471426  1  -4999.34  10284
O16 	14895.1 	0.329087  1  4830.42  177
O16 	14895.1 	0.237274  1  4608.97  434
O16 	14895.1 	0.261602  1  -3149.8  8583
O16 	14895.1 	0.561472  1  528.708  4694
O16 	14895.1 	0.284035  1  -77.6112  5410
O16 	14895.1 	0.71534  1  -3535.13  9029
O16 	14895.1 	0.580149  1  3443.47  1566
O16 	14895.1 	0.201215  1  4723.9  287
O16 	14895.1 	0.484287  1  3702.67  1394
O16 	14895.1 	1.41489  1  -2170.92  7425
O16 	14895.1 	0.219337  1  -367.546  5662
O16 	14895.1 	0.189699  1  3561.94  1530
O16 	14895.1 	0.517934  1  -2211.71  7615
O16 	14895.1 	0.224869  1  -2407.37  7730
O16 	14895.1 	0.844053  1  -4522.49  10075
O16 	14895.1 	0.201938  1  690.723  4434
O16 	14895.1 	0.239026  1  -428.338  5546
O16 	14895.1 	0.24124  1  -339.387  5552
O16 	14895.1 	0.317882  1  -9.51402  5226
O16 	14895.1 	1.00241  1  -763.953  6035
O16 	14895.1 	0.429131  1  3144.49  1855
O16 	14895.1 	0.213238  1  4654.7  370
O16 	14895.1 	0.283688  1  4386.61  637
O16 	14895.1 	0.192394  1  4585.85  465
O16 	14895.1 	2.29283  1  897.771  4360
O16 	14895.1 	0.288165  1  2455.53  2741
O16 	14895.1 	0.933636  1  -4072.32  9542
O16 	14895.1 	0.88116  1  -434.156  5627
O16 	14895.1 	0.608608  1  -1775.69  7199
O16 	14895.1 	0.243567  1  2896.54  2260
O16 	14895.1 	0.347658  1  2262.05  2965
O16 	14895.1 	0.396543  1  2261.6  2935
O16 	14895.1 	0.201546  1  94.5885  5187
O16 	14895.1 	0.231052  1  -2048.11  7536
O16 	14895.1 	0.283999  1  -3547.55  8938
O16 	14895.1 	0.279381  1  2972.87  2056
O16 	14895.1 	1.16405  1  1872.86  3199
O16 	14895.1 	0.420669  1  -4116.04  9489
O16 	14895.1 	3.06612  1  -2392.43  7774
O16 	14895.1 	1.10693  1  3257.3  1782
O16 	14895.1 	0.220148  1  723.569  4479
O16 	14895.1 	0.198098  1  3792.16  1292
O16 	14895.1 	0.243514  1  -353.368  5719
O16 	14895.1 	0.233192  1  3837.59  1218
O16 	14895.1 	0.444688  1  -1694.79  7129
O16 	14895.1 	0.235952  1  -2302.01  7543
O16 	14895.1 	0.286691  1  1660.05  3606
O16 	14895.1 	0.273556  1  3875.45  1156
O16 	14895.1 	0.518446  1  -2082.23  7292
O16 	14895.1 	0.226328  1  -4961.36  10498
O16 	14895.1 	0.216766  1  -405.749  5651
O16 	14895.1 	0.432268  1  -732.347  5947
O16 	14895.1 	0.291914  1  2455.78  2663
O16 	14895.1 	0.274392  1  -633.845  5904
O16 	14895.1 	0.65608  1  -1402.82  6636
O16 	14895.1 	0.21626  1  -2071.42  7468
O16 	14895.1 	0.231131  1  2478.92  2721
O16 	14895.1 	0.281262  1  -3031.11  8564
O16 	14895.1 	0.3305  1  4835.94  180
O16 	14895.1 	0.629339  1  -4398.61  9824
O16 	14895.1 	0.352721  1  -557.206  5872
O16 	14895.1 	0.224629  1  1417.5  3914
O16 	14895.1 	0.372712  1  2023.17  3181
O16 	14895.1 	0.207264  1  -3533.11  8963
O16 	14895.1 	0.761732  1  -4545.65  10017
O16 	14895.1 	0.265547  1  -2693.26  8278
O16 	14895.1 	0.223197  1  -1026.22  6416
O16 	14895.1 	0.741957  1  4641.53  378
O16 	14895.1 	0.189746  1  3178.68  1943
O16 	14895.1 	0.811652  1  -2654.55  7922
O16 	14895.1 	0.495875  1  4646.18  390
O16 	14895.1 	0.247842  1  3150.57  1842
O16 	14895.1 	0.533492  1  764.726  4371
O16 	14895.1 	0.277603  1  2631.6  2478
O16 	14895.1 	0.428117  1  -695.342  6011
O16 	14895.1 	0.345809  1  1075.09  4156
O16 	14895.1 	0.42407  1  -2789.88  8238
O16 	14895.1 	0.205054  1  -2177.87  7452
O16 	14895.1 	0.197846  1  3180.2  1802
O16 	14895.1 	0.318465  1  489.599  4733
O16 	14895.1 	0.196352  1  -1137.89  6482
O16 	14895.1 	0.18851  1  570.166  4536
O16 	14895.1 	1.05286  1  -4494.84  10020
O16 	14895.1 	0.339696  1  3335.64  1809
O16 	14895.1 	0.196518  1  -4257.42  9667
O16 	14895.1 	0.25808  1  -3832.34  9392
O16 	14895.1 	0.543123  1  -632.839  5868
O16 	14895.1 	0.518719  1  -2857.5  8107
O16 	14895.1 	0.289122  1  -556.735  5877
O16 	14895.1 	0.810798  1  -4272.51  9678
O16 	14895.1 	1.03983  1  -1310  6688
O16 	14895.1 	0.532764  1  4027.28  989
O16 	14895.1 	0.240294  1  192.756  5085
O16 	14895.1 	0.338469  1  1063.69  4156
O16 	14895.1 	0.376491  1  4749.39  279
O16 	14895.1 	0.472581  1  -216.843  5416
O16 	14895.1 	0.231472  1  -3622.37  8966
O16 	14895.1 	0.268524  1  4114.06  949
O16 	14895.1 	0.457764  1  2205.3  2941
O16 	14895.1 	0.276482  1  -550.447  5863
O16 	14895.1 	0.477613  1  -291.157  5568
O16 	14895.1 	0.237989  1  -4184.06  9558
O16 	14895.1 	0.417524  1  -1192.68  6348
O16 	14895.1 	0.223292  1  -3386.83  8926
O16 	14895.1 	0.591253  1  3257.98  1826
O16 	14895.1 	0.379075  1  1123.25  4012
O16 	14895.1 	0.557038  1  4191.98  869
O16 	14895.1 	0.489143  1  1816.72  3187
O16 	14895.1 	0.275821  1  4223.37  838
O16 	14895.1 	0.212674  1  -1371.47  6763
O16 	14895.1 	0.203265  1  -3714.17  9092
O16 	14895.1 	0.626038  1  1748.84  3451
O16 	14895.1 	0.325054  1  4646.03  416
O16 	14895.1 	0.269268  1  3833.66  1199
O16 	14895.1 	1.07311  1  2114.49  3086
O16 	14895.1 	0.321665  1  4246.33  790
O16 	14895.1 	0.230479  1  -3446.09  8791
O16 	14895.1 	0.189708  1  4942.74  77
O16 	14895.1 	0.262091  1  -2444.91  8060
O16 	14895.1 	0.704984  1  3004.23  2107
O16 	14895.1 	0.243279  1  35.1706  5193
O16 	14895.1 	0.791593  1  1107.98  4069
O16 	14895.1 	0.277571  1  3426.13  1639
O16 	14895.1 	0.960084  1  -4685.35  10277
O16 	14895.1 	0.267084  1  -1450.26  6860
O16 	14895.1 	0.200014  1  -3233  8888
O16 	14895.1 	0.308475  1  -4363.36  9874
O16 	14895.1 	0.286388  1  3023.64  2132
O16 	14895.1 	0.904847  1  3474.72  1601
O16 	14895.1 	0.335961  1  4960.65  37
O16 	14895.1 	0.195334  1  -2962.95  8416
O16 	14895.1 	0.216817  1  4943.02  64
O16 	14895.1 	0.245957  1  344.699  5005
O16 	14895.1 	0.376549  1  -362.768  5524
O16 	14895.1 	0.207674  1  4527.14  482
O16 	14895.1 	0.359405  1  -3051.32  8512
O16 	14895.1 	0.362752  1  -421.895  5708
O16 	14895.1 	0.389844  1  3760.7  1364
O16 	14895.1 	0.330154  1  4540.6  472
O16 	14895.1 	0.26504  1  154.893  5017
O16 	14895.1 	1.07042  1  3532.34  1515
O16 	14895.1 	0.211456  1  855.316  4381
O16 	14895.1 	0.209117  1  -4581.51  10067
O16 	14895.1 	0.208847  1  1122.87  4146
O16 	14895.1 	1.57031  1  -311.916  5499
O16 	14895.1 	0.21745  1  -4054.85  9478
O16 	14895.1 	0.723714  1  4201.87  827
O16 	14895.1 	0.284554  1  -1228.74  6494
O16 	14895.1 	0.511465  1  -234.321  5491
O16 	14895.1 	0.279263  1  3410.83  1664
O16 	14895.1 	0.265312  1  -1356.78  6747
O16 	14895.1 	0.195985  1  -4721.77  10291
O16 	14895.1 	0.463332  1  2157.49  2941
O16 	14895.1 	0.338307  1  -4739.72  10180
O16 	14895.1 	0.384631  1  -1522.68  6909
O16 	14895.1 	0.277097  1  158.593  5096
O16 	14895.1 	0.240706  1  1781.06  3358
O16 	14895.1 	1.70285  1  -1784.93  7069
O16 	14895.1 	0.369452  1  -1299.31  6581
O16 	14895.1 	0.297708  1  1944.88  3143
O16 	14895.1 	2.08272  1  257.096  4865
O16 	14895.1 	0.347651  1  898.699  4334
O16 	14895.1 	0.235843  1  -724.13  6073
O16 	14895.1 	0.191141  1  -985.767  6206
O16 	14895.1 	2.07028  1  1819.72  3367
O16 	14895.1 	0.349707  1  -3598.89  8918
O16 	14895.1 	0.311547  1  3262.56  1826
O16 	14895.1 	0.198362  1  3160.06  1992
O16 	14895.1 	0.871252  1  4712.64  305
O16 	14895.1 	0.205582  1  1334.25  3846
O16 	14895.1 	0.193696  1  3973.22  1083
O16 	14895.1 	0.538841  1  -4541.98  10019
O16 	14895.1 	0.272831  1  -4675.53  10175
O16 	14895.1 	1.28697  1  -4492.56  10187
O16 	14895.1 	0.22741  1  -3472.1  8824
O16 	14895.1 	0.490074  1  -2863.79  8241
O16 	14895.1 	0.224237  1  -3993.71  9512
O16 	14895.1 	0.601002  1  -4682.65  10046
O16 	14895.1 	0.244458  1  -2583.74  7921
O16 	14895.1 	0.574295  1  838.669  4308
O16 	14895.1 	0.722288  1  -2060.46  7503
O16 	14895.1 	1.1616  1  -4011.84  9540
O16 	14895.1 	2.73752  1  -591.082  5921
O16 	14895.1 	0.315874  1  -3083.67  8509
O16 	14895.1 	0.210798  1  1788.92  3442
O16 	14895.1 	0.217048  1  -451.54  5646
O16 	14895.1 	0.620782  1  -2752.91  8101
O16 	14895.1 	0.243547  1  -874.466  6184
O16 	14895.1 	0.82496  1  -913.944  6247
O16 	14895.1 	3.61716  1  3238.49  1792
O16 	14895.1 	0.229679  1  566.581  4596
O16 	14895.1 	1.26744  1  -574.48  5956
O16 	14895.1 	0.211807  1  4384.38  675
O16 	14895.1 	1.03425  1  4083.44  949
O16 	14895.1 	0.387789  1  -1437.86  6686
O16 	14895.1 	0.191547  1  3574.51  1460
O16 	14895.1 	0.240736  1  -4470.96  9974
O16 	14895.1 	0.537723  1  -280.15  5456
O16 	14895.1 	0.191047  1  3029.11  2073
O16 	14895.1 	0.318977  1  -370.832  5595
O16 	14895.1 	0.371239  1  3122.59  1997
O16 	14895.1 	0.590808  1  1091.21  4066
O16 	14895.1 	0.196176  1  -3.84947  5142
O16 	14895.1 	0.276315  1  -2253.35  7697
O16 	14895.1 	0.31693  1  -2972.88  8422
O16 	14895.1 	0.207873  1  1712.22  3459
O16 	14895.1 	0.280203  1  3892.19  1163
O16 	14895.1 	0.351398  1  -1613.16  6858
O16 	14895.1 	0.306695  1  2764.09  2308
O16 	14895.1 	0.468428  1  3459.83  1589
O16 	14895.1 	1.66562  1  -3252.98  8663
O16 	14895.1 	0.206854  1  813.237  4340
O16 	14895.1 	0.315111  1  -2109.05  7382
O16 	14895.1 	0.191502  1  -4523.29  9907
O16 	14895.1 	0.205317  1  -4732.53  10200
O16 	14895.1 	0.287971  1  2589.66  2497
O16 	14895.1 	0.263023  1  4254.21  768
O16 	14895.1 	0.223093  1  -4179.97  9545
O16 	14895.1 	0.237963  1  426.001  4802
O16 	14895.1 	0.21954  1  -4890.96  10300
O16 	14895.1 	0.20266  1  -2038.9  7481
O16 	14895.1 	0.953501  1  4515  549
O16 	14895.1 	0.470872  1  -4019.75  9466
O16 	14895.1 	1.33098  1  3391.84  1698
O16 	14895.1 	0.633701  1  299.168  5009
O16 	14895.1 	0.385384  1  4533.43  499
O16 	14895.1 	0.761957  1  1085.99  4228
O16 	14895.1 	0.894541  1  -2191.68  7504
O16 	14895.1 	0.898189  1  -942.442  6167
O16 	14895.1 	0.560087  1  -1331.68  6651
O16 	14895.1 	0.208668  1  688.589  4506
O16 	14895.1 	0.57685  1  2955.47  2199
O16 	14895.1 	0.30762  1  2378.1  2701
O16 	14895.1 	0.708981  1  -2828.85  8232
O16 	14895.1 	0.412294  1  -2792.95  7972
O16 	14895.1 	0.27723  1  -1403.88  6721
O16 	14895.1 	0.195661  1  4712.4  299
O16 	14895.1 	0.523428  1  -2133.57  7602
O16 	14895.1 	0.231077  1  -2710.44  8079
O16 	14895.1 	0.34202  1  -2727.85  8118
O16 	14895.1 	0.217988  1  2373.12  2844
O16 	14895.1 	0.458094  1  -3374.6  8760
O16 	14895.1 	0.551769  1  4324.06  710
O16 	14895.1 	0.518928  1  3176.8  1887
O16 	14895.1 	0.431502  1  1606.32  3509
O16 	14895.1 	0.860479  1  1679.16  3507
O16 	14895.1 	0.188865  1  883.369  4190
O16 	14895.1 	0.212843  1  -2324.05  7686
O16 	14895.1 	0.659416  1  -2123.41  7514
O16 	14895.1 	1.28602  1  511.786  4591
O16 	14895.1 	0.287568  1  -3199.79  8426
O16 	14895.1 	0.226922  1  3665.74  1424
O16 	14895.1 	0.261466  1  870.845  4312
O16 	14895.1 	0.262899  1  2440.27  2704
O16 	14895.1 	0.409858  1  -2718.65  8206
O16 	14895.1 	0.258992  1  -1485.8  6765
O16 	14895.1 	0.685477  1  -1981.49  7370
O16 	14895.1 	0.700043  1  -3720.9  9147
O16 	14895.1 	0.448808  1  -4265.31  9515
O16 	14895.1 	0.277538  1  4790.94  225
O16 	14895.1 	0.218559  1  485.054  4595
O16 	14895.1 	0.225487  1  -3715.17  9285
O16 	14895.1 	0.322453  1  -1163.07  6439
O16 	14895.1 	0.201157  1  -2466.79  7961
O16 	14895.1 	0.245654  1  -1824.6  7120
O16 	14895.1 	0.27404  1  1379.7  3781
O16 	14895.1 	0.192384  1  4346.77  732
O16 	14895.1 	0.718481  1  3396.65  1715
O16 	14895.1 	0.33928  1  1252.93  4047
O16 	14895.1 	0.237966  1  -3382.09  8739
O16 	14895.1 	0.37821  1  2407.51  2734
O16 	14895.1 	0.308207  1  989.79  4182
O16 	14895.1 	1.17035  1  -1410.02  6842
O16 	14895.1 	0.487538  1  -1026.49  6308
O16 	14895.1 	0.215077  1  -4667.16  10203
O16 	14895.1 	0.24617  1  870.393  4400
O16 	14895.1 	0.283712  1  -3901.93  9310
O16 	14895.1 	0.243526  1  -384.33  5654
O16 	14895.1 	0.196687  1  -571.263  5780
O16 	14895.1 	0.444313  1  3411.74  1690
O16 	14895.1 	0.235321  1  451.224  4718
O16 	14895.1 	0.224553  1  1486.77  3713
O16 	14895.1 	0.46648  1  -914.392  6119
O16 	14895.1 	0.194643  1  397.779  4845
O16 	14895.1 	0.436687  1  87.8697  5030
O16 	14895.1 	0.219458  1  730.622  4376
O16 	14895.1 	0.257492  1  -3280.09  8788
O16 	14895.1 	0.277559  1  4592.92  422
O16 	14895.1 	1.17532  1  2678.45  2429
O16 	14895.1 	0.445467  1  -4998.74  10267
O16 	14895.1 	0.202853  1  -2278.36  7592
O16 	14895.1 	0.199607  1  43.6584  5250
O16 	14895.1 	0.209292  1  4861.74  145
O16 	14895.1 	0.190516  1  1467.33  3691
O16 	14895.1 	0.200571  1  4092.54  951
O16 	14895.1 	0.192244  1  -856.238  6245
O16 	14895.1 	0.231887  1  3177.65  2018
O16 	14895.1 	0.275317  1  -2937.87  8162
O16 	14895.1 	0.199525  1  1122.2  4064
O16 	14895.1 	1.38738  1  773.264  4458
O16 	14895.1 	0.304476  1  349.922  4762
O16 	14895.1 	0.430153  1  1854.51  3301
O16 	14895.1 	0.440979  1  -4034.6  9604
O16 	14895.1 	0.999919  1  -915.445  6242
O16 	14895.1 	0.457144  1  -2161.73  7534
O16 	14895.1 	0.665359  1  2900.87  2214
O16 	14895.1 	0.547372  1  4996.93  4
O16 	14895.1 	0.480271  1  924.647  4433
O16 	14895.1 	0.309358  1  3944.2  1095
O16 	14895.1 	0.232302  1  -4033.99  9375
O16 	14895.1 	1.6132  1  -1833.04  7192
O16 	14895.1 	0.253733  1  548.867  4650
O16 	14895.1 	0.220191  1  3555.92  1518
