O16 	14895.1 	0.204687  1  -4828.56  10341
O16 	14895.1 	0.706997  1  2729.11  2378
O16 	14895.1 	0.308863  1  1256.6  3933
O16 	14895.1 	0.379065  1  -2983.76  8380
O16 	14895.1 	0.191862  1  2131.39  2969
O16 	14895.1 	0.248203  1  -4285.24  9613
O16 	14895.1 	0.289525  1  3193.34  1927
O16 	14895.1 	0.245122  1  3715.52  1340
O16 	14895.1 	0.189733  1  1849.17  3242
O16 	14895.1 	0.883625  1  2936  2164
O16 	14895.1 	0.221353  1  2780.15  2340
O16 	14895.1 	1.03925  1  -957.114  6163
O16 	14895.1 	0.312032  1  1801.99  3384
O16 	14895.1 	0.255295  1  -1285.09  6511
O16 	14895.1 	0.401288  1  -2201.6  7519
O16 	14895.1 	0.389676  1  -3779.11  9200
O16 	14895.1 	0.738872  1  1916.16  3210
O16 	14895.1 	0.251252  1  606.719  4529
O16 	14895.1 	0.306708  1  2407.74  2733
O16 	14895.1 	0.282758  1  4259.56  803
O16 	14895.1 	0.415321  1  1453.07  3800
O16 	14895.1 	0.815201  1  -4926.97  10469
O16 	14895.1 	0.224229  1  3516.31  1569
O16 	14895.1 	1.70823  1  -852.827  5983
O16 	14895.1 	0.51476  1  -3029.88  8330
O16 	14895.1 	0.206684  1  3098.25  1929
O16 	14895.1 	0.376428  1  311.576  4908
O16 	14895.1 	0.196829  1  723.417  4492
O16 	14895.1 	0.246032  1  4431.69  587
O16 	14895.1 	0.232  1  -4206.34  9735
O16 	14895.1 	0.29758  1  4191.09  846
O16 	14895.1 	0.19664  1  994.516  4216
O16 	14895.1 	0.255153  1  580.616  4629
O16 	14895.1 	1.3408  1  -3037.41  8548
O16 	14895.1 	0.220968  1  -120.556  5356
O16 	14895.1 	0.38595  1  -1154.26  6498
O16 	14895.1 	0.322437  1  369.719  4739
O16 	14895.1 	0.408177  1  1051.61  4276
O16 	14895.1 	0.204143  1  1327.07  3858
O16 	14895.1 	0.877198  1  -3851.29  9210
O16 	14895.1 	0.727187  1  -3420.21  8865
O16 	14895.1 	0.243923  1  -2592.57  8010
O16 	14895.1 	0.544487  1  -4501.99  9886
O16 	14895.1 	1.11541  1  1171.37  4016
O16 	14895.1 	0.240603  1  3625.17  1439
O16 	14895.1 	0.340128  1  3532.38  1628
O16 	14895.1 	0.550356  1  -409.153  5650
O16 	14895.1 	0.549018  1  3712.83  1345
O16 	14895.1 	1.61193  1  2437.47  2614
O16 	14895.1 	0.653891  1  -2917.68  8292
O16 	14895.1 	0.289227  1  344.34  4895
O16 	14895.1 	0.210202  1  3528.01  1530
O16 	14895.1 	0.209967  1  1944.68  3288
O16 	14895.1 	1.11965  1  -423.892  5653
O16 	14895.1 	0.234142  1  4055.24  1015
O16 	14895.1 	1.08076  1  1692.36  3521
O16 	14895.1 	0.319389  1  1919.75  3264
O16 	14895.1 	0.228013  1  -3865.88  9300
O16 	14895.1 	0.357455  1  -2058.92  7294
O16 	14895.1 	0.257493  1  3323.73  1692
O16 	14895.1 	0.218874  1  -4753.04  9831
O16 	14895.1 	1.07741  1  -1855.05  7182
O16 	14895.1 	1.03496  1  562.812  4693
O16 	14895.1 	0.996193  1  -3356.25  8800
O16 	14895.1 	1.36386  1  -4550.36  9869
O16 	14895.1 	0.329432  1  2192.52  2950
O16 	14895.1 	0.208643  1  -4198.69  9650
O16 	14895.1 	0.894233  1  3098.56  2018
O16 	14895.1 	0.415493  1  -1799.46  7127
O16 	14895.1 	0.271888  1  742.869  4473
O16 	14895.1 	0.189362  1  -1422.75  6640
O16 	14895.1 	0.193007  1  -1416.69  6715
O16 	14895.1 	0.569008  1  -2169.36  7524
O16 	14895.1 	0.795015  1  3146.42  1882
O16 	14895.1 	0.551262  1  3868.4  1202
O16 	14895.1 	0.293146  1  4617.51  382
O16 	14895.1 	0.386672  1  -3845.72  9335
O16 	14895.1 	0.632515  1  -261.48  5544
O16 	14895.1 	0.200672  1  797.284  4434
O16 	14895.1 	0.40286  1  -3173.33  8475
O16 	14895.1 	1.17418  1  -4433.83  9855
O16 	14895.1 	0.493554  1  747.73  4413
O16 	14895.1 	1.19079  1  4050.66  979
O16 	14895.1 	0.231598  1  4708.62  310
O16 	14895.1 	0.421982  1  3510.86  1569
O16 	14895.1 	0.328646  1  2752.58  2355
O16 	14895.1 	0.268194  1  -3179.36  8562
O16 	14895.1 	0.203537  1  2018.04  3117
O16 	14895.1 	0.596794  1  -3028.28  8446
O16 	14895.1 	0.334066  1  2176.75  2952
O16 	14895.1 	0.255005  1  1498.21  3704
O16 	14895.1 	0.565164  1  -2546.79  7894
O16 	14895.1 	0.194023  1  -1450.11  6662
O16 	14895.1 	0.345175  1  -4161.01  9810
O16 	14895.1 	0.884223  1  -4938.83  10494
O16 	14895.1 	0.236388  1  1440.57  3698
O16 	14895.1 	0.189546  1  539.255  4799
O16 	14895.1 	0.278772  1  1701.88  3417
O16 	14895.1 	0.639738  1  -505.492  5824
O16 	14895.1 	0.188633  1  2277.64  2904
O16 	14895.1 	0.345209  1  -554.186  5824
O16 	14895.1 	0.622947  1  1670.99  3484
O16 	14895.1 	0.294325  1  1083.08  4097
O16 	14895.1 	0.256861  1  -240.201  5496
O16 	14895.1 	0.36368  1  1087.89  4135
O16 	14895.1 	0.674988  1  623.957  4574
O16 	14895.1 	0.192622  1  423.989  4764
O16 	14895.1 	0.275342  1  990.88  4217
O16 	14895.1 	0.490107  1  -3101.45  8665
O16 	14895.1 	0.654222  1  958.228  4225
O16 	14895.1 	0.260819  1  380.752  4937
O16 	14895.1 	0.216938  1  -4619.59  10310
O16 	14895.1 	0.21601  1  -611.873  5863
O16 	14895.1 	0.242409  1  3593.59  1478
O16 	14895.1 	0.385198  1  -4978.35  10332
O16 	14895.1 	0.305152  1  2552.53  2487
O16 	14895.1 	0.626367  1  -3330.41  8805
O16 	14895.1 	0.200851  1  4831.01  201
O16 	14895.1 	0.341815  1  3782.4  1296
O16 	14895.1 	1.70523  1  -1860.24  7281
O16 	14895.1 	0.401351  1  -2524.54  7687
O16 	14895.1 	0.334835  1  -4522.16  9974
O16 	14895.1 	0.261165  1  4736.04  265
O16 	14895.1 	0.267389  1  -1256.87  6464
O16 	14895.1 	0.201087  1  -4807.1  10380
O16 	14895.1 	0.31639  1  507.221  4790
O16 	14895.1 	0.832325  1  -8.11007  5265
O16 	14895.1 	0.48392  1  -144.833  5489
O16 	14895.1 	0.359824  1  2556.27  2575
O16 	14895.1 	0.263478  1  1858.79  3338
O16 	14895.1 	1.30728  1  -1943.43  7199
O16 	14895.1 	0.189953  1  612.141  4638
O16 	14895.1 	0.589786  1  2711.8  2410
O16 	14895.1 	0.307024  1  -3837.33  9209
O16 	14895.1 	0.369708  1  -1423.27  6797
O16 	14895.1 	0.92957  1  4434.94  588
O16 	14895.1 	0.539165  1  2461.42  2734
O16 	14895.1 	0.191657  1  -391.737  5697
O16 	14895.1 	0.598299  1  1632.99  3578
O16 	14895.1 	0.199167  1  -110.173  5372
O16 	14895.1 	0.282407  1  947.776  4222
O16 	14895.1 	0.694003  1  -468.231  5750
O16 	14895.1 	2.15132  1  -4778.28  10299
O16 	14895.1 	0.406352  1  1398.53  3744
O16 	14895.1 	0.215561  1  2688.05  2360
O16 	14895.1 	0.206485  1  1595.78  3529
O16 	14895.1 	0.281835  1  -1334.28  6562
O16 	14895.1 	0.258285  1  2235.59  2901
O16 	14895.1 	0.367835  1  -1474.91  6765
O16 	14895.1 	0.254072  1  3815.3  1182
O16 	14895.1 	0.662152  1  -2091.43  7301
O16 	14895.1 	0.908902  1  215.665  4999
O16 	14895.1 	0.391658  1  -3240.38  8559
O16 	14895.1 	0.265143  1  1021.01  4183
O16 	14895.1 	0.378485  1  275.821  4961
O16 	14895.1 	0.314789  1  474.94  4850
O16 	14895.1 	0.294219  1  3260.48  1842
O16 	14895.1 	0.221112  1  4063.73  1003
O16 	14895.1 	0.339365  1  4616.89  424
O16 	14895.1 	0.608406  1  392.855  4831
O16 	14895.1 	1.01994  1  3887.92  1164
O16 	14895.1 	0.31923  1  2536.95  2618
O16 	14895.1 	0.530327  1  3933.73  1142
O16 	14895.1 	0.206033  1  -1702.93  6942
O16 	14895.1 	0.443198  1  3418.13  1679
O16 	14895.1 	0.391413  1  -4183.58  9422
O16 	14895.1 	0.614312  1  1196.47  3976
O16 	14895.1 	0.197478  1  986.371  4231
O16 	14895.1 	0.240478  1  -3850.01  9172
O16 	14895.1 	0.505376  1  1872.11  3302
O16 	14895.1 	2.3904  1  -3985.73  9512
O16 	14895.1 	0.248445  1  156.883  5073
O16 	14895.1 	0.190898  1  2911.2  2138
O16 	14895.1 	6.61445  1  -876.403  6168
O16 	14895.1 	0.198532  1  -2290.77  7568
O16 	14895.1 	0.189267  1  602.265  4671
O16 	14895.1 	0.399546  1  -1635.19  6800
O16 	14895.1 	0.325902  1  -1521.16  6916
O16 	14895.1 	0.197846  1  1259.9  3932
O16 	14895.1 	0.315843  1  -1236.17  6631
O16 	14895.1 	0.807991  1  4431.35  610
O16 	14895.1 	0.532001  1  1933.93  3218
O16 	14895.1 	0.312022  1  -562.521  5890
O16 	14895.1 	0.32837  1  -253.818  5518
O16 	14895.1 	0.411972  1  -1492.15  6787
O16 	14895.1 	0.266623  1  4146.99  940
O16 	14895.1 	0.227296  1  2809.49  2224
O16 	14895.1 	0.330756  1  -2164.92  7332
O16 	14895.1 	0.841469  1  -4623.44  10099
O16 	14895.1 	0.296855  1  -834.82  6061
O16 	14895.1 	0.331105  1  4816.94  214
O16 	14895.1 	0.636193  1  2554.49  2556
O16 	14895.1 	0.210808  1  3960.84  1057
O16 	14895.1 	1.51762  1  -2979.86  8506
O16 	14895.1 	0.318176  1  3504.35  1540
O16 	14895.1 	0.350738  1  -1401.24  6723
O16 	14895.1 	0.294417  1  -4867.11  10330
O16 	14895.1 	0.295913  1  2067.86  3068
O16 	14895.1 	0.352264  1  1661.13  3517
O16 	14895.1 	0.368261  1  4469.69  575
O16 	14895.1 	0.644745  1  -1121.64  6490
O16 	14895.1 	0.203419  1  -1517.34  6765
O16 	14895.1 	0.358614  1  3511.18  1480
O16 	14895.1 	0.265783  1  4401.36  665
O16 	14895.1 	0.212141  1  3243.6  1911
O16 	14895.1 	0.202269  1  4605.09  430
O16 	14895.1 	0.30718  1  -1005.88  6261
O16 	14895.1 	0.217616  1  3096.99  2093
O16 	14895.1 	0.277379  1  -801.329  6187
O16 	14895.1 	1.27655  1  -2689.97  7976
O16 	14895.1 	0.298682  1  4828.22  179
O16 	14895.1 	0.4152  1  -2289.45  7629
O16 	14895.1 	0.278581  1  2589.58  2503
O16 	14895.1 	0.261283  1  -2759.89  8153
O16 	14895.1 	0.646701  1  3331.01  1770
O16 	14895.1 	1.55176  1  1933.32  3207
O16 	14895.1 	0.550797  1  2639.61  2432
O16 	14895.1 	0.266638  1  -3551.08  9022
O16 	14895.1 	0.243461  1  -3365.03  8839
O16 	14895.1 	0.189461  1  -1515.84  6881
O16 	14895.1 	0.203184  1  -3331.54  8631
O16 	14895.1 	0.288894  1  -4231.34  9653
O16 	14895.1 	0.257101  1  501.943  4578
O16 	14895.1 	0.208023  1  954.692  4234
O16 	14895.1 	1.02261  1  -4083.47  9476
O16 	14895.1 	2.32268  1  3111.42  1969
O16 	14895.1 	0.812718  1  -2061.87  7346
O16 	14895.1 	0.207308  1  3367.34  1712
O16 	14895.1 	0.699025  1  1797.1  3306
O16 	14895.1 	0.607555  1  -3694.97  9174
O16 	14895.1 	0.282616  1  1522.1  3622
O16 	14895.1 	0.218929  1  -1521.54  6801
O16 	14895.1 	0.221387  1  -4893.3  10487
O16 	14895.1 	0.311478  1  -3878.3  9201
O16 	14895.1 	2.86778  1  4432.1  595
O16 	14895.1 	0.594489  1  1825.44  3334
O16 	14895.1 	0.215308  1  1422.72  3848
O16 	14895.1 	1.06314  1  -1545.79  6831
O16 	14895.1 	3.54882  1  -4854.87  10292
O16 	14895.1 	0.241407  1  -2136.16  7536
O16 	14895.1 	0.228985  1  -4808.19  10173
O16 	14895.1 	0.229907  1  -898.582  6225
O16 	14895.1 	0.21151  1  4114.07  906
O16 	14895.1 	0.211081  1  -3100.59  8399
O16 	14895.1 	0.315885  1  4117.5  888
O16 	14895.1 	0.257087  1  240.456  5019
O16 	14895.1 	0.421487  1  1191.26  4051
O16 	14895.1 	0.217762  1  -3046.68  8561
O16 	14895.1 	0.221805  1  -2459.49  7828
O16 	14895.1 	0.332959  1  -1089.32  6316
O16 	14895.1 	1.68899  1  4863.88  140
O16 	14895.1 	0.19674  1  3518.56  1578
O16 	14895.1 	0.856286  1  917.181  4249
O16 	14895.1 	0.29596  1  4778.86  241
O16 	14895.1 	0.204877  1  -3005.1  8337
O16 	14895.1 	0.481691  1  -3480.16  9030
O16 	14895.1 	0.209141  1  -2896.39  8398
O16 	14895.1 	0.343889  1  -1271.38  6602
O16 	14895.1 	0.215134  1  -529.222  5717
O16 	14895.1 	0.197302  1  -662.878  5998
O16 	14895.1 	1.19604  1  -2549.84  8063
O16 	14895.1 	0.282132  1  1538.29  3698
O16 	14895.1 	0.18979  1  -78.4911  5349
O16 	14895.1 	0.312871  1  22.4109  5240
O16 	14895.1 	0.316135  1  4554.9  467
O16 	14895.1 	0.529727  1  -2443.51  7701
O16 	14895.1 	0.273053  1  4973.41  29
O16 	14895.1 	0.281016  1  -4817.28  10307
O16 	14895.1 	0.247774  1  1766.64  3373
O16 	14895.1 	0.271499  1  -27.8764  5381
O16 	14895.1 	0.22003  1  3554.63  1490
O16 	14895.1 	0.58917  1  1447.5  3687
O16 	14895.1 	1.6111  1  2862.45  2243
O16 	14895.1 	0.379131  1  743.991  4528
O16 	14895.1 	0.200564  1  -924.345  5975
O16 	14895.1 	0.821036  1  3375.1  1724
O16 	14895.1 	0.201752  1  -1905.36  7135
O16 	14895.1 	0.263441  1  260.614  4956
O16 	14895.1 	5.376  1  4107.57  884
O16 	14895.1 	0.88837  1  401.406  4809
O16 	14895.1 	0.463056  1  -3757.27  9047
O16 	14895.1 	0.29724  1  -2415.28  7802
O16 	14895.1 	0.272195  1  -1156.94  6483
O16 	14895.1 	0.924748  1  3224.22  1765
O16 	14895.1 	0.190972  1  112.966  5041
O16 	14895.1 	0.645183  1  -3834.94  9297
O16 	14895.1 	0.486008  1  1513.99  3609
O16 	14895.1 	0.458859  1  2605.74  2466
O16 	14895.1 	0.212895  1  -2046.83  7353
O16 	14895.1 	0.90226  1  3165.51  1932
O16 	14895.1 	0.629294  1  1425.61  3801
O16 	14895.1 	1.95691  1  -2016.32  7361
O16 	14895.1 	0.197495  1  -1157.73  6465
O16 	14895.1 	0.345837  1  3632.02  1448
O16 	14895.1 	0.403807  1  4535.1  553
O16 	14895.1 	0.225207  1  3956.91  1071
O16 	14895.1 	0.683323  1  1496.13  3574
O16 	14895.1 	0.527586  1  -2157.64  7427
O16 	14895.1 	0.908338  1  -4895.46  10303
O16 	14895.1 	0.272846  1  1504.75  3552
O16 	14895.1 	0.764835  1  3325.43  1707
O16 	14895.1 	1.01776  1  -3057.95  8276
O16 	14895.1 	1.12134  1  213.51  4981
O16 	14895.1 	0.217462  1  -330.415  5645
O16 	14895.1 	0.191667  1  24.2328  5156
O16 	14895.1 	0.69288  1  1319.22  3814
O16 	14895.1 	0.330231  1  -174.992  5289
O16 	14895.1 	0.351108  1  34.3228  5255
O16 	14895.1 	0.259537  1  -3605.16  9039
O16 	14895.1 	1.6171  1  -4461.16  9810
O16 	14895.1 	0.492151  1  1852.51  3314
O16 	14895.1 	0.192989  1  -4632.18  9958
O16 	14895.1 	0.651162  1  4547.21  497
O16 	14895.1 	0.232171  1  2734.89  2382
O16 	14895.1 	0.291955  1  -693.578  5826
O16 	14895.1 	0.27713  1  -930.969  6368
O16 	14895.1 	0.214151  1  852.784  4269
O16 	14895.1 	0.279822  1  -2665.21  7997
O16 	14895.1 	0.838753  1  700.569  4537
O16 	14895.1 	0.258577  1  2719.8  2460
O16 	14895.1 	0.194104  1  -437.695  5675
O16 	14895.1 	0.189924  1  -3481.79  8895
O16 	14895.1 	1.42693  1  -4577.02  10115
O16 	14895.1 	0.197542  1  -4725.69  10008
O16 	14895.1 	0.665344  1  3639.6  1481
O16 	14895.1 	1.51165  1  1984.24  3158
O16 	14895.1 	0.730308  1  4747.99  285
O16 	14895.1 	0.319763  1  3486.33  1561
O16 	14895.1 	0.234149  1  1789.68  3427
O16 	14895.1 	0.317582  1  -4648.24  10167
O16 	14895.1 	0.417301  1  -3479.57  8811
O16 	14895.1 	0.249338  1  1262.09  3865
O16 	14895.1 	0.479485  1  -936.275  6257
O16 	14895.1 	0.231872  1  -545.8  5793
O16 	14895.1 	0.276189  1  641.249  4650
O16 	14895.1 	0.470894  1  -1.15028  5376
O16 	14895.1 	0.66147  1  -4923.22  10370
O16 	14895.1 	0.252187  1  -1571.7  6839
O16 	14895.1 	0.661915  1  -2055.9  7381
O16 	14895.1 	0.191539  1  -526.154  5837
O16 	14895.1 	0.252581  1  -4383.18  9961
O16 	14895.1 	0.510722  1  -4575.29  10167
O16 	14895.1 	0.541665  1  -851.058  6077
O16 	14895.1 	0.273742  1  -2083.48  7348
O16 	14895.1 	0.199884  1  -3296.88  8651
O16 	14895.1 	0.280258  1  -3352.49  8641
O16 	14895.1 	0.202976  1  890.794  4372
O16 	14895.1 	0.368138  1  3150.48  1931
O16 	14895.1 	0.355472  1  -4073.37  9504
O16 	14895.1 	0.193306  1  -4595.67  10036
O16 	14895.1 	0.772908  1  -4078.77  9349
O16 	14895.1 	0.485509  1  2868.07  2206
O16 	14895.1 	0.402305  1  1872.38  3221
O16 	14895.1 	0.200504  1  832.938  4273
O16 	14895.1 	3.3406  1  3260.33  1771
O16 	14895.1 	0.213663  1  -1209.14  6542
O16 	14895.1 	0.259685  1  -1449.35  6816
O16 	14895.1 	0.209505  1  297.894  5059
O16 	14895.1 	0.431638  1  -981.326  6275
O16 	14895.1 	0.226943  1  -4978.94  10451
O16 	14895.1 	0.325843  1  3335.38  1743
O16 	14895.1 	0.320099  1  2477.76  2699
O16 	14895.1 	0.499257  1  -2667.61  8167
O16 	14895.1 	0.833059  1  -2535.16  7777
O16 	14895.1 	1.14872  1  1805.83  3418
O16 	14895.1 	0.207137  1  2346.75  2781
O16 	14895.1 	0.548893  1  933.763  4256
O16 	14895.1 	0.250045  1  -2737.86  8161
O16 	14895.1 	0.682088  1  2662.86  2508
O16 	14895.1 	0.206817  1  -4924.19  10471
O16 	14895.1 	1.43147  1  -2560.81  7798
O16 	14895.1 	0.260882  1  1279.94  3840
O16 	14895.1 	0.308347  1  -2911.14  8342
O16 	14895.1 	0.241673  1  4310.14  735
O16 	14895.1 	0.411978  1  1009.55  4101
O16 	14895.1 	0.520689  1  4658.76  357
O16 	14895.1 	0.220214  1  -3396.05  8686
O16 	14895.1 	0.247012  1  1305.4  3772
O16 	14895.1 	0.271315  1  2421.95  2612
O16 	14895.1 	0.375292  1  3515.07  1528
O16 	14895.1 	0.330347  1  -4698.33  10012
O16 	14895.1 	1.82855  1  2618.56  2578
O16 	14895.1 	0.198947  1  4428  595
O16 	14895.1 	0.296319  1  2246.6  2882
O16 	14895.1 	0.205788  1  -2174.68  7505
O16 	14895.1 	0.670868  1  4284.2  730
O16 	14895.1 	0.230242  1  2222.21  2860
O16 	14895.1 	0.264751  1  -369.031  5583
O16 	14895.1 	0.81702  1  14.5639  5169
O16 	14895.1 	0.204211  1  -3222.48  8519
O16 	14895.1 	0.440525  1  -3737.31  9248
O16 	14895.1 	0.232323  1  -4304.22  9905
O16 	14895.1 	0.462249  1  4583.05  436
O16 	14895.1 	0.401803  1  441.597  4899
O16 	14895.1 	0.230369  1  590.524  4652
O16 	14895.1 	0.67057  1  -4973.38  10469
O16 	14895.1 	0.323849  1  4313.42  714
O16 	14895.1 	0.226653  1  719.567  4467
O16 	14895.1 	0.650678  1  321.518  4841
O16 	14895.1 	0.754666  1  1637.93  3522
O16 	14895.1 	0.24506  1  151.831  5070
O16 	14895.1 	0.282937  1  -1261.65  6488
O16 	14895.1 	0.21713  1  3848.65  1249
O16 	14895.1 	0.682267  1  -1007.79  6391
O16 	14895.1 	0.244627  1  3775.03  1379
O16 	14895.1 	0.242889  1  1720.71  3409
O16 	14895.1 	0.410503  1  3509.44  1580
O16 	14895.1 	0.738202  1  2043.37  3132
O16 	14895.1 	0.411866  1  498.98  4708
O16 	14895.1 	0.250437  1  -3658.48  8939
O16 	14895.1 	0.350632  1  -4231.86  9541
O16 	14895.1 	0.357493  1  2356.45  2782
O16 	14895.1 	2.60697  1  614.82  4637
O16 	14895.1 	0.255322  1  4430.2  582
O16 	14895.1 	0.246503  1  -952.116  6222
O16 	14895.1 	0.312265  1  -1796.43  7094
O16 	14895.1 	0.676653  1  -1591.12  6968
O16 	14895.1 	0.233146  1  1142.88  4057
O16 	14895.1 	1.48839  1  4996.02  6
O16 	14895.1 	0.302395  1  -4848.31  10070
O16 	14895.1 	0.520564  1  2412.48  2694
O16 	14895.1 	0.313955  1  -317.375  5541
O16 	14895.1 	0.248744  1  2862.24  2282
O16 	14895.1 	0.290029  1  -1075.04  6389
O16 	14895.1 	0.253414  1  2210.14  2938
O16 	14895.1 	0.231569  1  -940.255  6214
O16 	14895.1 	0.29371  1  -4189.18  9620
O16 	14895.1 	0.443418  1  -256.887  5419
O16 	14895.1 	0.195024  1  -1427.55  6742
O16 	14895.1 	0.319546  1  -654.723  5968
O16 	14895.1 	0.213457  1  -1574.18  6905
O16 	14895.1 	0.539933  1  -1428.77  6753
O16 	14895.1 	1.14626  1  1262.52  3869
O16 	14895.1 	0.309905  1  144.644  5027
O16 	14895.1 	1.45276  1  -4391.75  9825
O16 	14895.1 	0.377615  1  -1863.29  7081
O16 	14895.1 	0.482717  1  -3258.18  8750
O16 	14895.1 	0.307899  1  -1625.06  6970
O16 	14895.1 	0.234652  1  -4638.42  9996
O16 	14895.1 	0.200039  1  -3071.98  8479
O16 	14895.1 	0.49546  1  -3938.04  9474
O16 	14895.1 	0.272047  1  -1787.43  7160
O16 	14895.1 	0.261264  1  -3161.7  8476
O16 	14895.1 	0.233681  1  -487.849  5767
O16 	14895.1 	0.634238  1  4355.14  692
O16 	14895.1 	0.209867  1  -2280.19  7735
O16 	14895.1 	0.242014  1  4048.22  957
O16 	14895.1 	0.220705  1  2314.49  2790
O16 	14895.1 	0.517401  1  585.761  4747
O16 	14895.1 	0.245809  1  -15.6137  5304
O16 	14895.1 	0.646484  1  -4641.6  10172
O16 	14895.1 	0.936101  1  -3819.71  9115
O16 	14895.1 	0.360157  1  1357.92  3887
O16 	14895.1 	0.196455  1  3606.67  1469
O16 	14895.1 	0.206879  1  -1078.36  6365
O16 	14895.1 	0.20892  1  -3268.24  8639
O16 	14895.1 	0.276348  1  -3370.59  8756
O16 	14895.1 	0.933593  1  241.147  4928
O16 	14895.1 	0.223589  1  884.337  4400
O16 	14895.1 	0.314167  1  -4695.01  10043
O16 	14895.1 	0.225174  1  2108.25  3153
O16 	14895.1 	0.380469  1  482.376  4773
O16 	14895.1 	0.400019  1  3081.96  2007
O16 	14895.1 	5.44731  1  -10.8078  5305
O16 	14895.1 	0.299472  1  402.545  4850
O16 	14895.1 	3.51478  1  -349.519  5565
O16 	14895.1 	0.348881  1  -1258.37  6400
O16 	14895.1 	0.198507  1  -1598.07  7006
O16 	14895.1 	0.319038  1  -248.567  5433
O16 	14895.1 	0.286648  1  191.543  5126
O16 	14895.1 	1.41767  1  -753.395  6081
O16 	14895.1 	0.32968  1  -846.017  6091
O16 	14895.1 	0.261161  1  499.318  4776
O16 	14895.1 	0.51866  1  3528.84  1550
O16 	14895.1 	1.14826  1  926.239  4237
O16 	14895.1 	0.19294  1  -727.577  6200
O16 	14895.1 	0.200663  1  34.5721  5252
O16 	14895.1 	1.71662  1  3264.51  1780
O16 	14895.1 	0.535312  1  -2244.84  7501
O16 	14895.1 	0.31914  1  3885.66  1123
O16 	14895.1 	0.211588  1  1361.38  3857
O16 	14895.1 	2.24185  1  -1368.52  6560
O16 	14895.1 	0.348075  1  -4133.74  9464
O16 	14895.1 	0.466567  1  -2493.23  8015
O16 	14895.1 	0.21424  1  3202.22  1958
O16 	14895.1 	0.351767  1  2551.51  2486
O16 	14895.1 	0.317617  1  -391.452  5596
O16 	14895.1 	0.276521  1  3807.17  1240
O16 	14895.1 	0.572224  1  3678.8  1364
O16 	14895.1 	0.425118  1  -2619.57  7970
O16 	14895.1 	0.332311  1  -616.886  5852
O16 	14895.1 	0.317882  1  2374.71  2749
O16 	14895.1 	0.278567  1  2503.58  2578
O16 	14895.1 	0.689048  1  4906.87  101
O16 	14895.1 	0.321176  1  -2029.64  7635
O16 	14895.1 	0.382552  1  1883.86  3312
O16 	14895.1 	3.28727  1  846.039  4254
O16 	14895.1 	0.210035  1  4503.08  497
O16 	14895.1 	0.238095  1  1831.99  3365
O16 	14895.1 	0.646697  1  -1433.23  6788
O16 	14895.1 	0.485237  1  -4238.22  9841
O16 	14895.1 	0.488001  1  -1768.25  7141
O16 	14895.1 	0.27175  1  -4330.38  9756
O16 	14895.1 	0.209265  1  3504.83  1648
O16 	14895.1 	1.59134  1  312.112  4945
O16 	14895.1 	0.252604  1  -252.719  5630
O16 	14895.1 	0.390303  1  3994.07  993
O16 	14895.1 	0.309053  1  -1876.86  7215
O16 	14895.1 	0.245892  1  1284.59  3957
O16 	14895.1 	0.735419  1  4101.47  967
O16 	14895.1 	0.206935  1  446.607  4817
O16 	14895.1 	0.97188  1  -1795.17  7144
O16 	14895.1 	0.265362  1  4452.81  523
O16 	14895.1 	0.267077  1  -301.364  5495
O16 	14895.1 	0.399031  1  -1754.62  7104
O16 	14895.1 	0.435981  1  4899.31  94
O16 	14895.1 	0.317053  1  -1995.04  7233
O16 	14895.1 	0.208834  1  -3312.85  8723
O16 	14895.1 	0.403884  1  833.113  4454
O16 	14895.1 	0.262716  1  -47.2476  5302
O16 	14895.1 	0.260709  1  1031.75  4185
O16 	14895.1 	0.191272  1  -4435.43  9867
O16 	14895.1 	0.505258  1  4067.57  988
O16 	14895.1 	0.325231  1  -4527.5  10039
O16 	14895.1 	0.752305  1  -2470.73  7781
O16 	14895.1 	0.37935  1  -4575.18  9922
O16 	14895.1 	0.271755  1  37.401  5018
O16 	14895.1 	0.307217  1  759.111  4394
O16 	14895.1 	1.35618  1  -2665.09  8132
O16 	14895.1 	0.242892  1  -3709.63  9001
O16 	14895.1 	0.38018  1  -4523.04  9892
O16 	14895.1 	0.223565  1  909.265  4185
O16 	14895.1 	0.291552  1  2306.8  2728
O16 	14895.1 	0.19105  1  4615.51  411
O16 	14895.1 	0.653849  1  -2394.24  7737
O16 	14895.1 	0.322101  1  4334.69  743
O16 	14895.1 	0.283844  1  1031.12  4218
O16 	14895.1 	0.364857  1  -2540.96  8008
O16 	14895.1 	0.249186  1  -408.397  5677
O16 	14895.1 	0.3107  1  2417.77  2747
O16 	14895.1 	0.456168  1  -837.645  6021
O16 	14895.1 	0.313478  1  -2286.3  7734
O16 	14895.1 	0.46725  1  3021.16  2061
O16 	14895.1 	0.204529  1  379.142  4685
O16 	14895.1 	0.193599  1  -150.763  5295
O16 	14895.1 	0.295458  1  -1894.74  7065
O16 	14895.1 	0.2095  1  3384.61  1669
O16 	14895.1 	0.19245  1  -3110.91  8447
O16 	14895.1 	0.282189  1  -4154.46  9665
O16 	14895.1 	0.317968  1  2098.71  3081
O16 	14895.1 	0.427319  1  2344.37  2721
O16 	14895.1 	0.196214  1  -4969.36  10431
O16 	14895.1 	0.197207  1  2432.48  2750
O16 	14895.1 	0.259956  1  -2460.51  7896
O16 	14895.1 	0.226278  1  -3052.69  8519
O16 	14895.1 	0.3726  1  -4945.3  10394
O16 	14895.1 	0.22239  1  416.47  4770
O16 	14895.1 	0.720756  1  -1500.11  6823
O16 	14895.1 	0.18902  1  3441.57  1571
O16 	14895.1 	0.195508  1  -1383.07  6627
O16 	14895.1 	3.74384  1  -1775.7  7074
O16 	14895.1 	0.563021  1  -4254.52  9758
O16 	14895.1 	1.26931  1  -1670.54  6957
O16 	14895.1 	0.58199  1  1704.97  3410
O16 	14895.1 	0.523665  1  -1531.69  6844
O16 	14895.1 	0.249249  1  -3062.19  8419
O16 	14895.1 	0.326309  1  -1198.19  6428
O16 	14895.1 	0.223593  1  -472.191  5647
O16 	14895.1 	0.544102  1  2046.9  3096
O16 	14895.1 	0.301776  1  4594.48  456
O16 	14895.1 	0.550464  1  -4096.19  9549
O16 	14895.1 	0.358448  1  3719.29  1341
O16 	14895.1 	0.203173  1  -2798.17  8039
O16 	14895.1 	1.05542  1  2547.54  2521
O16 	14895.1 	0.249545  1  4260.66  747
O16 	14895.1 	0.728998  1  1929.59  3115
O16 	14895.1 	0.198832  1  101.487  5089
O16 	14895.1 	0.204383  1  3136.73  1895
O16 	14895.1 	0.302297  1  -2920.59  8303
O16 	14895.1 	0.23112  1  -1074.26  6467
O16 	14895.1 	0.340959  1  -151.154  5370
O16 	14895.1 	0.216313  1  2368.29  2811
O16 	14895.1 	0.189589  1  -690.064  5913
O16 	14895.1 	0.375195  1  2812.71  2329
O16 	14895.1 	0.262289  1  2355.16  2806
O16 	14895.1 	0.200905  1  -732.135  6008
O16 	14895.1 	0.286707  1  4905.09  90
O16 	14895.1 	0.189204  1  2355.67  2753
O16 	14895.1 	0.25116  1  2540.67  2545
O16 	14895.1 	0.279104  1  3795.18  1238
O16 	14895.1 	0.785609  1  -3551.4  8927
O16 	14895.1 	0.189663  1  -4414.97  9830
O16 	14895.1 	0.442249  1  4134.78  917
O16 	14895.1 	0.244344  1  -399.957  5627
O16 	14895.1 	0.269502  1  80.3764  5093
O16 	14895.1 	0.367523  1  -4535.15  10018
O16 	14895.1 	0.213254  1  -3832.15  9347
O16 	14895.1 	0.387431  1  557.247  4690
O16 	14895.1 	0.204856  1  -1305.08  6537
O16 	14895.1 	0.236903  1  3004.38  2075
O16 	14895.1 	0.251396  1  -4860.08  10332
O16 	14895.1 	0.273744  1  1311.71  3780
O16 	14895.1 	0.317132  1  -1233.09  6508
O16 	14895.1 	0.273432  1  4326.11  741
O16 	14895.1 	1.23322  1  -3222.1  8473
O16 	14895.1 	0.212968  1  3760.41  1193
O16 	14895.1 	1.20243  1  -4365.95  9970
O16 	14895.1 	0.736567  1  -3.38105  5252
O16 	14895.1 	0.570908  1  1752.54  3451
O16 	14895.1 	0.458787  1  -4522.95  10088
O16 	14895.1 	0.418896  1  3938.83  1105
O16 	14895.1 	0.326952  1  553.296  4719
O16 	14895.1 	0.403297  1  -2417.06  7727
O16 	14895.1 	0.291724  1  -4806.67  10327
O16 	14895.1 	0.489078  1  -4819.1  10246
O16 	14895.1 	0.222062  1  -919.865  6130
O16 	14895.1 	0.266061  1  -1242.86  6524
O16 	14895.1 	0.344523  1  -4666.88  10085
O16 	14895.1 	0.267306  1  -1726.54  7102
O16 	14895.1 	0.346545  1  2398.42  2716
O16 	14895.1 	1.18507  1  1669.99  3472
O16 	14895.1 	0.195982  1  -4003.34  9464
O16 	14895.1 	3.00248  1  4572.07  474
O16 	14895.1 	1.20221  1  1511.89  3688
O16 	14895.1 	0.221384  1  -47.5952  5242
O16 	14895.1 	0.429376  1  253.748  4948
O16 	14895.1 	0.242444  1  -3552.85  8908
O16 	14895.1 	0.272115  1  2138.12  2919
O16 	14895.1 	0.248899  1  3520.16  1526
O16 	14895.1 	0.262399  1  -1745.51  6945
O16 	14895.1 	3.58045  1  4067.97  1007
O16 	14895.1 	0.205923  1  3361.58  1722
O16 	14895.1 	0.45512  1  2614.79  2493
O16 	14895.1 	0.444321  1  -2646.55  8040
O16 	14895.1 	0.21093  1  -3296.3  8744
O16 	14895.1 	0.239335  1  999.012  4068
O16 	14895.1 	0.428046  1  -437.798  5677
O16 	14895.1 	0.535084  1  797.603  4373
O16 	14895.1 	0.439882  1  -2236.65  7671
O16 	14895.1 	0.287624  1  3354.61  1729
O16 	14895.1 	0.288519  1  1285.05  3805
O16 	14895.1 	1.1181  1  -4733.82  10324
O16 	14895.1 	0.321639  1  -378.458  5559
O16 	14895.1 	1.96441  1  -3489.59  8861
O16 	14895.1 	0.48206  1  1924.45  3292
O16 	14895.1 	0.626102  1  714.319  4444
O16 	14895.1 	0.29156  1  2210.31  2982
O16 	14895.1 	0.293362  1  -4087.09  9519
O16 	14895.1 	0.569848  1  -1291.48  6657
O16 	14895.1 	2.81567  1  2381.83  2757
O16 	14895.1 	0.445542  1  2627.38  2436
O16 	14895.1 	0.260768  1  -3833.09  9209
O16 	14895.1 	0.286747  1  -4936.49  10187
O16 	14895.1 	0.210445  1  -4495.82  9814
O16 	14895.1 	0.26365  1  -578.215  5743
O16 	14895.1 	0.19821  1  2114.04  3066
O16 	14895.1 	0.580351  1  1985.09  3205
O16 	14895.1 	0.212314  1  -1930.31  7324
O16 	14895.1 	0.405365  1  4916.78  96
O16 	14895.1 	0.666099  1  -1238.64  6536
O16 	14895.1 	0.264146  1  437.581  4695
O16 	14895.1 	0.236832  1  188.219  4977
O16 	14895.1 	0.301326  1  4004  1055
O16 	14895.1 	0.220584  1  -4091.12  9508
O16 	14895.1 	0.205179  1  -415.366  5664
O16 	14895.1 	1.25459  1  -234.099  5299
O16 	14895.1 	0.382286  1  -2948.98  8345
O16 	14895.1 	0.303593  1  -4334.98  9598
O16 	14895.1 	0.67742  1  -2813.28  8189
O16 	14895.1 	0.491282  1  -2290.5  7604
O16 	14895.1 	0.23042  1  -3966.92  9485
O16 	14895.1 	0.382104  1  -3961  9478
O16 	14895.1 	0.251576  1  -1845.63  7137
O16 	14895.1 	0.523933  1  1556.38  3723
O16 	14895.1 	0.758238  1  4339.32  743
O16 	14895.1 	0.347332  1  -378.598  5697
O16 	14895.1 	0.422094  1  -522.868  5862
O16 	14895.1 	0.482439  1  -2003.63  7273
O16 	14895.1 	0.453216  1  -2419.53  7700
O16 	14895.1 	0.963993  1  -951.684  6214
O16 	14895.1 	0.217246  1  -3625.36  9051
O16 	14895.1 	0.32795  1  3067.49  1988
O16 	14895.1 	0.777192  1  -2691.92  8264
O16 	14895.1 	0.19997  1  -4979.42  10250
O16 	14895.1 	0.25707  1  3159.63  1920
O16 	14895.1 	0.36472  1  3649.05  1332
O16 	14895.1 	0.198669  1  3978.17  1062
O16 	14895.1 	0.233953  1  3581.1  1463
O16 	14895.1 	0.904484  1  -405.299  5667
O16 	14895.1 	0.389395  1  1426.35  3741
O16 	14895.1 	0.382242  1  1722.73  3309
O16 	14895.1 	0.338618  1  -1267.12  6497
O16 	14895.1 	1.34735  1  -2799.28  8172
O16 	14895.1 	0.216191  1  738.965  4264
O16 	14895.1 	0.200688  1  -1585.7  6940
O16 	14895.1 	0.547923  1  -2577.31  7923
O16 	14895.1 	0.304363  1  3737.44  1268
O16 	14895.1 	0.255535  1  -4080.21  9265
O16 	14895.1 	0.355882  1  2366.32  2733
O16 	14895.1 	1.26689  1  3032.89  2115
O16 	14895.1 	0.448105  1  1326.49  3904
O16 	14895.1 	0.207551  1  3504.65  1524
O16 	14895.1 	0.503952  1  2747.96  2409
O16 	14895.1 	0.315853  1  -3785.52  9235
O16 	14895.1 	0.245053  1  352.221  4950
O16 	14895.1 	0.195572  1  2427.28  2784
O16 	14895.1 	0.345964  1  964.033  4396
O16 	14895.1 	0.189149  1  852.618  4221
O16 	14895.1 	0.233246  1  1322.34  3959
O16 	14895.1 	0.35617  1  439.341  4787
O16 	14895.1 	0.277832  1  -4659.45  10040
O16 	14895.1 	0.188278  1  -2549.76  7905
O16 	14895.1 	0.374547  1  972.947  4253
O16 	14895.1 	0.213197  1  3467.3  1661
O16 	14895.1 	0.968887  1  2150.77  3032
O16 	14895.1 	0.404465  1  -2770.72  8292
O16 	14895.1 	0.313715  1  -4020.21  9465
O16 	14895.1 	1.68598  1  3537.97  1541
O16 	14895.1 	0.653282  1  3299.78  1800
O16 	14895.1 	0.437446  1  2003.26  3063
O16 	14895.1 	0.324599  1  -604.798  5742
O16 	14895.1 	0.331502  1  -1723.15  7073
O16 	14895.1 	0.190541  1  -2767.67  8073
O16 	14895.1 	0.438208  1  -3849.13  9282
O16 	14895.1 	0.649033  1  4654.96  374
O16 	14895.1 	0.289275  1  4080.45  904
O16 	14895.1 	0.262825  1  -1812.73  7056
O16 	14895.1 	0.370864  1  184.892  5052
O16 	14895.1 	0.291432  1  784.17  4480
O16 	14895.1 	0.44529  1  818.935  4243
O16 	14895.1 	0.557336  1  3558.3  1487
O16 	14895.1 	0.238932  1  85.8357  5031
O16 	14895.1 	0.329711  1  3163.48  1831
O16 	14895.1 	0.195378  1  -1216.91  6505
O16 	14895.1 	0.368908  1  1710.1  3474
O16 	14895.1 	0.205525  1  3077.94  2024
O16 	14895.1 	0.302185  1  -3027.15  8444
O16 	14895.1 	0.22304  1  2636.99  2403
O16 	14895.1 	0.273871  1  -568.529  5935
O16 	14895.1 	0.425212  1  -254.377  5425
O16 	14895.1 	0.337243  1  261.654  5082
O16 	14895.1 	1.22134  1  153.053  5116
O16 	14895.1 	0.337569  1  -2782  8375
O16 	14895.1 	0.877496  1  2785.17  2291
O16 	14895.1 	0.322613  1  987.279  4212
O16 	14895.1 	0.258539  1  2773.49  2323
O16 	14895.1 	0.265524  1  -1934.14  7300
O16 	14895.1 	0.318364  1  3155.77  1932
O16 	14895.1 	0.415878  1  2147.29  2937
O16 	14895.1 	0.293713  1  650.697  4507
O16 	14895.1 	0.257531  1  1932.51  3223
O16 	14895.1 	1.57575  1  4195.68  878
O16 	14895.1 	0.561579  1  -3289.23  8641
O16 	14895.1 	2.28296  1  -3909.15  9459
O16 	14895.1 	0.21531  1  3504.28  1552
O16 	14895.1 	2.35581  1  4060.25  977
O16 	14895.1 	0.263933  1  -1053.77  6386
O16 	14895.1 	2.02025  1  330.327  4898
O16 	14895.1 	1.08233  1  4424  598
O16 	14895.1 	0.211042  1  -3152.16  8452
O16 	14895.1 	0.222454  1  259.188  5044
O16 	14895.1 	0.245752  1  29.3687  5282
O16 	14895.1 	0.405624  1  982.038  4264
O16 	14895.1 	0.252349  1  -3454.75  8880
O16 	14895.1 	0.760168  1  3030.07  2007
O16 	14895.1 	0.879517  1  2327.36  2866
O16 	14895.1 	0.318434  1  4250.52  814
O16 	14895.1 	1.08207  1  -217.262  5334
O16 	14895.1 	0.20107  1  1936.57  3255
O16 	14895.1 	0.23264  1  2989.31  2049
O16 	14895.1 	0.325833  1  -4072.12  9438
O16 	14895.1 	0.225468  1  -360.233  5539
O16 	14895.1 	0.302295  1  -415.484  5575
O16 	14895.1 	1.0582  1  -828.56  6084
O16 	14895.1 	0.349561  1  -211.564  5458
O16 	14895.1 	2.77601  1  2795.99  2322
O16 	14895.1 	0.438685  1  990.841  4143
O16 	14895.1 	0.355865  1  239.671  4988
O16 	14895.1 	0.246295  1  4389.11  666
O16 	14895.1 	0.55312  1  -4803.41  10208
O16 	14895.1 	0.188565  1  -843.601  6201
O16 	14895.1 	0.495227  1  -602.945  5906
O16 	14895.1 	0.247427  1  4065.13  958
O16 	14895.1 	0.210127  1  -4562.5  9974
O16 	14895.1 	0.274134  1  670.953  4517
O16 	14895.1 	0.193449  1  -711.317  5889
O16 	14895.1 	0.67305  1  1450.73  3681
O16 	14895.1 	0.632296  1  3218.24  1818
O16 	14895.1 	0.19845  1  -4925.41  10419
O16 	14895.1 	0.608355  1  1725.2  3535
O16 	14895.1 	0.222819  1  -4076.1  9107
O16 	14895.1 	0.359747  1  -3533.61  9000
O16 	14895.1 	0.593457  1  -2670.95  8041
O16 	14895.1 	9.67816  1  -619.429  5749
O16 	14895.1 	0.240514  1  -2546.75  7894
O16 	14895.1 	0.315433  1  -1325.09  6500
O16 	14895.1 	0.222645  1  -1209.48  6418
O16 	14895.1 	0.30003  1  -2232.19  7490
O16 	14895.1 	0.354533  1  -2996.42  8377
O16 	14895.1 	0.337615  1  3024.98  2104
O16 	14895.1 	0.391695  1  -4882.86  10305
O16 	14895.1 	0.302647  1  4484.32  553
O16 	14895.1 	0.242673  1  -940.695  6118
O16 	14895.1 	0.363611  1  -3119.19  8414
O16 	14895.1 	0.257463  1  -4006.43  9504
O16 	14895.1 	0.268444  1  3334.48  1752
O16 	14895.1 	1.57769  1  -4271.92  9555
O16 	14895.1 	0.212196  1  951.191  4250
O16 	14895.1 	0.20541  1  -1201.38  6537
O16 	14895.1 	0.198436  1  4336.77  741
O16 	14895.1 	0.297785  1  1900.93  3298
O16 	14895.1 	1.63858  1  -932.211  6176
O16 	14895.1 	0.203838  1  2957.84  2143
O16 	14895.1 	0.271628  1  1688.11  3439
O16 	14895.1 	0.411086  1  2468.4  2695
O16 	14895.1 	0.715047  1  -4341  9920
O16 	14895.1 	0.214307  1  1366.38  3751
O16 	14895.1 	0.210145  1  2530.07  2538
O16 	14895.1 	0.189803  1  -3227.18  8477
O16 	14895.1 	0.25109  1  1867.6  3167
O16 	14895.1 	0.300137  1  -2799.04  8208
O16 	14895.1 	0.242779  1  3881.24  1234
O16 	14895.1 	0.212219  1  4290.86  758
O16 	14895.1 	0.259316  1  4310.53  746
O16 	14895.1 	0.563944  1  4567.06  441
O16 	14895.1 	0.742509  1  4985.11  18
O16 	14895.1 	0.215758  1  719.697  4609
O16 	14895.1 	0.214367  1  -2164.72  7631
O16 	14895.1 	0.436234  1  -1572.16  6918
O16 	14895.1 	0.200338  1  -4772.35  10247
O16 	14895.1 	0.565856  1  2043.83  3011
O16 	14895.1 	0.299821  1  435.219  4595
O16 	14895.1 	0.846588  1  4891.13  107
O16 	14895.1 	0.226252  1  68.1322  5119
O16 	14895.1 	0.602004  1  -946.361  6209
O16 	14895.1 	0.206725  1  -1299.67  6563
O16 	14895.1 	0.199128  1  -4291.96  9674
O16 	14895.1 	0.192264  1  1806.53  3346
O16 	14895.1 	0.280544  1  -837.473  6199
O16 	14895.1 	0.248231  1  -2116.31  7511
O16 	14895.1 	0.407303  1  3427.47  1605
O16 	14895.1 	0.188351  1  3369.14  1671
O16 	14895.1 	0.445338  1  3391.04  1691
O16 	14895.1 	0.284328  1  -4289.01  9839
O16 	14895.1 	0.206643  1  4743.73  290
O16 	14895.1 	0.230565  1  2552.21  2591
O16 	14895.1 	0.192134  1  -2997.76  8416
O16 	14895.1 	0.34646  1  420.726  4867
O16 	14895.1 	0.195385  1  1340.27  3794
O16 	14895.1 	0.226513  1  4724.87  273
O16 	14895.1 	0.326972  1  2796.05  2297
O16 	14895.1 	0.754655  1  -158.885  5274
O16 	14895.1 	0.2809  1  -331.8  5549
O16 	14895.1 	0.385736  1  -733.764  6023
O16 	14895.1 	0.250496  1  -962.777  6271
O16 	14895.1 	0.288854  1  3608.08  1416
O16 	14895.1 	1.21497  1  -1162.65  6335
O16 	14895.1 	0.272376  1  -1874.64  7067
O16 	14895.1 	0.314224  1  2631.34  2434
O16 	14895.1 	0.210878  1  4784.99  213
O16 	14895.1 	0.252519  1  1384.47  3832
O16 	14895.1 	0.411099  1  454.52  4745
O16 	14895.1 	0.744663  1  2397.67  2613
O16 	14895.1 	1.21554  1  -4336.3  9668
O16 	14895.1 	0.226715  1  -4931.55  10347
O16 	14895.1 	1.25414  1  520.328  4608
O16 	14895.1 	0.210416  1  2154.49  3028
O16 	14895.1 	1.63508  1  264.424  5078
O16 	14895.1 	0.21088  1  -4350.31  9847
O16 	14895.1 	0.672415  1  -830.187  6166
O16 	14895.1 	0.711142  1  -2733.9  8147
O16 	14895.1 	0.199442  1  1920.86  3221
O16 	14895.1 	0.218485  1  444.919  4843
O16 	14895.1 	0.193318  1  1807.51  3328
O16 	14895.1 	0.208665  1  3323.86  1767
O16 	14895.1 	0.211177  1  -4702.15  10025
O16 	14895.1 	0.207864  1  -2971.85  8333
O16 	14895.1 	0.567951  1  1965.96  3118
O16 	14895.1 	0.436826  1  -2347.7  7793
O16 	14895.1 	0.376167  1  -2566.29  7977
O16 	14895.1 	0.546114  1  -4147.55  9602
O16 	14895.1 	0.779725  1  2804.39  2320
O16 	14895.1 	0.506229  1  4553.84  485
O16 	14895.1 	0.203798  1  973.955  4160
O16 	14895.1 	0.704331  1  -304.115  5474
O16 	14895.1 	0.279855  1  -1380.88  6592
O16 	14895.1 	0.188832  1  -1779.53  7124
O16 	14895.1 	0.439685  1  -3552.75  8974
O16 	14895.1 	0.213094  1  3508.67  1581
O16 	14895.1 	0.45108  1  -4036.84  9276
O16 	14895.1 	0.196134  1  2146.67  2982
O16 	14895.1 	0.222312  1  -2108.65  7435
O16 	14895.1 	0.760565  1  -2400.2  7733
O16 	14895.1 	0.194899  1  3359.76  1748
O16 	14895.1 	0.340276  1  3854.2  1209
O16 	14895.1 	0.404157  1  1090.31  4074
O16 	14895.1 	0.267195  1  78.0743  5191
O16 	14895.1 	0.236328  1  -478.721  5732
O16 	14895.1 	1.39189  1  1482.41  3709
O16 	14895.1 	0.23967  1  4735.08  286
O16 	14895.1 	0.236178  1  4173.36  859
O16 	14895.1 	0.379768  1  3761.66  1268
O16 	14895.1 	0.569032  1  1918.38  3176
O16 	14895.1 	0.232089  1  2309.62  2808
O16 	14895.1 	0.267892  1  -4917.55  10529
O16 	14895.1 	0.638068  1  -2345.46  7615
O16 	14895.1 	3.44509  1  -2252.64  7679
O16 	14895.1 	0.294075  1  -467.108  5736
O16 	14895.1 	0.2559  1  1690.12  3400
O16 	14895.1 	0.51443  1  3179.1  1930
O16 	14895.1 	0.333606  1  -3487.03  8891
O16 	14895.1 	0.34228  1  3707.44  1317
O16 	14895.1 	0.395508  1  -4678.03  10113
O16 	14895.1 	0.778436  1  4060.07  977
O16 	14895.1 	1.6944  1  1079.01  4092
O16 	14895.1 	0.219168  1  -1328.39  6616
O16 	14895.1 	0.424964  1  -4126.07  9512
O16 	14895.1 	0.291158  1  3240.46  1752
O16 	14895.1 	0.350927  1  -1225.93  6695
O16 	14895.1 	1.08881  1  502.829  4622
O16 	14895.1 	0.190908  1  -3457.07  8814
O16 	14895.1 	0.323694  1  4182.64  885
O16 	14895.1 	0.635955  1  4816.22  183
O16 	14895.1 	0.23278  1  -1921.59  7405
O16 	14895.1 	0.48591  1  399.812  4759
O16 	14895.1 	0.224549  1  950.113  4218
O16 	14895.1 	0.366507  1  632.51  4453
O16 	14895.1 	0.967397  1  4768.15  244
O16 	14895.1 	0.29865  1  -652.237  6032
O16 	14895.1 	0.271606  1  -3287.22  8659
O16 	14895.1 	0.666207  1  1294.54  3946
O16 	14895.1 	0.41618  1  2961.07  2111
O16 	14895.1 	0.198523  1  3203.62  1874
O16 	14895.1 	0.404747  1  -563.594  5914
O16 	14895.1 	0.90968  1  -1010.81  6314
O16 	14895.1 	0.302626  1  135.646  5156
O16 	14895.1 	0.636415  1  -3354.64  8943
O16 	14895.1 	0.314033  1  4918.43  89
O16 	14895.1 	0.84703  1  -327.642  5574
O16 	14895.1 	0.793548  1  3978.82  1061
O16 	14895.1 	0.511266  1  -259.091  5423
O16 	14895.1 	0.257381  1  -2323.33  7661
O16 	14895.1 	1.86558  1  1920.65  3233
O16 	14895.1 	0.244733  1  -1397.19  6497
O16 	14895.1 	0.487959  1  3979.38  1091
O16 	14895.1 	0.19653  1  -4250.12  9683
O16 	14895.1 	1.31365  1  301.075  4949
O16 	14895.1 	0.666046  1  -3716.84  9329
O16 	14895.1 	0.631193  1  2472.26  2645
O16 	14895.1 	0.436605  1  3617.81  1465
O16 	14895.1 	0.192938  1  -4905.11  10427
O16 	14895.1 	0.858299  1  -1721.88  7005
O16 	14895.1 	0.23083  1  -1135.7  6448
O16 	14895.1 	0.587935  1  1279.88  3869
O16 	14895.1 	0.356552  1  3787.42  1240
O16 	14895.1 	0.226229  1  351.05  4771
O16 	14895.1 	0.290882  1  -879.85  6187
O16 	14895.1 	0.306485  1  -4583.84  9988
O16 	14895.1 	0.382466  1  -2268  7512
O16 	14895.1 	1.02769  1  -2417.41  7759
O16 	14895.1 	0.318111  1  -781.238  6017
O16 	14895.1 	0.26057  1  620.469  4682
O16 	14895.1 	0.221155  1  -317.547  5520
O16 	14895.1 	0.200375  1  2853.25  2259
O16 	14895.1 	0.203509  1  -2894.52  8248
O16 	14895.1 	0.294407  1  -4257.42  9622
O16 	14895.1 	0.208615  1  2437.27  2692
O16 	14895.1 	0.194152  1  -2755.29  7857
O16 	14895.1 	0.297945  1  -4164.7  9266
O16 	14895.1 	0.217226  1  -2779.46  8267
O16 	14895.1 	0.480181  1  2422.8  2733
O16 	14895.1 	0.214418  1  -3897.76  9291
O16 	14895.1 	0.939221  1  -1909.19  7092
O16 	14895.1 	0.256173  1  -2494.44  7825
O16 	14895.1 	0.19115  1  4311.21  724
O16 	14895.1 	0.214282  1  -107.907  5476
O16 	14895.1 	0.338305  1  -3346.3  8767
O16 	14895.1 	0.554484  1  2899.93  2136
O16 	14895.1 	0.203433  1  1683.41  3411
O16 	14895.1 	1.45588  1  -1105.5  6340
O16 	14895.1 	0.330438  1  2728.57  2418
O16 	14895.1 	3.80433  1  253.265  4994
O16 	14895.1 	0.37656  1  1290.63  3919
O16 	14895.1 	0.203188  1  -3970.69  9250
O16 	14895.1 	1.52104  1  2547.64  2560
O16 	14895.1 	0.577657  1  -639.829  5707
O16 	14895.1 	0.312651  1  1267.07  3940
O16 	14895.1 	0.852444  1  -1378.73  6709
O16 	14895.1 	0.370565  1  -2213.87  7386
O16 	14895.1 	0.216371  1  -3746.89  9253
O16 	14895.1 	0.194674  1  1445.04  3873
O16 	14895.1 	0.201499  1  -4941  10438
O16 	14895.1 	0.223568  1  -3808.82  9183
O16 	14895.1 	0.190295  1  -3158.64  8539
O16 	14895.1 	0.282329  1  -2577.01  8046
O16 	14895.1 	0.215656  1  1866.72  3308
O16 	14895.1 	0.218861  1  -3970.27  9311
O16 	14895.1 	1.43159  1  674.055  4631
O16 	14895.1 	0.281625  1  -1699.32  7095
O16 	14895.1 	1.83579  1  568.152  4591
O16 	14895.1 	2.52253  1  -294.308  5590
O16 	14895.1 	0.226301  1  4778.83  230
O16 	14895.1 	0.959825  1  -2570.09  8013
O16 	14895.1 	0.223841  1  -1195.82  6483
O16 	14895.1 	0.198045  1  2337.82  2740
O16 	14895.1 	0.431119  1  -4143.81  9663
O16 	14895.1 	0.243837  1  1032.75  4163
O16 	14895.1 	0.237797  1  175.047  5059
O16 	14895.1 	0.333995  1  4862.56  163
O16 	14895.1 	0.364811  1  -1319.29  6780
O16 	14895.1 	0.209712  1  -2123.47  7502
O16 	14895.1 	0.744705  1  -2244.39  7667
O16 	14895.1 	0.378787  1  3332.22  1860
O16 	14895.1 	0.215882  1  3702.84  1378
O16 	14895.1 	0.201116  1  4218.46  789
O16 	14895.1 	0.314939  1  -4357.24  9739
O16 	14895.1 	0.19768  1  -3433.13  8848
O16 	14895.1 	0.191632  1  4729.24  268
O16 	14895.1 	0.447516  1  -2932.58  8238
O16 	14895.1 	0.199632  1  -27.9124  5373
O16 	14895.1 	0.447425  1  -2347.37  7661
O16 	14895.1 	0.262694  1  510.838  4781
O16 	14895.1 	0.219127  1  2806.25  2225
O16 	14895.1 	0.246568  1  1910.53  3227
O16 	14895.1 	0.388125  1  -1662.33  7066
O16 	14895.1 	0.21292  1  -3634.03  8895
O16 	14895.1 	0.465072  1  -4363.74  9829
O16 	14895.1 	0.597704  1  4401.41  631
O16 	14895.1 	0.994404  1  4343.26  682
O16 	14895.1 	0.308628  1  872.557  4278
O16 	14895.1 	1.22915  1  2035.7  3032
O16 	14895.1 	0.394355  1  1582.98  3641
O16 	14895.1 	1.19977  1  -4661.91  10228
O16 	14895.1 	0.203659  1  -1211.32  6550
O16 	14895.1 	0.307088  1  939.301  4142
O16 	14895.1 	0.19443  1  1623.66  3565
O16 	14895.1 	0.816978  1  -3254.52  8665
O16 	14895.1 	0.318019  1  87.4204  5240
O16 	14895.1 	0.295604  1  -2427.01  7929
O16 	14895.1 	0.418539  1  3710.4  1355
O16 	14895.1 	0.272976  1  -1379.38  6631
O16 	14895.1 	0.229152  1  3857.98  1247
O16 	14895.1 	0.799218  1  -2368.05  7658
O16 	14895.1 	0.741354  1  -2488.21  8112
O16 	14895.1 	0.258482  1  2472.71  2767
O16 	14895.1 	0.690396  1  -2379.99  7822
O16 	14895.1 	0.766545  1  2709.28  2316
O16 	14895.1 	0.306865  1  -3775.9  9160
O16 	14895.1 	0.246363  1  437.383  4729
O16 	14895.1 	0.276813  1  2345.8  2783
O16 	14895.1 	0.195742  1  -1410.48  6650
O16 	14895.1 	0.55627  1  2814.81  2385
O16 	14895.1 	0.48058  1  2382.37  2810
O16 	14895.1 	0.235642  1  -1184.6  6497
O16 	14895.1 	0.557861  1  3815.91  1205
O16 	14895.1 	0.228956  1  -3492.58  8727
O16 	14895.1 	0.260588  1  -3461.22  8941
O16 	14895.1 	0.393319  1  -754.054  5916
O16 	14895.1 	0.272774  1  -2377.72  7569
O16 	14895.1 	0.225923  1  3023.93  2079
O16 	14895.1 	0.494033  1  1173.42  4051
O16 	14895.1 	0.229952  1  3851.4  1225
O16 	14895.1 	0.759161  1  -1908.15  7308
O16 	14895.1 	0.299951  1  -828.443  6149
O16 	14895.1 	0.216476  1  2555.14  2621
O16 	14895.1 	0.22738  1  -3543.46  9036
O16 	14895.1 	1.36419  1  -3751.79  9310
O16 	14895.1 	0.766326  1  1229.4  4061
O16 	14895.1 	0.274025  1  3200.04  1840
O16 	14895.1 	0.259327  1  829.071  4444
O16 	14895.1 	1.27337  1  4449.31  545
O16 	14895.1 	0.259741  1  -2211.07  7476
O16 	14895.1 	0.395811  1  848.692  4267
O16 	14895.1 	0.211945  1  4830.19  175
O16 	14895.1 	0.23848  1  -3299.54  8744
O16 	14895.1 	0.653257  1  1547.69  3649
O16 	14895.1 	0.243906  1  -1554.98  6979
O16 	14895.1 	0.217051  1  3275.3  1817
O16 	14895.1 	0.230723  1  -4200.51  9637
O16 	14895.1 	0.258898  1  -1375.94  6660
O16 	14895.1 	0.221548  1  18.7717  5331
O16 	14895.1 	0.424575  1  4716.12  317
O16 	14895.1 	0.360842  1  4273.39  783
O16 	14895.1 	1.48221  1  1728.52  3464
O16 	14895.1 	0.218653  1  -13.9711  5295
O16 	14895.1 	0.207727  1  85.8179  5114
O16 	14895.1 	0.462919  1  122.861  5051
O16 	14895.1 	0.709416  1  -4289.19  9661
O16 	14895.1 	0.605892  1  -4552.69  10058
O16 	14895.1 	0.978287  1  614.009  4609
O16 	14895.1 	0.243823  1  -529.23  5681
O16 	14895.1 	2.24158  1  -251.578  5360
O16 	14895.1 	0.550795  1  2695.39  2380
O16 	14895.1 	0.615076  1  -3165.41  8637
O16 	14895.1 	0.347494  1  -1757.57  7058
O16 	14895.1 	0.197859  1  -1613.76  6819
O16 	14895.1 	0.203307  1  2602.48  2525
O16 	14895.1 	0.329777  1  -407.558  5630
O16 	14895.1 	2.77132  1  1982.44  3171
O16 	14895.1 	0.489853  1  350.639  4922
O16 	14895.1 	2.20595  1  -2843.43  8290
O16 	14895.1 	0.222844  1  -2767.01  8248
O16 	14895.1 	0.223053  1  1152.95  4097
O16 	14895.1 	0.275019  1  2482.11  2751
O16 	14895.1 	0.723385  1  -2511.72  7990
O16 	14895.1 	0.202383  1  3246  1791
O16 	14895.1 	0.199563  1  3719.31  1288
O16 	14895.1 	0.464871  1  1462.93  3715
O16 	14895.1 	0.280399  1  -2039.91  7420
O16 	14895.1 	0.311652  1  -902.806  6146
O16 	14895.1 	0.227408  1  4913.33  93
O16 	14895.1 	0.191608  1  3275.26  1852
O16 	14895.1 	0.238712  1  430.893  4842
O16 	14895.1 	0.189691  1  2741.61  2241
O16 	14895.1 	0.253992  1  3068.42  2015
O16 	14895.1 	0.204888  1  -3972.62  9453
O16 	14895.1 	0.287764  1  -976.129  6223
O16 	14895.1 	0.518112  1  -1133.7  6502
O16 	14895.1 	0.520473  1  2102.49  3039
O16 	14895.1 	6.48651  1  -2192.45  7687
O16 	14895.1 	0.351449  1  3819.91  1277
O16 	14895.1 	0.24546  1  -2819.88  8304
O16 	14895.1 	0.670301  1  -1830.82  7013
O16 	14895.1 	0.258859  1  -3123.73  8716
O16 	14895.1 	0.99083  1  -500.312  5628
O16 	14895.1 	0.353652  1  -1886.24  7131
O16 	14895.1 	0.224473  1  -4287.28  9818
O16 	14895.1 	1.5056  1  3249.85  1812
O16 	14895.1 	0.24491  1  -952.77  6141
O16 	14895.1 	0.23402  1  4431.5  577
O16 	14895.1 	0.26588  1  1590.12  3542
O16 	14895.1 	0.252442  1  -4799.78  10184
O16 	14895.1 	0.234672  1  1647.5  3524
O16 	14895.1 	0.295882  1  461.31  4746
O16 	14895.1 	10.2369  1  1745.83  3464
O16 	14895.1 	0.301007  1  175.544  5081
O16 	14895.1 	0.212252  1  -1494.48  6670
O16 	14895.1 	0.191706  1  -2860.65  8255
O16 	14895.1 	0.265696  1  -243.295  5402
O16 	14895.1 	0.550865  1  4157.6  881
O16 	14895.1 	0.23987  1  896.692  4283
O16 	14895.1 	0.273541  1  4502.36  525
O16 	14895.1 	0.370909  1  -3811.85  9305
O16 	14895.1 	1.22552  1  -3838.78  9268
O16 	14895.1 	0.371609  1  -3308.03  8724
O16 	14895.1 	0.213781  1  -3110.34  8505
O16 	14895.1 	0.316186  1  -2215.47  7509
O16 	14895.1 	0.391279  1  68.6077  5152
O16 	14895.1 	0.23473  1  2446.14  2653
O16 	14895.1 	0.243779  1  4128.01  905
O16 	14895.1 	0.465487  1  3641.1  1450
O16 	14895.1 	0.31996  1  -703.559  5863
O16 	14895.1 	0.219442  1  4677.66  342
O16 	14895.1 	0.349864  1  453.425  4754
O16 	14895.1 	0.237855  1  1730.69  3457
O16 	14895.1 	0.197577  1  4206.3  889
O16 	14895.1 	0.264246  1  626.581  4568
O16 	14895.1 	0.307911  1  1803.45  3366
O16 	14895.1 	0.228745  1  -1762.55  7041
O16 	14895.1 	0.20979  1  192.571  4966
O16 	14895.1 	0.202679  1  -169.304  5455
O16 	14895.1 	0.267281  1  1119.24  4059
O16 	14895.1 	0.193092  1  4042.19  989
O16 	14895.1 	1.93504  1  -2775.87  8076
O16 	14895.1 	0.268734  1  -1565.1  6877
O16 	14895.1 	0.190777  1  -488.458  5861
O16 	14895.1 	0.26683  1  4122.85  934
O16 	14895.1 	0.393685  1  4799.07  208
O16 	14895.1 	0.515163  1  -2984.54  8468
O16 	14895.1 	0.230135  1  -1221.46  6582
O16 	14895.1 	0.267084  1  1138.29  4075
O16 	14895.1 	0.239009  1  -1766.18  7078
O16 	14895.1 	0.454585  1  1834.9  3367
O16 	14895.1 	0.265193  1  2225.63  2921
O16 	14895.1 	0.478193  1  1347.84  3842
O16 	14895.1 	0.430155  1  -163.703  5357
O16 	14895.1 	0.766191  1  -4739.59  10175
O16 	14895.1 	1.10767  1  3321.65  1722
O16 	14895.1 	0.254444  1  -4426.42  10047
O16 	14895.1 	0.257371  1  3486.94  1567
O16 	14895.1 	6.59441  1  -2247.64  7493
O16 	14895.1 	0.708937  1  4694.37  318
O16 	14895.1 	0.255726  1  3475.05  1518
O16 	14895.1 	0.222115  1  -2385.68  7756
O16 	14895.1 	0.602067  1  -361.079  5653
O16 	14895.1 	0.22479  1  -3267.3  8569
O16 	14895.1 	0.200127  1  3064.32  2023
O16 	14895.1 	0.195179  1  149.452  5058
O16 	14895.1 	0.294513  1  -4020.75  9493
O16 	14895.1 	0.234372  1  1966.97  3274
O16 	14895.1 	0.230157  1  -2657.25  8071
O16 	14895.1 	0.337439  1  -1623.29  7012
O16 	14895.1 	1.06532  1  -695.802  6006
O16 	14895.1 	0.267506  1  4092.28  941
O16 	14895.1 	0.349005  1  1340.14  3818
O16 	14895.1 	0.454567  1  -449.848  5659
O16 	14895.1 	4.12965  1  -3130.2  8533
O16 	14895.1 	0.324178  1  2991.19  2089
O16 	14895.1 	0.224952  1  -833.463  6073
O16 	14895.1 	0.968803  1  2676.54  2435
O16 	14895.1 	0.404747  1  -2580.14  7827
O16 	14895.1 	0.640688  1  4323.33  722
O16 	14895.1 	0.214473  1  -1411.85  6751
O16 	14895.1 	0.216031  1  4027.1  994
O16 	14895.1 	0.218584  1  4634.72  388
O16 	14895.1 	0.23371  1  281.713  4903
O16 	14895.1 	0.19094  1  -4169.85  9638
O16 	14895.1 	0.359373  1  -1844  7045
O16 	14895.1 	0.282069  1  884.234  4284
O16 	14895.1 	0.558292  1  -3620.56  9020
O16 	14895.1 	0.241543  1  -4388.28  9822
O16 	14895.1 	0.194342  1  -2598.99  7993
O16 	14895.1 	0.416857  1  3162.95  1921
O16 	14895.1 	0.24949  1  3242.96  1846
O16 	14895.1 	0.696097  1  1648.83  3539
O16 	14895.1 	0.929697  1  -4743.96  10078
O16 	14895.1 	1.36829  1  245.058  5145
O16 	14895.1 	0.271099  1  2800.33  2306
O16 	14895.1 	0.352304  1  4026.46  1003
O16 	14895.1 	0.256965  1  2198.69  2880
O16 	14895.1 	0.276468  1  2715.46  2393
O16 	14895.1 	0.483463  1  1709.2  3513
O16 	14895.1 	0.213343  1  1073.09  4145
O16 	14895.1 	0.234799  1  2508.58  2590
O16 	14895.1 	0.565725  1  4026.54  1065
O16 	14895.1 	0.275548  1  257.256  4885
O16 	14895.1 	0.298414  1  3213.68  1896
O16 	14895.1 	0.269523  1  3009.3  2106
O16 	14895.1 	8.74599  1  -4873.93  10181
O16 	14895.1 	0.475149  1  -1709.32  6929
O16 	14895.1 	0.720758  1  3081.57  2101
O16 	14895.1 	0.253335  1  4288.31  760
O16 	14895.1 	0.272572  1  610.463  4657
O16 	14895.1 	0.280251  1  2466.5  2590
O16 	14895.1 	0.521062  1  786.62  4362
O16 	14895.1 	0.357119  1  4984  18
O16 	14895.1 	0.251167  1  -3558.64  8949
O16 	14895.1 	0.262702  1  -1013.34  6275
O16 	14895.1 	0.345918  1  -3929.59  9352
O16 	14895.1 	0.227585  1  3964.06  1116
O16 	14895.1 	0.951757  1  2560.3  2477
O16 	14895.1 	0.30726  1  -4533.05  9861
O16 	14895.1 	0.381046  1  3977.17  1098
O16 	14895.1 	0.212098  1  -1581.99  6902
O16 	14895.1 	0.338759  1  -2852.57  8092
O16 	14895.1 	0.243424  1  -4513.15  9845
O16 	14895.1 	0.21258  1  -551.675  5714
O16 	14895.1 	0.373351  1  -1397.95  6809
O16 	14895.1 	0.638823  1  3206.18  1829
O16 	14895.1 	0.2527  1  -4819.02  10223
O16 	14895.1 	0.249118  1  -1577.31  6920
O16 	14895.1 	0.296559  1  -2289.98  7656
O16 	14895.1 	0.290226  1  1469.37  3637
O16 	14895.1 	0.191825  1  -462.28  5642
O16 	14895.1 	0.324392  1  -89.849  5297
O16 	14895.1 	0.336396  1  -120.048  5343
O16 	14895.1 	0.692235  1  899.242  4331
O16 	14895.1 	0.226789  1  2886.8  2245
O16 	14895.1 	0.252695  1  2029.56  3170
O16 	14895.1 	0.267404  1  -2000.27  7275
O16 	14895.1 	0.310582  1  3244.04  1839
O16 	14895.1 	0.373464  1  -2729.39  8058
O16 	14895.1 	0.646822  1  4454.41  584
O16 	14895.1 	0.299252  1  256.044  5027
O16 	14895.1 	1.00893  1  -1585.09  6831
O16 	14895.1 	0.220602  1  -2341.28  7483
O16 	14895.1 	0.665016  1  2935.96  2155
O16 	14895.1 	0.752476  1  -3325.84  8554
O16 	14895.1 	0.225537  1  4160.85  897
O16 	14895.1 	0.211554  1  1954.16  3145
O16 	14895.1 	0.26293  1  2619.48  2488
O16 	14895.1 	0.652296  1  -2316.08  7639
O16 	14895.1 	0.282152  1  -759.959  5881
O16 	14895.1 	0.206816  1  -2131.72  7584
O16 	14895.1 	0.267827  1  1554.05  3549
O16 	14895.1 	0.197116  1  1719.55  3401
O16 	14895.1 	0.238983  1  -3121.87  8535
O16 	14895.1 	0.243654  1  4810.75  192
O16 	14895.1 	0.956248  1  3715.5  1332
O16 	14895.1 	0.343285  1  64.9293  5109
O16 	14895.1 	0.22667  1  -1465.05  6699
O16 	14895.1 	0.226005  1  -1744.05  6996
O16 	14895.1 	0.235462  1  2898.56  2208
O16 	14895.1 	0.353825  1  -2765.7  8071
O16 	14895.1 	0.31873  1  2676.2  2352
O16 	14895.1 	0.191105  1  2290.84  2752
O16 	14895.1 	0.19484  1  683.202  4472
O16 	14895.1 	1.53953  1  641.859  4576
O16 	14895.1 	0.940117  1  4922.63  92
O16 	14895.1 	0.301113  1  -4218.18  9753
O16 	14895.1 	1.36324  1  -3701.6  9108
O16 	14895.1 	0.360604  1  1727.22  3505
O16 	14895.1 	0.417203  1  2298.94  2775
O16 	14895.1 	0.396004  1  4598.93  420
O16 	14895.1 	0.198486  1  3615.58  1418
O16 	14895.1 	0.333653  1  -4649.77  10228
O16 	14895.1 	0.341922  1  -4217.42  9906
O16 	14895.1 	0.293748  1  -4447.63  9936
O16 	14895.1 	0.217262  1  2317.68  2874
O16 	14895.1 	0.223685  1  -1106.24  6533
O16 	14895.1 	0.530288  1  2971.42  2131
O16 	14895.1 	0.243426  1  3555.06  1547
O16 	14895.1 	0.241738  1  -2958.9  8345
O16 	14895.1 	0.240633  1  -4147.12  9537
O16 	14895.1 	0.228426  1  2475.85  2609
O16 	14895.1 	0.266083  1  2118.11  3159
O16 	14895.1 	0.365432  1  -2959.45  8368
O16 	14895.1 	0.237648  1  3457.35  1602
O16 	14895.1 	0.208129  1  1079.08  4158
O16 	14895.1 	0.564286  1  -1212.18  6410
O16 	14895.1 	0.293185  1  1156.43  4020
O16 	14895.1 	0.202341  1  -283.101  5572
O16 	14895.1 	1.42438  1  -1088.85  6360
O16 	14895.1 	0.405981  1  -2542.61  7789
O16 	14895.1 	0.266577  1  -502.818  5865
O16 	14895.1 	0.30673  1  2718.6  2368
O16 	14895.1 	0.203447  1  -1581.64  6906
O16 	14895.1 	1.02208  1  -4450.92  9845
O16 	14895.1 	0.348203  1  2713.73  2365
O16 	14895.1 	0.35157  1  4279.21  748
O16 	14895.1 	0.774167  1  3257.71  1835
O16 	14895.1 	0.527345  1  -3159.18  8531
O16 	14895.1 	0.453684  1  -4110.98  9635
O16 	14895.1 	0.206483  1  -2720.53  8224
O16 	14895.1 	0.353389  1  1645.22  3611
O16 	14895.1 	0.305335  1  -539.824  5787
O16 	14895.1 	0.689122  1  4496.02  527
O16 	14895.1 	0.722122  1  2068.23  2939
O16 	14895.1 	0.286238  1  2300.52  2862
O16 	14895.1 	0.193513  1  657.99  4608
O16 	14895.1 	0.221585  1  -632.925  5900
O16 	14895.1 	0.986558  1  2663.49  2362
O16 	14895.1 	0.249333  1  -3008.28  8273
O16 	14895.1 	0.192435  1  -488.173  5820
O16 	14895.1 	0.329884  1  -1010.63  6265
O16 	14895.1 	0.352983  1  158.759  5139
O16 	14895.1 	0.269462  1  -2456.31  7614
O16 	14895.1 	0.431785  1  2191.95  2992
O16 	14895.1 	0.28542  1  -2351.46  7781
O16 	14895.1 	0.867712  1  -303.83  5502
O16 	14895.1 	0.217982  1  1857.91  3374
O16 	14895.1 	1.02798  1  -3238.99  8598
O16 	14895.1 	0.318727  1  -2426.67  7838
O16 	14895.1 	0.562552  1  -2703.21  7992
O16 	14895.1 	0.372686  1  -3932  9446
O16 	14895.1 	0.290795  1  -2623.75  7887
O16 	14895.1 	0.322798  1  2386.43  2724
O16 	14895.1 	1.0367  1  -1662.79  7076
O16 	14895.1 	0.825866  1  -3424.36  8826
O16 	14895.1 	0.325634  1  -4030.76  9556
O16 	14895.1 	0.437648  1  4681.43  360
O16 	14895.1 	0.309576  1  -707.707  5914
O16 	14895.1 	0.457276  1  -2685.32  8082
O16 	14895.1 	0.255484  1  331.034  4992
O16 	14895.1 	1.58599  1  -2166.44  7401
O16 	14895.1 	0.516405  1  3384.37  1658
O16 	14895.1 	0.728859  1  1137.24  4091
O16 	14895.1 	0.473688  1  4948.13  54
O16 	14895.1 	0.301382  1  -925.256  6109
O16 	14895.1 	0.439716  1  3188.45  1864
O16 	14895.1 	0.218283  1  -3590.34  9005
O16 	14895.1 	0.623586  1  4365.72  662
O16 	14895.1 	0.954747  1  1526.89  3530
O16 	14895.1 	0.203738  1  -789.115  6088
O16 	14895.1 	1.58409  1  -1938.84  7324
O16 	14895.1 	0.438418  1  -4068.73  9499
O16 	14895.1 	0.322284  1  -3836.34  9284
O16 	14895.1 	0.342344  1  355.526  4719
O16 	14895.1 	0.195895  1  2339.85  2756
O16 	14895.1 	1.28241  1  -4683.49  10289
O16 	14895.1 	0.400759  1  4710.22  305
O16 	14895.1 	0.573722  1  -4792.82  10080
O16 	14895.1 	1.20841  1  2001.98  3054
O16 	14895.1 	0.316645  1  3966.56  1091
O16 	14895.1 	0.490149  1  1143.13  4106
O16 	14895.1 	0.301928  1  -1655.76  6918
O16 	14895.1 	0.263762  1  -949.797  6233
O16 	14895.1 	0.258592  1  -652.32  5980
O16 	14895.1 	0.21757  1  2879.76  2173
O16 	14895.1 	0.341007  1  -301.815  5517
O16 	14895.1 	1.0119  1  2649.22  2455
O16 	14895.1 	0.730939  1  3343.1  1770
O16 	14895.1 	0.213604  1  -1803.91  7062
O16 	14895.1 	0.201624  1  -960.174  6144
O16 	14895.1 	0.526831  1  4094.54  941
O16 	14895.1 	0.331513  1  -3631.57  9000
O16 	14895.1 	0.572917  1  4625.13  396
O16 	14895.1 	0.308445  1  2698.06  2438
O16 	14895.1 	0.225032  1  -3056.61  8430
O16 	14895.1 	0.206667  1  -4792.28  10240
O16 	14895.1 	0.283324  1  696.799  4464
O16 	14895.1 	0.273926  1  22.9627  5249
O16 	14895.1 	0.414852  1  -4001.62  9228
O16 	14895.1 	0.532411  1  3022.13  2110
O16 	14895.1 	0.258154  1  -3815.74  9312
O16 	14895.1 	3.03973  1  -1712.12  6889
O16 	14895.1 	0.438052  1  -1895.52  7195
O16 	14895.1 	0.851058  1  3965.41  1066
O16 	14895.1 	0.395275  1  1267.85  3845
O16 	14895.1 	0.410789  1  -2417.55  7697
O16 	14895.1 	0.222653  1  -4307.29  9703
O16 	14895.1 	0.292942  1  3586.75  1413
O16 	14895.1 	0.292788  1  -2689.86  8085
O16 	14895.1 	0.678284  1  3986.85  1062
O16 	14895.1 	0.522073  1  2418.25  2818
O16 	14895.1 	1.54033  1  -3689.6  9143
O16 	14895.1 	0.733075  1  -4518.17  9858
O16 	14895.1 	0.721578  1  -1806.72  7254
O16 	14895.1 	0.261196  1  -4890.34  10356
O16 	14895.1 	0.302315  1  1971.27  3044
O16 	14895.1 	0.986744  1  4011.98  1109
O16 	14895.1 	0.275488  1  2669.06  2497
O16 	14895.1 	0.460837  1  3625.5  1414
O16 	14895.1 	0.334266  1  -850.537  6097
O16 	14895.1 	0.207915  1  4100.46  918
O16 	14895.1 	0.601399  1  -847.267  6071
O16 	14895.1 	0.826535  1  -4511.25  9880
O16 	14895.1 	0.433281  1  2185.9  2957
O16 	14895.1 	0.232393  1  1171.8  3934
O16 	14895.1 	0.443104  1  3345.08  1703
O16 	14895.1 	0.453825  1  1552.87  3625
O16 	14895.1 	0.220469  1  -1323.24  6683
O16 	14895.1 	0.361169  1  850.023  4453
O16 	14895.1 	0.215934  1  -129.548  5398
O16 	14895.1 	0.43786  1  596.392  4618
O16 	14895.1 	0.423157  1  4648.3  394
O16 	14895.1 	0.253008  1  -2179.33  7558
O16 	14895.1 	0.346952  1  -802.26  6107
O16 	14895.1 	0.239952  1  -3142.24  8519
O16 	14895.1 	0.188336  1  195.325  5119
O16 	14895.1 	0.21997  1  2655.38  2470
O16 	14895.1 	0.37048  1  -498.064  5929
O16 	14895.1 	0.303241  1  -3666.09  9331
O16 	14895.1 	0.299041  1  429.241  4744
O16 	14895.1 	0.26111  1  3806.1  1238
O16 	14895.1 	4.72782  1  1429.81  3812
O16 	14895.1 	0.199612  1  -861.765  5978
O16 	14895.1 	0.866662  1  4883.73  120
O16 	14895.1 	1.38259  1  -603.507  5801
O16 	14895.1 	0.348272  1  -2856.14  8264
O16 	14895.1 	0.223756  1  -1801.63  7070
O16 	14895.1 	0.260487  1  -2941.33  8334
O16 	14895.1 	0.254785  1  -194.755  5410
O16 	14895.1 	0.207357  1  -2421.5  7693
O16 	14895.1 	0.925455  1  -1281.64  6649
O16 	14895.1 	0.328984  1  -86.0701  5393
O16 	14895.1 	0.258899  1  3359.07  1711
O16 	14895.1 	0.193404  1  482.352  4755
O16 	14895.1 	0.553003  1  3426.28  1650
O16 	14895.1 	3.36477  1  -2417.49  7865
O16 	14895.1 	0.481423  1  -471.507  5747
O16 	14895.1 	1.13647  1  -1321.47  6468
O16 	14895.1 	0.71682  1  1025.78  4082
O16 	14895.1 	0.451909  1  987.229  4218
O16 	14895.1 	0.414896  1  -651.383  5952
O16 	14895.1 	1.13032  1  -3940.06  9316
O16 	14895.1 	0.321367  1  1290.76  3917
O16 	14895.1 	0.20735  1  -4233.18  9574
O16 	14895.1 	0.367526  1  -2586.58  7938
O16 	14895.1 	0.188215  1  2129.32  3045
O16 	14895.1 	0.21325  1  3875.08  1228
O16 	14895.1 	0.20225  1  596.583  4550
O16 	14895.1 	0.244419  1  -2518.73  7871
O16 	14895.1 	0.253767  1  -413.679  5658
O16 	14895.1 	0.246215  1  -3481.18  8766
O16 	14895.1 	0.233842  1  1640.16  3519
O16 	14895.1 	0.204775  1  4031.03  1051
O16 	14895.1 	0.362976  1  -4290.27  9808
O16 	14895.1 	0.200261  1  -920.812  6257
O16 	14895.1 	0.212755  1  3706.29  1302
O16 	14895.1 	0.202853  1  1717.76  3435
O16 	14895.1 	0.505892  1  875.912  4221
O16 	14895.1 	0.312089  1  3059.29  1982
O16 	14895.1 	0.302758  1  1268.51  3959
O16 	14895.1 	0.18865  1  -3044.95  8317
O16 	14895.1 	0.324238  1  1091.64  4030
O16 	14895.1 	0.300547  1  4420.21  633
O16 	14895.1 	0.304806  1  3469.82  1618
O16 	14895.1 	0.397996  1  -3772.72  9036
O16 	14895.1 	0.260758  1  -2094.98  7331
O16 	14895.1 	0.189831  1  -3809.29  9305
O16 	14895.1 	0.200301  1  -2361.73  7734
O16 	14895.1 	0.213448  1  4539.9  506
O16 	14895.1 	0.363465  1  299.748  4965
O16 	14895.1 	0.293503  1  -4425.26  9729
O16 	14895.1 	2.65318  1  -1432.81  6733
O16 	14895.1 	0.442349  1  711.961  4561
O16 	14895.1 	0.307117  1  -3650.43  9194
O16 	14895.1 	0.195524  1  4508.57  509
O16 	14895.1 	0.383756  1  -3841.55  9173
O16 	14895.1 	0.889054  1  -4447.91  9830
O16 	14895.1 	0.890908  1  3004.72  2068
O16 	14895.1 	0.197543  1  -2526.33  7875
O16 	14895.1 	0.226881  1  2058.76  3010
O16 	14895.1 	0.35948  1  -36.0498  5227
O16 	14895.1 	0.976211  1  1466.26  3682
O16 	14895.1 	0.484017  1  1428.18  3736
O16 	14895.1 	0.273927  1  4429.46  626
O16 	14895.1 	0.541822  1  -4987.73  10181
O16 	14895.1 	0.625752  1  1105.32  4110
O16 	14895.1 	0.223802  1  4604.57  428
O16 	14895.1 	0.375575  1  3451.25  1635
O16 	14895.1 	0.193205  1  125.294  5053
O16 	14895.1 	0.285807  1  -4873.89  10326
O16 	14895.1 	0.458684  1  1408.37  3928
O16 	14895.1 	0.346553  1  647.75  4498
O16 	14895.1 	0.332722  1  451.722  4791
O16 	14895.1 	1.15874  1  4616.23  385
O16 	14895.1 	0.198654  1  2126.63  2911
O16 	14895.1 	0.368488  1  -919.004  6165
O16 	14895.1 	0.258802  1  2536.09  2532
O16 	14895.1 	0.517082  1  -3654.74  9146
O16 	14895.1 	1.00165  1  4366.86  613
O16 	14895.1 	0.347116  1  4778.35  254
O16 	14895.1 	0.293156  1  -4543  10023
O16 	14895.1 	0.226351  1  4535.66  439
O16 	14895.1 	0.846457  1  2005.14  3173
O16 	14895.1 	0.296  1  -2616.39  7906
O16 	14895.1 	0.205982  1  2628.06  2521
O16 	14895.1 	0.832986  1  -1350.11  6457
O16 	14895.1 	0.359848  1  4194.68  835
O16 	14895.1 	0.198424  1  3188.49  1843
O16 	14895.1 	0.263604  1  -3983.32  9407
O16 	14895.1 	0.655169  1  4870.04  145
O16 	14895.1 	0.790151  1  -394.13  5584
O16 	14895.1 	0.488593  1  2125.59  2968
O16 	14895.1 	0.194095  1  954.738  4404
O16 	14895.1 	0.393529  1  -700.897  5999
O16 	14895.1 	0.251506  1  1586.39  3584
O16 	14895.1 	0.471268  1  -2786.68  8158
O16 	14895.1 	0.529107  1  1302.42  3737
O16 	14895.1 	0.20128  1  -328.682  5632
O16 	14895.1 	0.6701  1  2378.65  2750
O16 	14895.1 	0.303813  1  -1501.98  6898
O16 	14895.1 	0.262862  1  -1160.27  6383
O16 	14895.1 	0.433871  1  -3413.65  8778
O16 	14895.1 	0.287122  1  3202.2  1872
O16 	14895.1 	0.645924  1  -3386.76  8958
O16 	14895.1 	0.259689  1  -2509.11  7834
O16 	14895.1 	0.28257  1  -1647.1  6887
O16 	14895.1 	0.191833  1  4402.3  655
O16 	14895.1 	0.382086  1  4227.92  756
O16 	14895.1 	0.456982  1  -3577.78  8828
O16 	14895.1 	0.210053  1  2622.31  2496
O16 	14895.1 	0.866655  1  -3010.22  8416
O16 	14895.1 	0.316627  1  -1643.33  6869
O16 	14895.1 	0.635805  1  -3535.72  9026
O16 	14895.1 	0.210739  1  550.888  4711
O16 	14895.1 	0.220003  1  4920.02  78
O16 	14895.1 	0.230841  1  -564.529  5945
O16 	14895.1 	0.281399  1  -1186.86  6378
O16 	14895.1 	0.540391  1  3024.62  2054
O16 	14895.1 	0.484494  1  4515.88  504
O16 	14895.1 	0.257806  1  599.761  4584
O16 	14895.1 	0.400537  1  4689.03  330
O16 	14895.1 	0.937953  1  421.887  4683
O16 	14895.1 	0.208335  1  -2749.11  8187
O16 	14895.1 	0.219008  1  -4481.27  9934
O16 	14895.1 	0.30861  1  4873.77  134
O16 	14895.1 	0.286238  1  -1678.51  6901
O16 	14895.1 	0.301461  1  -1924.47  7137
O16 	14895.1 	0.455173  1  4504.21  531
O16 	14895.1 	0.354767  1  1508.24  3575
O16 	14895.1 	0.534723  1  4254.67  747
O16 	14895.1 	0.291662  1  -3821.98  9262
O16 	14895.1 	0.243666  1  -461.323  5535
O16 	14895.1 	0.217918  1  1709.97  3540
O16 	14895.1 	0.254406  1  -1769.35  6917
O16 	14895.1 	0.192308  1  4179.06  875
O16 	14895.1 	0.268572  1  2865.79  2267
