O16 	14895.1 	0.324617  1  1922.34  3268
O16 	14895.1 	0.647762  1  3525.69  1492
O16 	14895.1 	0.517706  1  2106.78  3044
O16 	14895.1 	0.222022  1  -2219.48  7524
O16 	14895.1 	3.51914  1  4369.54  635
O16 	14895.1 	0.571154  1  -3232.63  8775
O16 	14895.1 	1.53445  1  -3753.08  9095
O16 	14895.1 	0.24991  1  -4522.08  10034
O16 	14895.1 	0.275135  1  4172.07  877
O16 	14895.1 	0.249919  1  -3169.13  8437
O16 	14895.1 	7.23292  1  -1836.72  7150
O16 	14895.1 	0.205906  1  -2864.46  8157
O16 	14895.1 	0.254917  1  3221.93  1814
O16 	14895.1 	0.374822  1  -1728.82  7164
O16 	14895.1 	0.312684  1  -455.06  5806
O16 	14895.1 	0.20501  1  485.955  4850
O16 	14895.1 	0.669856  1  -3336.63  8749
O16 	14895.1 	0.193269  1  4600.53  446
O16 	14895.1 	0.356063  1  848.554  4365
O16 	14895.1 	0.256107  1  4748.15  272
O16 	14895.1 	0.528539  1  -2971.89  8446
O16 	14895.1 	0.20656  1  3132.04  1882
O16 	14895.1 	0.242311  1  -1705.22  7033
O16 	14895.1 	0.372217  1  -4471.89  9878
O16 	14895.1 	0.312822  1  2858.89  2359
O16 	14895.1 	0.525839  1  1109.58  4086
O16 	14895.1 	0.75177  1  -3979.76  9595
O16 	14895.1 	0.190399  1  -1748.68  7100
O16 	14895.1 	0.766208  1  3813.64  1276
O16 	14895.1 	0.323698  1  -356.223  5728
O16 	14895.1 	0.251803  1  -2142.67  7606
O16 	14895.1 	0.757117  1  -3631.6  9013
O16 	14895.1 	0.307013  1  3124.84  1940
O16 	14895.1 	2.1767  1  1030.42  4097
O16 	14895.1 	2.44644  1  3176.39  1925
O16 	14895.1 	0.410932  1  670.532  4490
O16 	14895.1 	0.226926  1  -4605.27  10126
O16 	14895.1 	1.52522  1  1513.55  3765
O16 	14895.1 	0.389712  1  1907.87  3102
O16 	14895.1 	0.28002  1  -739.206  6005
O16 	14895.1 	0.245548  1  -2523.55  7802
O16 	14895.1 	0.259555  1  4844.62  156
O16 	14895.1 	0.356565  1  278.681  4903
O16 	14895.1 	0.68789  1  -678.143  5993
O16 	14895.1 	0.238548  1  -3124.76  8451
O16 	14895.1 	0.464655  1  -4337.33  9659
O16 	14895.1 	0.223143  1  -108.031  5375
O16 	14895.1 	0.230233  1  4961.45  53
O16 	14895.1 	0.565978  1  2495.21  2543
O16 	14895.1 	0.381313  1  3290.9  1730
O16 	14895.1 	0.325363  1  -4191.1  9573
O16 	14895.1 	0.485025  1  3032.39  1969
O16 	14895.1 	0.5431  1  3277.19  1789
O16 	14895.1 	0.203844  1  -4623.74  10103
O16 	14895.1 	0.22276  1  -201.452  5580
O16 	14895.1 	0.571681  1  -4669.74  10310
O16 	14895.1 	0.188429  1  995.691  4261
O16 	14895.1 	0.243923  1  4792.94  218
O16 	14895.1 	0.568328  1  -4062.68  9558
O16 	14895.1 	0.448359  1  1342.26  3784
O16 	14895.1 	0.225715  1  -540.834  5811
O16 	14895.1 	0.359852  1  -4988.63  10444
O16 	14895.1 	0.262904  1  -3265.87  8660
O16 	14895.1 	0.307966  1  -427.163  5691
O16 	14895.1 	0.906816  1  1876.81  3301
O16 	14895.1 	1.1249  1  -4189.69  9751
O16 	14895.1 	0.233161  1  -2649.8  8092
O16 	14895.1 	0.608701  1  974.253  4288
O16 	14895.1 	0.557897  1  3703.34  1466
O16 	14895.1 	0.201106  1  1413.27  3751
O16 	14895.1 	1.00814  1  -3220.99  8803
O16 	14895.1 	0.484541  1  -727.777  5961
O16 	14895.1 	0.47814  1  1037.37  4016
O16 	14895.1 	0.200877  1  4711.47  302
O16 	14895.1 	0.301244  1  -4192.97  9841
O16 	14895.1 	0.348098  1  1380.24  3860
O16 	14895.1 	5.54583  1  -4973.81  10446
O16 	14895.1 	0.382994  1  -3119.25  8334
O16 	14895.1 	0.309413  1  1366.75  3827
O16 	14895.1 	0.320932  1  -2367.67  7676
O16 	14895.1 	0.280204  1  -3897.61  9282
O16 	14895.1 	0.625542  1  3850.87  1233
O16 	14895.1 	0.263076  1  864.09  4289
O16 	14895.1 	0.370113  1  761.446  4440
O16 	14895.1 	1.41291  1  -2513.85  7889
O16 	14895.1 	2.56387  1  2332.43  2753
O16 	14895.1 	0.353236  1  1271.55  3842
O16 	14895.1 	0.301941  1  -1027.13  6410
O16 	14895.1 	0.325659  1  4482.67  525
O16 	14895.1 	0.270962  1  1080.02  4066
O16 	14895.1 	0.32183  1  -1398.58  6879
O16 	14895.1 	0.233515  1  -2564.08  7948
O16 	14895.1 	0.195279  1  4629.08  371
O16 	14895.1 	0.53209  1  804.811  4466
O16 	14895.1 	0.511377  1  -83.3813  5306
O16 	14895.1 	0.310995  1  4162.4  846
O16 	14895.1 	0.191675  1  -4278.21  9716
O16 	14895.1 	0.259066  1  1408.17  3701
O16 	14895.1 	0.663085  1  -3331.81  8679
O16 	14895.1 	0.224066  1  28.2231  5308
O16 	14895.1 	0.765168  1  1149.57  4148
O16 	14895.1 	0.341562  1  -2429.38  7886
O16 	14895.1 	0.644014  1  1109.39  4107
O16 	14895.1 	0.211696  1  -4271.06  9857
O16 	14895.1 	0.247706  1  3578.15  1473
O16 	14895.1 	0.380646  1  3431.71  1641
O16 	14895.1 	0.237169  1  3438.88  1635
O16 	14895.1 	0.826017  1  3275.74  1750
O16 	14895.1 	0.526149  1  1250.83  3799
O16 	14895.1 	0.24125  1  439.164  4837
O16 	14895.1 	1.12356  1  -4854.01  10374
O16 	14895.1 	0.454051  1  1300.49  3806
O16 	14895.1 	0.201519  1  71.7917  5179
O16 	14895.1 	0.188787  1  2335.62  2759
O16 	14895.1 	0.281753  1  -3154.73  8393
O16 	14895.1 	1.13341  1  -3689.52  8911
O16 	14895.1 	4.54291  1  -820.161  5934
O16 	14895.1 	1.17618  1  -4724.74  10161
O16 	14895.1 	0.20197  1  -2941.37  8305
O16 	14895.1 	0.264274  1  1977.44  3170
O16 	14895.1 	0.227805  1  -2301.53  7465
O16 	14895.1 	0.194984  1  -1915.91  7253
O16 	14895.1 	0.210578  1  -3003.27  8275
O16 	14895.1 	0.275221  1  1802.41  3378
O16 	14895.1 	0.399557  1  -1650.86  6856
O16 	14895.1 	0.376174  1  -1455.92  6721
O16 	14895.1 	0.270316  1  -135.626  5323
O16 	14895.1 	0.539679  1  -3687.87  8894
O16 	14895.1 	0.219717  1  921.881  4329
O16 	14895.1 	1.37559  1  -3843.55  9161
O16 	14895.1 	0.359246  1  -3633.36  9070
O16 	14895.1 	0.323878  1  -465.435  5635
O16 	14895.1 	0.525805  1  -1699.83  7024
O16 	14895.1 	0.237695  1  -3122.46  8542
O16 	14895.1 	0.197044  1  -307.347  5663
O16 	14895.1 	0.23433  1  4537.02  517
O16 	14895.1 	0.29617  1  -4484.07  9928
O16 	14895.1 	0.275444  1  1362.01  3801
O16 	14895.1 	0.450478  1  671.391  4499
O16 	14895.1 	0.653591  1  4907.5  99
O16 	14895.1 	0.94472  1  678.327  4539
O16 	14895.1 	0.32115  1  -532.327  5846
O16 	14895.1 	2.7937  1  499.405  4814
O16 	14895.1 	0.261922  1  2633.84  2563
O16 	14895.1 	0.480614  1  3438.15  1623
O16 	14895.1 	0.199942  1  -1711.56  7065
O16 	14895.1 	0.270025  1  -4717.23  10086
O16 	14895.1 	0.233152  1  4120.63  950
O16 	14895.1 	0.609223  1  3926.46  1096
O16 	14895.1 	0.424867  1  -4829.03  10477
O16 	14895.1 	1.81611  1  -3764.73  8880
O16 	14895.1 	1.04001  1  -1015.82  6453
O16 	14895.1 	0.699199  1  2689.97  2402
O16 	14895.1 	0.287734  1  4092.99  1011
O16 	14895.1 	0.284027  1  1116.06  4224
O16 	14895.1 	0.274102  1  -4292.85  9669
O16 	14895.1 	0.188532  1  3752.67  1336
O16 	14895.1 	0.29813  1  -1344.93  6585
O16 	14895.1 	0.190601  1  3081.22  1993
O16 	14895.1 	0.219863  1  2379.13  2667
O16 	14895.1 	0.27667  1  -4030.99  9504
O16 	14895.1 	0.194074  1  4387.92  658
O16 	14895.1 	0.281154  1  212.857  5128
O16 	14895.1 	0.400755  1  1621.64  3423
O16 	14895.1 	1.24236  1  4573.72  472
O16 	14895.1 	0.304293  1  3114.41  1928
O16 	14895.1 	0.634369  1  879.218  4272
O16 	14895.1 	0.378144  1  2006.21  3146
O16 	14895.1 	0.462117  1  3390.87  1753
O16 	14895.1 	0.593828  1  -265.122  5461
O16 	14895.1 	0.253553  1  2418.33  2654
O16 	14895.1 	0.605382  1  1634.89  3515
O16 	14895.1 	0.592412  1  3777.78  1261
O16 	14895.1 	0.321176  1  -3160.81  8498
O16 	14895.1 	0.248286  1  1000.2  4163
O16 	14895.1 	0.949575  1  4377.65  633
O16 	14895.1 	0.20688  1  318.807  4895
O16 	14895.1 	1.18826  1  4372.75  666
O16 	14895.1 	0.697804  1  -1483.91  6833
O16 	14895.1 	0.242666  1  -2962.85  8271
O16 	14895.1 	0.403672  1  -622.613  5888
O16 	14895.1 	0.188541  1  -459.941  5772
O16 	14895.1 	0.94735  1  1746.27  3440
O16 	14895.1 	0.353155  1  -4724.62  10159
O16 	14895.1 	0.283182  1  -809.407  6196
O16 	14895.1 	0.416615  1  -4977.05  10667
O16 	14895.1 	0.571197  1  -123.131  5187
O16 	14895.1 	0.284062  1  1643.11  3525
O16 	14895.1 	0.215222  1  -3567.13  8956
O16 	14895.1 	0.352732  1  -1955.57  7279
O16 	14895.1 	0.330897  1  -3062.29  8555
O16 	14895.1 	1.41838  1  1101.18  3998
O16 	14895.1 	0.226144  1  -707.823  5901
O16 	14895.1 	0.189033  1  4685.45  346
O16 	14895.1 	0.33547  1  2123.44  3040
O16 	14895.1 	0.331387  1  2379.57  2722
O16 	14895.1 	0.296262  1  821.486  4354
O16 	14895.1 	0.241284  1  4100.24  956
O16 	14895.1 	0.298165  1  -2691.93  8057
O16 	14895.1 	0.240816  1  605.06  4714
O16 	14895.1 	0.900583  1  -712.655  6002
O16 	14895.1 	1.74801  1  -4384.1  9850
O16 	14895.1 	0.238098  1  -2628.26  8310
O16 	14895.1 	0.581688  1  4467.73  547
O16 	14895.1 	0.691173  1  -3622.78  9089
O16 	14895.1 	0.350744  1  -1442.63  6666
O16 	14895.1 	0.188458  1  1496.25  3679
O16 	14895.1 	1.2266  1  -2961.46  8345
O16 	14895.1 	1.32827  1  -1034.3  6467
O16 	14895.1 	0.581945  1  151.975  5125
O16 	14895.1 	0.928167  1  2056.53  3199
O16 	14895.1 	0.2997  1  -428.439  5762
O16 	14895.1 	0.215914  1  -1484.69  6822
O16 	14895.1 	0.333933  1  533.363  4663
O16 	14895.1 	0.199113  1  -2043.18  7366
O16 	14895.1 	0.645324  1  3015.8  2048
O16 	14895.1 	0.571857  1  -1637.27  7077
O16 	14895.1 	0.28031  1  3917.62  1127
O16 	14895.1 	0.19633  1  1024.5  4187
O16 	14895.1 	0.462248  1  -3703.38  9207
O16 	14895.1 	0.221931  1  -2903.7  8247
O16 	14895.1 	0.253717  1  3328.75  1725
O16 	14895.1 	0.420472  1  -4497.68  10010
O16 	14895.1 	0.307497  1  1008.5  4198
O16 	14895.1 	0.932225  1  4705.62  299
O16 	14895.1 	0.316961  1  -1047.33  6396
O16 	14895.1 	0.205797  1  3549.33  1511
O16 	14895.1 	0.22171  1  2663.32  2388
O16 	14895.1 	0.334359  1  -2244.23  7588
O16 	14895.1 	0.326801  1  3134.84  1896
O16 	14895.1 	0.361467  1  2597.14  2508
O16 	14895.1 	0.268091  1  3447.2  1657
O16 	14895.1 	0.512018  1  2677.74  2352
O16 	14895.1 	0.366557  1  2233.36  2900
O16 	14895.1 	0.28328  1  -3640.08  9034
O16 	14895.1 	0.2115  1  3169.05  1950
O16 	14895.1 	0.200352  1  -2620.08  8046
O16 	14895.1 	0.198708  1  2863.14  2222
O16 	14895.1 	0.344988  1  2393.6  2771
O16 	14895.1 	0.18935  1  498.749  4750
O16 	14895.1 	0.37688  1  766.378  4267
O16 	14895.1 	0.407147  1  -1067.65  6352
O16 	14895.1 	0.190818  1  300.469  4903
O16 	14895.1 	0.493572  1  -740.576  6038
O16 	14895.1 	0.216414  1  1393.06  3769
O16 	14895.1 	0.734789  1  259.848  4889
O16 	14895.1 	0.264235  1  -1760.41  7126
O16 	14895.1 	0.292104  1  1249.23  4034
O16 	14895.1 	0.320024  1  3170.55  1884
O16 	14895.1 	0.198785  1  2102.69  3023
O16 	14895.1 	0.448794  1  -2693.35  8026
O16 	14895.1 	0.393071  1  4368.81  659
O16 	14895.1 	0.209433  1  3844.48  1182
O16 	14895.1 	0.298283  1  -926.045  6097
O16 	14895.1 	0.547471  1  317.577  4905
O16 	14895.1 	0.492146  1  4626.86  395
O16 	14895.1 	0.294222  1  3616.88  1473
O16 	14895.1 	0.620341  1  3754.12  1331
O16 	14895.1 	2.06397  1  370.016  4844
O16 	14895.1 	0.241471  1  -4403.64  9789
O16 	14895.1 	0.578469  1  999.737  4246
O16 	14895.1 	0.317471  1  -39.1517  5378
O16 	14895.1 	0.354301  1  529.008  4595
O16 	14895.1 	0.19283  1  4805.94  215
O16 	14895.1 	0.61392  1  3972.35  1135
O16 	14895.1 	0.7216  1  2719.74  2387
O16 	14895.1 	0.313473  1  4118.66  925
O16 	14895.1 	0.424667  1  4374.72  663
O16 	14895.1 	0.268916  1  219.807  4991
O16 	14895.1 	4.48221  1  4377.83  665
O16 	14895.1 	0.244588  1  3486.34  1569
O16 	14895.1 	0.245756  1  2387.38  2698
O16 	14895.1 	0.208508  1  -4210.47  9567
O16 	14895.1 	0.399877  1  -841.259  6174
O16 	14895.1 	0.241659  1  559.727  4719
O16 	14895.1 	0.818329  1  1340.9  3783
O16 	14895.1 	0.303619  1  -1695.01  6951
O16 	14895.1 	0.532982  1  -1620.6  6802
O16 	14895.1 	0.356116  1  -4892.44  10121
O16 	14895.1 	0.20442  1  4660.89  379
O16 	14895.1 	0.27071  1  -3824.47  9187
O16 	14895.1 	0.204697  1  3939.4  1143
O16 	14895.1 	0.216417  1  -3038.57  8493
O16 	14895.1 	0.433495  1  4818.91  185
O16 	14895.1 	0.284111  1  -1869.64  7198
O16 	14895.1 	0.233183  1  1611.77  3554
O16 	14895.1 	0.218692  1  1865.53  3260
O16 	14895.1 	0.297228  1  4289.5  747
O16 	14895.1 	0.219617  1  -2835.51  8399
O16 	14895.1 	0.433022  1  -4313.68  9852
O16 	14895.1 	1.84158  1  4385.47  606
O16 	14895.1 	0.701107  1  2104.19  3096
O16 	14895.1 	0.326132  1  -4832.06  10263
O16 	14895.1 	0.465683  1  4270.13  751
O16 	14895.1 	0.354173  1  -3046.51  8541
O16 	14895.1 	0.201042  1  -879.129  6090
O16 	14895.1 	0.253951  1  4635.15  400
O16 	14895.1 	0.337201  1  -539.343  5942
O16 	14895.1 	1.4197  1  -2824.28  8131
O16 	14895.1 	0.342173  1  4594.13  422
O16 	14895.1 	0.244775  1  -1353.6  6715
O16 	14895.1 	0.259464  1  -1935.86  7305
O16 	14895.1 	0.243195  1  3940.09  1098
O16 	14895.1 	0.338218  1  4250.47  837
O16 	14895.1 	0.371799  1  -4474.64  9992
O16 	14895.1 	0.36804  1  -3496.08  8851
O16 	14895.1 	0.615487  1  1866.72  3242
O16 	14895.1 	0.362965  1  4271.78  740
O16 	14895.1 	0.202598  1  -2297.86  7550
O16 	14895.1 	0.3194  1  565.673  4536
O16 	14895.1 	0.427673  1  -1703.17  6941
O16 	14895.1 	0.519446  1  -747.489  5963
O16 	14895.1 	0.588898  1  -1492.23  6732
O16 	14895.1 	0.510377  1  -2817.55  8413
O16 	14895.1 	0.297919  1  -1139.8  6486
O16 	14895.1 	0.383792  1  -215.022  5468
O16 	14895.1 	0.307952  1  -4858.25  10206
O16 	14895.1 	0.258391  1  -3605.97  9179
O16 	14895.1 	0.452647  1  254.573  5078
O16 	14895.1 	0.223038  1  -2556.69  7819
O16 	14895.1 	0.189181  1  -1777.83  6957
O16 	14895.1 	0.36133  1  2892.6  2264
O16 	14895.1 	1.35805  1  1289.35  3839
O16 	14895.1 	0.250303  1  -1975.83  7247
O16 	14895.1 	0.295898  1  1749.18  3363
O16 	14895.1 	0.325095  1  -4311.02  9814
O16 	14895.1 	0.273806  1  -390.684  5772
O16 	14895.1 	0.293069  1  1044.38  4084
O16 	14895.1 	0.271647  1  -3952.96  9278
O16 	14895.1 	0.204039  1  -2723.48  8084
O16 	14895.1 	0.880355  1  -336.627  5521
O16 	14895.1 	0.730681  1  4150  913
O16 	14895.1 	0.225394  1  -1217.2  6575
O16 	14895.1 	3.33207  1  -156.564  5335
O16 	14895.1 	0.265906  1  4012.94  1033
O16 	14895.1 	0.379272  1  38.079  5207
O16 	14895.1 	0.248604  1  -3705.78  9087
O16 	14895.1 	0.79554  1  541.756  4698
O16 	14895.1 	0.513585  1  -4255.88  9772
O16 	14895.1 	0.351186  1  647.558  4613
O16 	14895.1 	0.429968  1  4424.72  575
O16 	14895.1 	0.262028  1  2401.25  2711
O16 	14895.1 	1.11449  1  3481.18  1564
O16 	14895.1 	0.445922  1  4855.41  168
O16 	14895.1 	0.341577  1  630.498  4397
O16 	14895.1 	0.410227  1  -2276.68  7372
O16 	14895.1 	0.274065  1  -2806.65  8186
O16 	14895.1 	0.234401  1  1798.7  3364
O16 	14895.1 	0.221929  1  1194.32  3952
O16 	14895.1 	0.248544  1  -2392.07  7757
O16 	14895.1 	0.277007  1  -161.617  5391
O16 	14895.1 	0.884157  1  -3274.25  8673
O16 	14895.1 	0.320569  1  3009.59  2136
O16 	14895.1 	0.227414  1  -1394.05  6694
O16 	14895.1 	1.11941  1  -2090.98  7396
O16 	14895.1 	0.206013  1  1234.84  3977
O16 	14895.1 	0.272783  1  -1390.8  6746
O16 	14895.1 	0.229309  1  4297.41  735
O16 	14895.1 	0.580551  1  -3780  9356
O16 	14895.1 	0.328881  1  -401.407  5688
O16 	14895.1 	0.244646  1  4324.58  722
O16 	14895.1 	0.237586  1  -1904.18  7341
O16 	14895.1 	0.253636  1  -3136.9  8587
O16 	14895.1 	0.403581  1  2673.23  2441
O16 	14895.1 	0.328559  1  3500.99  1594
O16 	14895.1 	0.256141  1  3812.87  1280
O16 	14895.1 	0.218077  1  -4424.03  9912
O16 	14895.1 	0.912519  1  1768.15  3337
O16 	14895.1 	0.316052  1  -4345.16  9902
O16 	14895.1 	0.259017  1  -1377.24  6598
O16 	14895.1 	0.492174  1  -1930.52  7351
O16 	14895.1 	0.209935  1  -1696.41  6920
O16 	14895.1 	0.226788  1  -1563.88  6703
O16 	14895.1 	0.329272  1  2138.55  3014
O16 	14895.1 	0.563286  1  745.099  4491
O16 	14895.1 	0.458381  1  1366.92  3793
O16 	14895.1 	0.237018  1  2432  2691
O16 	14895.1 	0.472623  1  4737.58  250
O16 	14895.1 	0.240567  1  -3445.86  8857
O16 	14895.1 	0.484359  1  -4746.86  10258
O16 	14895.1 	1.92282  1  -727.402  6108
O16 	14895.1 	0.19793  1  -517.498  5764
O16 	14895.1 	0.512857  1  -3814.94  9348
O16 	14895.1 	0.314523  1  964.237  4210
O16 	14895.1 	0.205414  1  -1426.74  6727
O16 	14895.1 	0.241502  1  2110.12  3023
O16 	14895.1 	0.357615  1  1639.95  3525
O16 	14895.1 	0.225801  1  4283.45  730
O16 	14895.1 	0.22933  1  -1967.16  7309
O16 	14895.1 	0.202004  1  742.18  4596
O16 	14895.1 	0.379957  1  -4352  9895
O16 	14895.1 	0.305173  1  -1433.84  6784
O16 	14895.1 	0.209897  1  -740.175  5952
O16 	14895.1 	0.676314  1  2811.05  2297
O16 	14895.1 	1.00475  1  3165.81  1920
O16 	14895.1 	0.252365  1  251.232  4995
O16 	14895.1 	7.31999  1  -4746.18  10417
O16 	14895.1 	0.229837  1  -4648.18  10104
O16 	14895.1 	0.277386  1  -3233.66  8621
O16 	14895.1 	0.369334  1  -1324.12  6594
O16 	14895.1 	0.305067  1  -1551.76  6946
O16 	14895.1 	0.236861  1  4464.25  570
O16 	14895.1 	0.900749  1  3793.12  1249
O16 	14895.1 	0.233389  1  -4355.57  9930
O16 	14895.1 	4.11154  1  -4511.55  9973
O16 	14895.1 	0.291349  1  4624.68  366
O16 	14895.1 	0.333416  1  3429.71  1566
O16 	14895.1 	0.285824  1  266.191  4896
O16 	14895.1 	0.529055  1  -338.295  5825
O16 	14895.1 	0.337781  1  2182.63  2942
O16 	14895.1 	0.309432  1  -2067.51  7313
O16 	14895.1 	0.539464  1  441.441  4786
O16 	14895.1 	0.302576  1  -2719.1  8108
O16 	14895.1 	1.26713  1  -1310.66  6640
O16 	14895.1 	0.342161  1  3039.85  2082
O16 	14895.1 	0.286167  1  2269.82  2876
O16 	14895.1 	0.26756  1  669.048  4478
O16 	14895.1 	0.293183  1  -3548.94  8967
O16 	14895.1 	0.209283  1  -325.291  5527
O16 	14895.1 	0.389537  1  824.609  4270
O16 	14895.1 	0.268281  1  1129.52  4067
O16 	14895.1 	0.263068  1  -3554.28  8958
O16 	14895.1 	0.197478  1  2373.63  2683
O16 	14895.1 	0.220789  1  3743.44  1321
O16 	14895.1 	0.40224  1  -2.53218  5316
O16 	14895.1 	0.224886  1  3546.52  1451
O16 	14895.1 	0.400257  1  -569.624  5902
O16 	14895.1 	0.208465  1  2367.76  2782
O16 	14895.1 	0.336774  1  3072.62  2097
O16 	14895.1 	0.248412  1  -2700.67  8240
O16 	14895.1 	1.98986  1  3682.44  1389
O16 	14895.1 	0.587741  1  4854.49  162
O16 	14895.1 	0.190622  1  -229.756  5454
O16 	14895.1 	0.433155  1  -2934.61  8269
O16 	14895.1 	0.456636  1  -1937.91  7132
O16 	14895.1 	0.539585  1  1539.96  3504
O16 	14895.1 	0.597353  1  -3940.27  9380
O16 	14895.1 	0.544961  1  -1488.17  6677
O16 	14895.1 	0.210709  1  -295.923  5556
O16 	14895.1 	0.197004  1  1363.17  3846
O16 	14895.1 	0.41428  1  -3337.57  8806
O16 	14895.1 	0.207535  1  -3833.61  9233
O16 	14895.1 	0.213597  1  401.552  4792
O16 	14895.1 	2.17587  1  1308.58  3798
O16 	14895.1 	1.25825  1  735.423  4447
O16 	14895.1 	0.788739  1  4300.51  740
O16 	14895.1 	0.230877  1  -294.539  5567
O16 	14895.1 	0.214176  1  3490.59  1596
O16 	14895.1 	0.265275  1  -3258.65  8689
O16 	14895.1 	0.196937  1  4520.96  510
O16 	14895.1 	0.69602  1  -4805.34  10099
O16 	14895.1 	0.300668  1  -2683.35  7925
O16 	14895.1 	0.283613  1  3388.76  1646
O16 	14895.1 	0.613986  1  -3988.22  9292
O16 	14895.1 	0.348956  1  -4601.66  9965
O16 	14895.1 	0.300645  1  -3436.37  8730
O16 	14895.1 	0.394467  1  -3101.36  8698
O16 	14895.1 	0.335653  1  -3732.95  9072
O16 	14895.1 	0.472469  1  2805.28  2335
O16 	14895.1 	0.244593  1  -3498.77  8862
O16 	14895.1 	0.269627  1  3392.75  1692
O16 	14895.1 	0.209334  1  625.815  4571
O16 	14895.1 	0.217319  1  -245.435  5466
O16 	14895.1 	0.212411  1  -4960.8  10432
O16 	14895.1 	0.580746  1  4115.04  969
O16 	14895.1 	0.248612  1  -768.394  6105
O16 	14895.1 	0.215899  1  2912.82  2213
O16 	14895.1 	1.0556  1  3755.59  1270
O16 	14895.1 	0.434266  1  2122.44  3032
O16 	14895.1 	0.554988  1  -1195.6  6537
O16 	14895.1 	0.308074  1  -2662.35  8030
O16 	14895.1 	0.302887  1  95.8894  5249
O16 	14895.1 	0.20794  1  -2906.04  8303
O16 	14895.1 	0.529436  1  1753.98  3394
O16 	14895.1 	0.197314  1  3471.94  1768
O16 	14895.1 	0.230744  1  1048.47  4202
O16 	14895.1 	1.55295  1  619.291  4674
O16 	14895.1 	0.288938  1  -331.429  5514
O16 	14895.1 	0.263688  1  -3776.27  9316
O16 	14895.1 	0.398364  1  -488.36  5776
O16 	14895.1 	0.203327  1  -781.9  6100
O16 	14895.1 	0.798133  1  4152.03  876
O16 	14895.1 	0.303656  1  -2832.64  8215
O16 	14895.1 	0.65849  1  -3128.82  8507
O16 	14895.1 	0.23462  1  -2210.48  7596
O16 	14895.1 	0.2112  1  1755.07  3369
O16 	14895.1 	0.544686  1  -1647.77  6817
O16 	14895.1 	0.239507  1  -2345.03  7577
O16 	14895.1 	0.334902  1  1786.66  3360
O16 	14895.1 	0.569355  1  -474.679  5870
O16 	14895.1 	0.261204  1  -3507.81  8742
O16 	14895.1 	0.361938  1  -749.954  6026
O16 	14895.1 	0.264485  1  -2122.06  7519
O16 	14895.1 	0.3613  1  -3010.94  8407
O16 	14895.1 	0.563397  1  3557.12  1456
O16 	14895.1 	0.406107  1  2541.95  2685
O16 	14895.1 	0.215516  1  1809.83  3389
O16 	14895.1 	0.229897  1  2597.33  2556
O16 	14895.1 	0.202821  1  3418.18  1576
O16 	14895.1 	0.538206  1  1539.39  3558
O16 	14895.1 	0.439833  1  1048.37  4054
O16 	14895.1 	1.33637  1  -717.847  5959
O16 	14895.1 	0.19572  1  4061.08  996
O16 	14895.1 	0.343366  1  -1504.66  6942
O16 	14895.1 	0.237718  1  548.526  4660
O16 	14895.1 	0.662889  1  -3936.02  9452
O16 	14895.1 	0.704963  1  30.3791  5243
O16 	14895.1 	0.308491  1  4633.84  410
O16 	14895.1 	0.244536  1  -1191.9  6454
O16 	14895.1 	0.582194  1  -4876.97  10257
O16 	14895.1 	0.482502  1  -2860.7  8340
O16 	14895.1 	0.371235  1  3506.82  1516
O16 	14895.1 	0.232718  1  2707.91  2437
O16 	14895.1 	0.331193  1  -4101.88  9424
O16 	14895.1 	0.603517  1  4620.21  443
O16 	14895.1 	1.01979  1  796.097  4311
O16 	14895.1 	0.862763  1  4047.65  1060
O16 	14895.1 	0.258962  1  -1610.3  6889
O16 	14895.1 	0.260285  1  -1639.48  6991
O16 	14895.1 	0.501068  1  4717.79  291
O16 	14895.1 	0.397019  1  -4990.62  10524
O16 	14895.1 	0.430141  1  1452.26  3702
O16 	14895.1 	0.256634  1  -1349.96  6615
O16 	14895.1 	0.20852  1  -1646.51  7036
O16 	14895.1 	0.19891  1  2568.67  2541
O16 	14895.1 	1.17401  1  2651.35  2413
O16 	14895.1 	0.294238  1  -4072.99  9483
O16 	14895.1 	0.255479  1  3434.26  1658
O16 	14895.1 	0.485819  1  470.216  4757
O16 	14895.1 	0.250692  1  3282.75  1748
O16 	14895.1 	0.254144  1  -1912.05  7187
O16 	14895.1 	0.382536  1  1983.87  3294
O16 	14895.1 	1.20683  1  -2713.36  8247
O16 	14895.1 	0.219658  1  380.217  4837
O16 	14895.1 	0.26899  1  2694.13  2419
O16 	14895.1 	0.272104  1  1612.43  3492
O16 	14895.1 	0.65248  1  -2236.69  7441
O16 	14895.1 	0.306834  1  -4716.69  10105
O16 	14895.1 	0.272849  1  -4009.78  9382
O16 	14895.1 	0.324306  1  -1367.04  6660
O16 	14895.1 	0.325901  1  -1827.13  7108
O16 	14895.1 	0.228701  1  2565.46  2582
O16 	14895.1 	0.279615  1  122.612  5227
O16 	14895.1 	0.243768  1  2320.28  2770
O16 	14895.1 	0.529265  1  -4752.02  10168
O16 	14895.1 	0.66981  1  -1222.3  6462
O16 	14895.1 	0.205607  1  391.272  4923
O16 	14895.1 	5.34719  1  -2157.31  7649
O16 	14895.1 	0.327939  1  171.593  5003
O16 	14895.1 	0.289312  1  3729.77  1414
O16 	14895.1 	0.203077  1  3488.94  1514
O16 	14895.1 	0.57616  1  -628.681  5840
O16 	14895.1 	0.350219  1  4972.88  30
O16 	14895.1 	0.264102  1  -4915.29  10428
O16 	14895.1 	0.290487  1  650.217  4650
O16 	14895.1 	0.255185  1  4101.3  918
O16 	14895.1 	0.403907  1  2910.7  2232
O16 	14895.1 	3.59877  1  -2613.18  8037
O16 	14895.1 	0.82016  1  -1384.13  6698
O16 	14895.1 	0.393348  1  2672.53  2444
O16 	14895.1 	0.604348  1  443.044  4952
O16 	14895.1 	0.196454  1  2610.98  2460
O16 	14895.1 	0.204148  1  4992.06  11
O16 	14895.1 	0.239954  1  -1412.9  6670
O16 	14895.1 	0.444398  1  971.04  4361
O16 	14895.1 	0.205989  1  -3427.18  8765
O16 	14895.1 	0.197179  1  -4932.11  10421
O16 	14895.1 	0.38144  1  -837.614  6093
O16 	14895.1 	0.332693  1  -4750.4  10139
O16 	14895.1 	0.260892  1  -4793.1  10400
O16 	14895.1 	0.949734  1  1579  3682
O16 	14895.1 	1.23425  1  -3657.26  9050
O16 	14895.1 	0.444412  1  2378.55  2792
O16 	14895.1 	0.201662  1  2728.66  2355
O16 	14895.1 	0.220993  1  -452.177  5793
O16 	14895.1 	0.377922  1  -3566.79  8901
O16 	14895.1 	1.42399  1  -1926.69  7326
O16 	14895.1 	0.80082  1  -4789.42  10350
O16 	14895.1 	0.204693  1  -3411.71  8821
O16 	14895.1 	0.613019  1  -4493.34  9891
O16 	14895.1 	0.252428  1  -2763.95  8157
O16 	14895.1 	0.191574  1  -3090.67  8608
O16 	14895.1 	0.710171  1  2443.45  2705
O16 	14895.1 	0.419148  1  144.022  5103
O16 	14895.1 	1.78658  1  1286.21  3904
O16 	14895.1 	0.227083  1  2647.8  2477
O16 	14895.1 	0.249878  1  2117.26  3020
O16 	14895.1 	0.231861  1  1205.25  3946
O16 	14895.1 	0.209357  1  -2346.61  7755
O16 	14895.1 	0.282696  1  4735.69  269
O16 	14895.1 	0.28525  1  783.562  4416
O16 	14895.1 	0.7394  1  -2609.67  7953
O16 	14895.1 	0.280811  1  2062.09  3112
O16 	14895.1 	0.275191  1  -1629.51  6868
O16 	14895.1 	0.211883  1  2724.86  2329
O16 	14895.1 	0.829313  1  -241.622  5298
O16 	14895.1 	0.279469  1  -1876.1  7165
O16 	14895.1 	0.412757  1  -604.254  5774
O16 	14895.1 	0.359937  1  -910.329  6143
O16 	14895.1 	0.779527  1  2801.02  2237
O16 	14895.1 	0.455863  1  -546.597  5858
O16 	14895.1 	0.284197  1  -2274.26  7571
O16 	14895.1 	0.204319  1  -2500.52  7945
O16 	14895.1 	3.78866  1  -2434.83  7907
O16 	14895.1 	0.311845  1  -4568.72  10050
O16 	14895.1 	0.799684  1  -4073.63  9534
O16 	14895.1 	0.252508  1  4631.99  371
O16 	14895.1 	0.274589  1  2911.58  2197
O16 	14895.1 	0.276909  1  -1681.16  6997
O16 	14895.1 	0.38927  1  -3443.64  8744
O16 	14895.1 	0.199306  1  -3885.94  9401
O16 	14895.1 	0.615619  1  -4690.85  10165
O16 	14895.1 	0.276426  1  775.077  4273
O16 	14895.1 	0.199265  1  3377.81  1660
O16 	14895.1 	0.257843  1  -1764.94  7062
O16 	14895.1 	0.259931  1  1774.69  3360
O16 	14895.1 	0.440969  1  -3804.13  9317
O16 	14895.1 	1.45244  1  -103.625  5398
O16 	14895.1 	0.33882  1  2168.95  2986
O16 	14895.1 	0.28635  1  1271.83  3885
O16 	14895.1 	0.927113  1  -2372.28  7688
O16 	14895.1 	0.34937  1  -4878.83  10373
O16 	14895.1 	0.509625  1  2984.58  2121
O16 	14895.1 	0.613918  1  -108.896  5480
O16 	14895.1 	1.11492  1  1722.07  3347
O16 	14895.1 	0.233331  1  45.4658  5280
O16 	14895.1 	0.450921  1  -2767.31  8111
O16 	14895.1 	0.526456  1  -1612.56  6952
O16 	14895.1 	0.282527  1  -2803.94  8226
O16 	14895.1 	0.206238  1  -354.967  5472
O16 	14895.1 	0.369883  1  -1090.52  6308
O16 	14895.1 	0.266839  1  -476.581  5748
O16 	14895.1 	0.322837  1  1920.8  3236
O16 	14895.1 	0.265228  1  -3510.61  8830
O16 	14895.1 	0.205624  1  -556.699  5855
O16 	14895.1 	0.269152  1  -2614.5  8070
O16 	14895.1 	0.198002  1  1118.16  4117
O16 	14895.1 	0.411465  1  224.12  5056
O16 	14895.1 	0.232797  1  1854.41  3186
O16 	14895.1 	0.322678  1  -1897.88  7265
O16 	14895.1 	0.45636  1  -182.852  5467
O16 	14895.1 	0.567657  1  -197.184  5627
O16 	14895.1 	0.266698  1  2498.89  2672
O16 	14895.1 	0.529549  1  -1607.86  6974
O16 	14895.1 	0.847561  1  3300.17  1802
O16 	14895.1 	0.223909  1  4674.76  382
O16 	14895.1 	0.213814  1  2953.63  2140
O16 	14895.1 	0.47985  1  2949.38  2209
O16 	14895.1 	0.225585  1  3811.65  1296
O16 	14895.1 	0.188964  1  -4786.14  10212
O16 	14895.1 	0.213387  1  -3970.41  9503
O16 	14895.1 	0.210043  1  -149.548  5333
O16 	14895.1 	0.195782  1  -3716.16  9132
O16 	14895.1 	0.298016  1  1024.71  4203
O16 	14895.1 	0.316144  1  1808.54  3378
O16 	14895.1 	0.450231  1  -195.243  5402
O16 	14895.1 	0.31763  1  -1176.44  6405
O16 	14895.1 	0.241162  1  -1951.6  7335
O16 	14895.1 	0.414297  1  1704.63  3451
O16 	14895.1 	0.876827  1  979.378  4201
O16 	14895.1 	0.298958  1  -2693.11  8103
O16 	14895.1 	0.574253  1  3481.1  1569
O16 	14895.1 	1.22763  1  -4256.1  9699
O16 	14895.1 	0.537092  1  -2479.39  7936
O16 	14895.1 	0.502967  1  -3855.65  9260
O16 	14895.1 	3.35869  1  4531.49  474
O16 	14895.1 	0.756104  1  -3028.88  8367
O16 	14895.1 	0.805035  1  890.967  4241
O16 	14895.1 	0.220847  1  -2929.28  8335
O16 	14895.1 	0.190796  1  -2445.35  7824
O16 	14895.1 	0.362616  1  4483.7  538
O16 	14895.1 	0.314696  1  -4143.42  9565
O16 	14895.1 	0.323805  1  3598.79  1490
O16 	14895.1 	0.50254  1  -2830.3  8244
O16 	14895.1 	0.205593  1  3108.23  2005
O16 	14895.1 	0.69261  1  3116.63  1867
O16 	14895.1 	0.787187  1  2046.63  3129
O16 	14895.1 	0.244771  1  -1105.71  6530
O16 	14895.1 	0.887136  1  4359.37  690
O16 	14895.1 	0.765025  1  957.803  4292
O16 	14895.1 	0.208333  1  -4592.89  9886
O16 	14895.1 	0.822678  1  4897.38  134
O16 	14895.1 	0.256364  1  4777.44  265
O16 	14895.1 	0.335463  1  2883.04  2267
O16 	14895.1 	0.246212  1  -4807.06  10201
O16 	14895.1 	0.57782  1  3242.06  1839
O16 	14895.1 	0.730161  1  -3071.86  8496
O16 	14895.1 	0.460444  1  -599.904  5862
O16 	14895.1 	0.253819  1  2014.59  3167
O16 	14895.1 	0.406315  1  -1292.72  6615
O16 	14895.1 	0.33684  1  763.339  4453
O16 	14895.1 	0.226559  1  -2136.22  7363
O16 	14895.1 	0.198375  1  -3310.96  8580
O16 	14895.1 	0.237205  1  -1582.04  6972
O16 	14895.1 	0.235139  1  3705.37  1318
O16 	14895.1 	0.196428  1  1656.44  3489
O16 	14895.1 	0.940302  1  2378.32  2763
O16 	14895.1 	0.64872  1  -4733.65  10381
O16 	14895.1 	0.251172  1  -2428.51  7696
O16 	14895.1 	0.229229  1  709.185  4572
O16 	14895.1 	0.641991  1  -3868.65  9433
O16 	14895.1 	0.206324  1  -3424.69  8961
O16 	14895.1 	0.446234  1  1638.62  3539
O16 	14895.1 	0.212813  1  -4951.63  10426
O16 	14895.1 	0.230873  1  2060.91  3046
O16 	14895.1 	0.487893  1  3384.29  1686
O16 	14895.1 	0.197831  1  4233.9  803
O16 	14895.1 	3.41012  1  -336.34  5716
O16 	14895.1 	0.294166  1  -2300.57  7772
O16 	14895.1 	0.498317  1  -1973.61  7238
O16 	14895.1 	0.256171  1  -1991.96  7376
O16 	14895.1 	0.282011  1  2282.08  2920
O16 	14895.1 	0.412639  1  3026.18  2122
O16 	14895.1 	0.453529  1  -4463.72  9892
O16 	14895.1 	0.644794  1  2233.43  2832
O16 	14895.1 	0.316643  1  3951.24  1120
O16 	14895.1 	0.451093  1  -1151.21  6522
O16 	14895.1 	2.57805  1  1962.88  3228
O16 	14895.1 	0.290765  1  3683.19  1392
O16 	14895.1 	0.194082  1  -3616.83  9184
O16 	14895.1 	0.4405  1  -2949.61  8468
O16 	14895.1 	0.278594  1  -1324.53  6504
O16 	14895.1 	0.492332  1  -1845.03  7220
O16 	14895.1 	0.445105  1  -2207.1  7579
O16 	14895.1 	0.220885  1  519.749  4818
O16 	14895.1 	0.237836  1  -1393.98  6752
O16 	14895.1 	0.453711  1  -1060.11  6348
O16 	14895.1 	1.78297  1  -1613.08  6991
O16 	14895.1 	0.229839  1  -1492.44  6731
O16 	14895.1 	2.32779  1  1399.17  3698
O16 	14895.1 	0.306846  1  -2894.53  8185
O16 	14895.1 	0.223961  1  -2743.91  8029
O16 	14895.1 	0.265341  1  -749.232  5968
O16 	14895.1 	0.36251  1  759.132  4444
O16 	14895.1 	0.554038  1  -4406.23  9767
O16 	14895.1 	0.395284  1  629.346  4526
O16 	14895.1 	0.310797  1  -1344.19  6699
O16 	14895.1 	1.80237  1  1918.79  3221
O16 	14895.1 	0.398608  1  -2231.86  7633
O16 	14895.1 	1.07214  1  3854.44  1190
O16 	14895.1 	0.313378  1  3049.15  2091
O16 	14895.1 	0.220579  1  -3796.42  9354
O16 	14895.1 	0.359752  1  3634.65  1414
O16 	14895.1 	0.468273  1  4299.28  717
O16 	14895.1 	0.228446  1  4719.14  272
O16 	14895.1 	0.20307  1  -4726.64  10358
O16 	14895.1 	0.285747  1  -3136.43  8557
O16 	14895.1 	0.383655  1  -3223.85  8659
O16 	14895.1 	0.213314  1  3453.82  1685
O16 	14895.1 	0.319961  1  -4420  9815
O16 	14895.1 	0.583542  1  -4972.2  10451
O16 	14895.1 	0.434652  1  229.153  5053
O16 	14895.1 	1.1405  1  -1749.88  7128
O16 	14895.1 	0.214139  1  2625.42  2450
O16 	14895.1 	0.710918  1  2530.84  2591
O16 	14895.1 	5.39657  1  3570.57  1436
O16 	14895.1 	0.204214  1  3644.86  1438
O16 	14895.1 	1.1108  1  3103.49  2004
O16 	14895.1 	0.231397  1  3958.03  1108
O16 	14895.1 	0.208553  1  3021.93  2129
O16 	14895.1 	0.365665  1  -2794.48  8196
O16 	14895.1 	0.188307  1  693.67  4445
O16 	14895.1 	2.34155  1  -3220.73  8457
O16 	14895.1 	0.619297  1  1823.29  3400
O16 	14895.1 	0.333206  1  -1168.13  6375
O16 	14895.1 	0.208673  1  322.588  4867
O16 	14895.1 	0.195139  1  4134.96  928
O16 	14895.1 	0.375167  1  4066.91  937
O16 	14895.1 	0.2918  1  -3593.8  9066
O16 	14895.1 	0.296531  1  381.423  4869
O16 	14895.1 	0.326252  1  -3342.34  8721
O16 	14895.1 	0.417128  1  -186.48  5435
O16 	14895.1 	2.85548  1  1798.61  3311
O16 	14895.1 	0.267915  1  -3333.83  8710
O16 	14895.1 	0.22428  1  3977.01  1021
O16 	14895.1 	0.221241  1  -4674.11  10216
O16 	14895.1 	2.3222  1  2608.73  2522
O16 	14895.1 	0.396377  1  3025.42  2122
O16 	14895.1 	0.20716  1  184.183  4973
O16 	14895.1 	0.199274  1  932.866  4300
O16 	14895.1 	0.211339  1  2778.43  2332
O16 	14895.1 	0.242113  1  -3317.96  8707
O16 	14895.1 	0.211522  1  2384.33  2718
O16 	14895.1 	0.269566  1  3021.57  2135
O16 	14895.1 	0.230134  1  3040.82  2063
O16 	14895.1 	0.351502  1  -191.044  5522
O16 	14895.1 	0.25608  1  1801.55  3338
O16 	14895.1 	0.247187  1  -2189.28  7498
O16 	14895.1 	0.414238  1  3348.75  1767
O16 	14895.1 	0.92549  1  -486.426  5715
O16 	14895.1 	0.213201  1  356.544  4934
O16 	14895.1 	0.648903  1  -943.573  6211
O16 	14895.1 	0.280792  1  -4160.19  9611
O16 	14895.1 	0.490512  1  4121.53  902
O16 	14895.1 	0.532704  1  -4957.21  10627
O16 	14895.1 	0.471173  1  -3119.78  8468
O16 	14895.1 	0.289791  1  768.537  4510
O16 	14895.1 	0.444678  1  -1300.04  6532
O16 	14895.1 	0.213898  1  -3455.19  8940
O16 	14895.1 	0.250213  1  3894.93  1191
O16 	14895.1 	1.88398  1  909.705  4166
O16 	14895.1 	0.337981  1  -2725.95  8068
O16 	14895.1 	0.544952  1  312.537  4770
O16 	14895.1 	0.408801  1  2265.74  2889
O16 	14895.1 	0.208136  1  -839.67  6078
O16 	14895.1 	0.259923  1  3447.5  1604
O16 	14895.1 	0.314595  1  4242.72  774
O16 	14895.1 	0.375179  1  3953.26  1109
O16 	14895.1 	0.284867  1  241.179  4998
O16 	14895.1 	0.218251  1  -3979.07  9619
O16 	14895.1 	0.191589  1  -1746.54  7041
O16 	14895.1 	0.212776  1  -121.482  5413
O16 	14895.1 	0.328975  1  -962.292  6297
O16 	14895.1 	1.44752  1  63.8366  5166
O16 	14895.1 	1.22986  1  -1284.2  6582
O16 	14895.1 	0.201841  1  3490.04  1581
O16 	14895.1 	0.448462  1  2014.86  3167
O16 	14895.1 	0.22117  1  854.541  4391
O16 	14895.1 	0.228459  1  -319.718  5550
O16 	14895.1 	0.2716  1  2752.18  2370
O16 	14895.1 	0.191596  1  3852.29  1258
O16 	14895.1 	10.8593  1  4129.7  931
O16 	14895.1 	0.453005  1  2435.04  2739
O16 	14895.1 	0.209139  1  2638.02  2448
O16 	14895.1 	0.924682  1  2707.3  2383
O16 	14895.1 	1.40871  1  -3239.16  8600
O16 	14895.1 	0.501696  1  -3412.45  8940
O16 	14895.1 	0.438906  1  2225.19  2843
O16 	14895.1 	0.493423  1  3511.01  1463
O16 	14895.1 	0.19372  1  -2155.24  7620
O16 	14895.1 	0.586185  1  -3702.85  9126
O16 	14895.1 	0.477958  1  -3181.84  8527
O16 	14895.1 	0.313838  1  -4898.89  10167
O16 	14895.1 	0.569207  1  4805.97  214
O16 	14895.1 	0.233043  1  4224.7  767
O16 	14895.1 	0.40195  1  1659.66  3481
O16 	14895.1 	1.6441  1  4474.82  564
O16 	14895.1 	0.506096  1  -1708.17  6987
O16 	14895.1 	0.606469  1  1462.85  3761
O16 	14895.1 	0.686314  1  -1668  6843
O16 	14895.1 	0.125494  1  3265.03  1864
O16 	14895.1 	13.2502  1  -1056.51  6329
O16 	14895.1 	0.294743  1  -3034.82  8469
O16 	14895.1 	0.254574  1  2441.95  2714
O16 	14895.1 	0.224646  1  -3583.32  9077
O16 	14895.1 	0.325609  1  -3309.39  8813
O16 	14895.1 	0.268676  1  3599.54  1457
O16 	14895.1 	0.288401  1  316.99  4913
O16 	14895.1 	0.358015  1  1490.75  3616
O16 	14895.1 	0.329152  1  -3736.52  9326
O16 	14895.1 	0.438356  1  4374.11  622
O16 	14895.1 	0.893431  1  3709.62  1365
O16 	14895.1 	0.495048  1  -2026.76  7258
O16 	14895.1 	0.839377  1  3593.06  1447
O16 	14895.1 	0.33001  1  3790.59  1289
O16 	14895.1 	0.244215  1  -4707.59  9937
O16 	14895.1 	0.249763  1  -2446.73  7824
O16 	14895.1 	0.194705  1  -622.935  5996
O16 	14895.1 	0.191192  1  3213.16  1877
O16 	14895.1 	1.58316  1  3194.34  1902
O16 	14895.1 	0.378347  1  70.5774  5191
O16 	14895.1 	0.374673  1  -2144.13  7519
O16 	14895.1 	0.27054  1  -1359.64  6664
O16 	14895.1 	0.839121  1  2831.68  2233
O16 	14895.1 	0.507902  1  -292.459  5475
O16 	14895.1 	0.199564  1  -350.593  5623
O16 	14895.1 	0.443523  1  -1510.97  6841
O16 	14895.1 	0.319835  1  728.047  4469
O16 	14895.1 	0.305925  1  3518.39  1560
O16 	14895.1 	0.287536  1  1091.21  4021
O16 	14895.1 	1.2874  1  4585.88  451
O16 	14895.1 	0.194046  1  -4690.3  10232
O16 	14895.1 	0.194179  1  -926.497  6226
O16 	14895.1 	0.567815  1  -2918.26  8231
O16 	14895.1 	0.204239  1  -2024.08  7287
O16 	14895.1 	0.216987  1  3605.23  1462
O16 	14895.1 	0.242851  1  -3674.75  9115
O16 	14895.1 	0.204455  1  2693.64  2387
O16 	14895.1 	0.277593  1  4152.02  917
O16 	14895.1 	0.191276  1  913.259  4276
O16 	14895.1 	0.480439  1  4835.41  157
O16 	14895.1 	0.593985  1  4212.79  831
O16 	14895.1 	0.410122  1  1336.7  3769
O16 	14895.1 	0.284828  1  -4014.99  9535
O16 	14895.1 	0.224716  1  1356.81  3878
O16 	14895.1 	0.254581  1  -2314.96  7751
O16 	14895.1 	0.284401  1  2786.58  2344
O16 	14895.1 	0.376866  1  -4331.35  9814
O16 	14895.1 	0.69437  1  4486.51  503
O16 	14895.1 	0.346554  1  2676.11  2458
O16 	14895.1 	0.248025  1  -722.907  6117
O16 	14895.1 	0.459369  1  -1195.83  6434
O16 	14895.1 	0.203395  1  -4688.26  10037
O16 	14895.1 	0.197756  1  -519.338  5765
O16 	14895.1 	0.34658  1  4304.82  735
O16 	14895.1 	0.262779  1  -4674.19  10057
O16 	14895.1 	0.275732  1  3180.52  1897
O16 	14895.1 	0.310626  1  1559.22  3628
O16 	14895.1 	0.463321  1  4444.01  585
O16 	14895.1 	0.41183  1  3613.66  1440
O16 	14895.1 	0.234232  1  2539.77  2552
O16 	14895.1 	0.382838  1  -870.774  6181
O16 	14895.1 	0.446892  1  3878.26  1167
O16 	14895.1 	0.605045  1  -4879.39  10367
O16 	14895.1 	0.225245  1  -1877.82  7141
O16 	14895.1 	0.386164  1  -272.513  5567
O16 	14895.1 	0.202741  1  -4328.94  9748
O16 	14895.1 	0.309862  1  -3511.39  8901
O16 	14895.1 	0.296197  1  1395.16  3880
O16 	14895.1 	0.493654  1  28.8864  5322
O16 	14895.1 	0.29733  1  2931.91  2156
O16 	14895.1 	0.349117  1  2646.62  2450
O16 	14895.1 	0.801228  1  1544.57  3561
O16 	14895.1 	0.316972  1  1933.48  3181
O16 	14895.1 	0.377763  1  -4639.37  10153
O16 	14895.1 	0.204891  1  -3492.53  8892
O16 	14895.1 	0.209102  1  2255.87  2978
O16 	14895.1 	0.384622  1  -320.918  5608
O16 	14895.1 	0.241802  1  -3727.92  8978
O16 	14895.1 	0.225862  1  -2763.89  8058
O16 	14895.1 	0.211082  1  -757.381  6015
O16 	14895.1 	0.293131  1  661.738  4436
O16 	14895.1 	0.231519  1  -1928.12  7233
O16 	14895.1 	0.292889  1  -2523.18  7891
O16 	14895.1 	0.511007  1  4681.66  336
O16 	14895.1 	0.306581  1  -2305.26  7706
O16 	14895.1 	0.552194  1  -2081.34  7269
O16 	14895.1 	0.625764  1  -2449.74  7876
O16 	14895.1 	1.66208  1  -2202.19  7692
O16 	14895.1 	0.248974  1  2763.89  2298
O16 	14895.1 	0.198153  1  662.043  4680
O16 	14895.1 	0.40193  1  -3470.44  8977
O16 	14895.1 	0.279483  1  -4660.54  10099
O16 	14895.1 	0.424444  1  -3188.79  8467
O16 	14895.1 	0.34664  1  4560.41  472
O16 	14895.1 	0.223521  1  2711.18  2411
O16 	14895.1 	0.235075  1  -4867.39  10466
O16 	14895.1 	0.448283  1  3952.77  1102
O16 	14895.1 	0.548306  1  -2988.89  8365
O16 	14895.1 	0.422725  1  1395.66  3740
O16 	14895.1 	0.260397  1  -4202.44  9745
O16 	14895.1 	0.330278  1  -3523.9  8967
O16 	14895.1 	0.320638  1  -2107.7  7325
O16 	14895.1 	0.392214  1  -4115.61  9456
O16 	14895.1 	0.428127  1  -3890.88  9128
O16 	14895.1 	0.220286  1  1791.81  3247
O16 	14895.1 	0.319357  1  -1590.09  6842
O16 	14895.1 	0.302116  1  1901.46  3325
O16 	14895.1 	0.201777  1  -4666  10022
O16 	14895.1 	0.29807  1  745.068  4498
O16 	14895.1 	0.414964  1  398.01  4796
O16 	14895.1 	0.241113  1  3604.99  1532
O16 	14895.1 	0.314479  1  -3468.99  8963
O16 	14895.1 	0.201753  1  -2916.39  8252
O16 	14895.1 	0.481092  1  -1668.84  7012
O16 	14895.1 	0.499545  1  -2128.53  7510
O16 	14895.1 	0.313893  1  -4798.04  10122
O16 	14895.1 	0.888308  1  2273.98  2888
O16 	14895.1 	0.209404  1  -4349.49  9685
O16 	14895.1 	0.199298  1  -817.92  6075
O16 	14895.1 	1.22328  1  3145.8  1973
O16 	14895.1 	0.244519  1  4648.93  379
O16 	14895.1 	0.24836  1  1926.31  3361
O16 	14895.1 	0.233583  1  275.092  4941
O16 	14895.1 	0.529269  1  -3973.42  9515
O16 	14895.1 	0.24669  1  -4612.04  10341
O16 	14895.1 	0.209337  1  4452.5  611
O16 	14895.1 	0.223504  1  2142.88  3014
O16 	14895.1 	0.606545  1  -338.912  5669
O16 	14895.1 	0.196998  1  -2463.98  7864
O16 	14895.1 	0.563124  1  2450.36  2606
O16 	14895.1 	0.30393  1  -2933.22  8158
O16 	14895.1 	1.03424  1  1194.96  4062
O16 	14895.1 	0.203194  1  -2182.75  7510
O16 	14895.1 	0.311211  1  667.662  4506
O16 	14895.1 	0.264232  1  1548.78  3586
O16 	14895.1 	0.23391  1  910.577  4296
O16 	14895.1 	0.280697  1  -962.208  6296
O16 	14895.1 	0.299258  1  1901.26  3253
O16 	14895.1 	0.201984  1  -3035.57  8489
O16 	14895.1 	0.2977  1  -1777.01  7034
O16 	14895.1 	0.203865  1  -246.845  5568
O16 	14895.1 	0.489065  1  3668.09  1402
O16 	14895.1 	0.270529  1  -1120.77  6461
O16 	14895.1 	0.432451  1  -4589.01  10026
O16 	14895.1 	0.596008  1  -1343.89  6751
O16 	14895.1 	0.2299  1  -740.668  5890
O16 	14895.1 	0.207359  1  -416.131  5526
O16 	14895.1 	0.33327  1  -4554.63  9866
O16 	14895.1 	0.218758  1  -3613.65  9091
O16 	14895.1 	6.93124  1  -1600.97  6903
O16 	14895.1 	0.30917  1  -2220.61  7576
O16 	14895.1 	0.214185  1  4302.65  752
O16 	14895.1 	0.822726  1  -1680.04  7055
O16 	14895.1 	0.353807  1  -1708.61  7001
O16 	14895.1 	0.275353  1  -1941.97  7353
O16 	14895.1 	0.279082  1  942.499  4226
O16 	14895.1 	0.334599  1  -4548.91  9895
O16 	14895.1 	0.275676  1  4989.45  19
O16 	14895.1 	0.209005  1  763.144  4322
O16 	14895.1 	0.647961  1  -3570.58  8919
O16 	14895.1 	0.550762  1  1612.96  3690
O16 	14895.1 	0.228534  1  -4566.23  10042
O16 	14895.1 	0.343007  1  4811.26  195
O16 	14895.1 	0.426547  1  1558.76  3647
O16 	14895.1 	0.258087  1  4259.83  802
O16 	14895.1 	0.257481  1  549.288  4645
O16 	14895.1 	0.592223  1  -3600.28  8848
O16 	14895.1 	0.346906  1  4470.63  588
O16 	14895.1 	0.247477  1  2983.45  2109
O16 	14895.1 	0.241731  1  -4193.61  9614
O16 	14895.1 	0.789185  1  798.132  4395
O16 	14895.1 	0.331151  1  -1155.65  6298
O16 	14895.1 	0.534384  1  -2022.87  7297
O16 	14895.1 	0.227316  1  3349.67  1728
O16 	14895.1 	0.369981  1  4519.77  512
O16 	14895.1 	0.420818  1  898.39  4362
O16 	14895.1 	0.541764  1  1019.49  4188
O16 	14895.1 	0.213834  1  1869.41  3198
O16 	14895.1 	0.664621  1  2799.83  2385
O16 	14895.1 	0.378537  1  -4797.39  10227
O16 	14895.1 	0.205622  1  -1624.02  7066
O16 	14895.1 	0.870596  1  1376.85  3792
O16 	14895.1 	0.733845  1  1894.21  3304
O16 	14895.1 	0.256054  1  1011.65  4265
O16 	14895.1 	0.245219  1  -2055.63  7488
O16 	14895.1 	1.20683  1  -4277.77  9667
O16 	14895.1 	0.233246  1  1686.63  3521
O16 	14895.1 	0.267278  1  -4160.95  9608
O16 	14895.1 	0.386296  1  4375.64  684
O16 	14895.1 	0.43901  1  958.801  4322
O16 	14895.1 	0.273301  1  -2912.29  8202
O16 	14895.1 	0.878188  1  -4500.87  9809
O16 	14895.1 	0.47378  1  -389.387  5573
O16 	14895.1 	0.267809  1  1363.03  3825
O16 	14895.1 	0.921784  1  414.6  4840
O16 	14895.1 	0.219299  1  3669.93  1529
O16 	14895.1 	0.220552  1  -920.423  6240
O16 	14895.1 	0.281751  1  -192.571  5534
O16 	14895.1 	0.408582  1  2402.42  2694
O16 	14895.1 	1.09062  1  897.314  4192
O16 	14895.1 	0.50874  1  305.905  4824
O16 	14895.1 	0.215319  1  -378.079  5551
O16 	14895.1 	0.816999  1  -3241.31  8437
O16 	14895.1 	2.48477  1  -3001.01  8359
O16 	14895.1 	0.246154  1  -3062.65  8468
O16 	14895.1 	0.287238  1  -4853.94  10430
O16 	14895.1 	0.312697  1  -4449.46  9812
O16 	14895.1 	0.419048  1  -152.694  5378
O16 	14895.1 	0.299182  1  -1640.3  6858
O16 	14895.1 	0.238236  1  -1224.69  6492
O16 	14895.1 	0.627489  1  -4911.13  10431
O16 	14895.1 	0.47555  1  545.768  4725
O16 	14895.1 	0.611413  1  342.511  4910
O16 	14895.1 	0.216525  1  -4330.42  9911
O16 	14895.1 	0.432014  1  -1198.69  6655
O16 	14895.1 	0.217627  1  -3195.22  8576
O16 	14895.1 	0.337587  1  -399.858  5713
O16 	14895.1 	0.262552  1  -1803.67  7150
O16 	14895.1 	0.21836  1  3173.09  1965
O16 	14895.1 	0.352812  1  852.848  4323
O16 	14895.1 	0.480223  1  -1446.47  6884
O16 	14895.1 	0.346435  1  4138.63  928
O16 	14895.1 	0.227558  1  -301.604  5504
O16 	14895.1 	0.199235  1  -57.861  5325
O16 	14895.1 	0.201372  1  2451.98  2704
O16 	14895.1 	0.241394  1  4790.62  216
O16 	14895.1 	0.331725  1  -3370.93  8863
O16 	14895.1 	6.27326  1  4654.27  364
O16 	14895.1 	0.359751  1  2149.54  3041
O16 	14895.1 	0.3097  1  -3150.33  8543
O16 	14895.1 	0.594933  1  4617.92  421
O16 	14895.1 	0.726829  1  3215.01  1880
O16 	14895.1 	0.378543  1  -1104.32  6264
O16 	14895.1 	0.193952  1  4841.8  155
O16 	14895.1 	0.538678  1  -2295.39  7707
O16 	14895.1 	0.375317  1  397.528  4923
O16 	14895.1 	0.368069  1  366.214  4863
O16 	14895.1 	0.330821  1  -3248.53  8648
O16 	14895.1 	0.462564  1  -1479.39  6731
O16 	14895.1 	0.232672  1  4988.57  11
O16 	14895.1 	0.225186  1  1099.48  4078
O16 	14895.1 	2.86402  1  -3484.51  8932
O16 	14895.1 	0.19832  1  -20.6441  5305
O16 	14895.1 	1.35263  1  2302.06  2783
O16 	14895.1 	0.201616  1  4453.8  576
O16 	14895.1 	0.199632  1  1822.06  3371
O16 	14895.1 	0.419853  1  -2092.79  7377
O16 	14895.1 	0.245765  1  -2686.08  8309
O16 	14895.1 	2.44959  1  -2452.77  7875
O16 	14895.1 	0.216613  1  1347.9  3937
O16 	14895.1 	0.70181  1  2952.11  2107
O16 	14895.1 	0.246597  1  3829.93  1227
O16 	14895.1 	0.247291  1  331.497  4864
O16 	14895.1 	0.233759  1  -2576.86  8033
O16 	14895.1 	0.565808  1  -1842.92  7096
O16 	14895.1 	0.310151  1  -2528.26  7993
O16 	14895.1 	0.191845  1  2682.72  2440
O16 	14895.1 	0.532496  1  -399.146  5589
O16 	14895.1 	0.252317  1  -4556.13  9970
O16 	14895.1 	0.276591  1  2026.08  3169
O16 	14895.1 	0.207281  1  -3995.38  9443
O16 	14895.1 	0.549157  1  -4247.81  9793
O16 	14895.1 	0.293076  1  2561.76  2547
O16 	14895.1 	0.339076  1  -2491.74  7922
O16 	14895.1 	0.241116  1  -2772.43  8196
O16 	14895.1 	0.200548  1  -2998.32  8324
O16 	14895.1 	0.203854  1  4628.47  401
O16 	14895.1 	0.401901  1  -322.11  5674
O16 	14895.1 	0.343498  1  2449.76  2646
O16 	14895.1 	0.960316  1  -3773.71  9261
O16 	14895.1 	0.94325  1  -4408.17  9842
O16 	14895.1 	0.250307  1  4366.31  682
O16 	14895.1 	0.89747  1  -3961.36  9353
O16 	14895.1 	0.347298  1  3086.17  1976
O16 	14895.1 	0.201285  1  -1354.93  6649
O16 	14895.1 	0.364704  1  447.894  4804
O16 	14895.1 	0.255648  1  2158.52  2985
O16 	14895.1 	0.295842  1  -3394.04  8872
O16 	14895.1 	0.905322  1  -2136.79  7461
O16 	14895.1 	0.221388  1  -1812.32  7273
O16 	14895.1 	0.59762  1  4956.32  39
O16 	14895.1 	0.327387  1  -4498.06  9929
O16 	14895.1 	0.377971  1  1447.92  3675
O16 	14895.1 	0.50078  1  3242.57  1865
O16 	14895.1 	0.265344  1  -2710.86  7962
O16 	14895.1 	0.267774  1  -3463.16  8822
O16 	14895.1 	0.233034  1  -3030.09  8351
O16 	14895.1 	0.344647  1  -3633.26  9071
O16 	14895.1 	0.461765  1  136.166  5089
O16 	14895.1 	0.197701  1  -2068.19  7441
O16 	14895.1 	0.31723  1  2633.77  2472
O16 	14895.1 	0.286924  1  -1453.21  6667
O16 	14895.1 	0.216574  1  4670.45  348
O16 	14895.1 	0.309137  1  2013.24  3126
O16 	14895.1 	0.326859  1  -737.373  5984
O16 	14895.1 	0.203682  1  -2287.21  7566
O16 	14895.1 	0.289222  1  -1914.34  7226
O16 	14895.1 	0.25601  1  -3908.91  9202
O16 	14895.1 	0.229866  1  -2705.34  8139
O16 	14895.1 	0.318361  1  -2643.2  7941
O16 	14895.1 	0.33078  1  -495.302  5801
O16 	14895.1 	0.199067  1  -1711.17  6996
O16 	14895.1 	0.55715  1  -1293.78  6536
O16 	14895.1 	0.455783  1  313.035  4812
O16 	14895.1 	0.22905  1  919.844  4102
O16 	14895.1 	0.637342  1  1559.72  3545
O16 	14895.1 	0.294944  1  -4103.67  9596
O16 	14895.1 	0.230064  1  4699.97  330
O16 	14895.1 	0.201336  1  -437.4  5614
O16 	14895.1 	0.253572  1  -2863.02  8248
O16 	14895.1 	0.528297  1  -4825.84  10265
O16 	14895.1 	0.278305  1  3884.05  1196
O16 	14895.1 	0.292126  1  -3798.38  9329
O16 	14895.1 	0.198082  1  -2987.86  8386
O16 	14895.1 	0.893818  1  2965  2179
O16 	14895.1 	0.275256  1  1390.6  3850
O16 	14895.1 	0.209995  1  -423.307  5729
O16 	14895.1 	0.338317  1  3484.11  1619
O16 	14895.1 	0.372023  1  702.91  4495
O16 	14895.1 	0.240359  1  -2325.52  7633
O16 	14895.1 	0.542115  1  -806.455  6085
O16 	14895.1 	1.90468  1  -186.277  5373
O16 	14895.1 	0.19946  1  3466.22  1647
O16 	14895.1 	0.20944  1  4481.75  562
O16 	14895.1 	0.19469  1  -4312.38  9841
O16 	14895.1 	0.482555  1  -888.354  6368
O16 	14895.1 	0.355617  1  -4145.97  9500
O16 	14895.1 	0.260428  1  2536.36  2646
O16 	14895.1 	1.13318  1  2279.54  2816
O16 	14895.1 	0.197515  1  -4934.92  10442
O16 	14895.1 	2.79171  1  -1536.72  6799
O16 	14895.1 	0.226453  1  2385.33  2665
O16 	14895.1 	0.204876  1  -2111.63  7595
O16 	14895.1 	0.262101  1  -4329.09  9790
O16 	14895.1 	0.614333  1  -3885.51  9344
O16 	14895.1 	0.306837  1  1148.42  3933
O16 	14895.1 	0.870586  1  -536.529  5672
O16 	14895.1 	0.212602  1  -3471.37  8757
O16 	14895.1 	0.32797  1  -2792.51  8329
O16 	14895.1 	0.693609  1  774.491  4519
O16 	14895.1 	0.463645  1  -4987.89  10489
O16 	14895.1 	0.201502  1  -2440.61  7713
O16 	14895.1 	0.634398  1  -973.388  6410
O16 	14895.1 	0.388448  1  -1350.24  6747
O16 	14895.1 	0.339736  1  -2327.7  7607
O16 	14895.1 	0.200825  1  -2668.83  8156
O16 	14895.1 	0.212178  1  -752.652  5973
O16 	14895.1 	0.289818  1  -4783.45  10168
O16 	14895.1 	0.33981  1  -878.619  6290
O16 	14895.1 	0.301897  1  992.318  4193
O16 	14895.1 	0.943512  1  932.938  4259
O16 	14895.1 	0.35798  1  176.019  5234
O16 	14895.1 	0.277288  1  4098.73  933
O16 	14895.1 	0.716467  1  1498.12  3644
O16 	14895.1 	0.343099  1  3772.29  1295
O16 	14895.1 	0.213818  1  2014.78  3089
O16 	14895.1 	0.323882  1  4915.79  80
O16 	14895.1 	1.37653  1  -624.514  5936
O16 	14895.1 	0.200716  1  528.953  4588
O16 	14895.1 	0.192611  1  -2914.88  8462
O16 	14895.1 	0.591376  1  -1822.82  7258
O16 	14895.1 	0.502699  1  3511.35  1585
O16 	14895.1 	0.345003  1  -1668.83  6965
O16 	14895.1 	0.331906  1  567.329  4794
O16 	14895.1 	0.246035  1  443.19  4696
O16 	14895.1 	0.639649  1  -3621.22  8970
O16 	14895.1 	0.383778  1  226.867  5079
O16 	14895.1 	0.225147  1  -4483.93  10027
O16 	14895.1 	0.245211  1  -135.607  5339
O16 	14895.1 	0.261316  1  4201.45  813
O16 	14895.1 	0.191829  1  530.453  4691
O16 	14895.1 	1.39015  1  -4785.63  10329
O16 	14895.1 	0.234798  1  -2907.08  8204
O16 	14895.1 	2.02204  1  -1209.7  6515
O16 	14895.1 	0.238431  1  -482.7  5706
O16 	14895.1 	0.485652  1  -1502.03  6980
O16 	14895.1 	0.348659  1  2727.45  2324
O16 	14895.1 	0.237387  1  -2472.15  7767
O16 	14895.1 	0.397561  1  -962.155  6250
O16 	14895.1 	0.263042  1  -2860.41  8301
O16 	14895.1 	0.691298  1  4255.69  780
O16 	14895.1 	2.65253  1  -2379.46  7820
O16 	14895.1 	4.56358  1  -4642.76  10229
O16 	14895.1 	0.272504  1  -1182.81  6506
O16 	14895.1 	0.319951  1  589.727  4577
O16 	14895.1 	2.07381  1  1304.53  3813
O16 	14895.1 	0.300794  1  -4004.14  9354
O16 	14895.1 	0.226367  1  2511.54  2643
O16 	14895.1 	0.217804  1  4309.56  723
O16 	14895.1 	0.304802  1  4215.03  816
O16 	14895.1 	0.235755  1  -1565.82  6733
O16 	14895.1 	1.54104  1  206.23  4895
O16 	14895.1 	0.211691  1  2718.54  2387
O16 	14895.1 	0.903432  1  -4322.9  9630
O16 	14895.1 	0.268963  1  -4463.16  9900
O16 	14895.1 	0.35923  1  -946.426  6156
O16 	14895.1 	0.351701  1  -3499.76  9034
O16 	14895.1 	0.192122  1  3548.86  1611
O16 	14895.1 	0.280264  1  45.8807  5187
O16 	14895.1 	0.193199  1  52.3808  5291
O16 	14895.1 	0.2598  1  -563.254  5674
O16 	14895.1 	0.424892  1  503.784  4716
O16 	14895.1 	0.279293  1  -705.813  5992
O16 	14895.1 	0.31906  1  2031.44  3089
O16 	14895.1 	0.191471  1  1336.01  3925
O16 	14895.1 	1.39844  1  -1455.95  6890
O16 	14895.1 	0.194437  1  -4910.54  10288
O16 	14895.1 	1.0762  1  372.892  4749
O16 	14895.1 	0.28082  1  361.732  4938
O16 	14895.1 	0.218168  1  4868.75  154
O16 	14895.1 	0.567672  1  -3372.65  8913
O16 	14895.1 	0.297757  1  1788.65  3414
O16 	14895.1 	0.197317  1  -986.111  6336
O16 	14895.1 	0.212117  1  -2316.33  7564
O16 	14895.1 	0.281456  1  -3237.98  8705
O16 	14895.1 	0.305034  1  4423.44  666
O16 	14895.1 	0.266191  1  1492.43  3720
O16 	14895.1 	0.476776  1  -1928.31  7161
O16 	14895.1 	0.411598  1  -4775.87  10080
O16 	14895.1 	0.201101  1  4908.83  97
O16 	14895.1 	0.450847  1  2358.16  2768
O16 	14895.1 	0.270478  1  3056.86  1988
O16 	14895.1 	0.247957  1  -3460.96  8920
O16 	14895.1 	0.237992  1  -4762.43  10331
O16 	14895.1 	0.25618  1  -3896.96  9377
O16 	14895.1 	0.31238  1  -847.688  6217
O16 	14895.1 	0.26251  1  1882.56  3238
O16 	14895.1 	0.230372  1  1686.17  3416
O16 	14895.1 	0.198305  1  -4958.23  10363
O16 	14895.1 	0.538888  1  3026.49  2013
O16 	14895.1 	0.188677  1  1387  3683
O16 	14895.1 	0.734893  1  4771.19  238
O16 	14895.1 	0.269028  1  -1556.09  6827
O16 	14895.1 	0.558258  1  -1260.71  6574
O16 	14895.1 	0.373432  1  -4688.42  10103
O16 	14895.1 	0.362042  1  -65.4011  5395
O16 	14895.1 	0.280072  1  -801.028  6258
O16 	14895.1 	0.223536  1  2538.54  2552
O16 	14895.1 	1.48466  1  -1250.85  6513
O16 	14895.1 	0.271439  1  768.436  4475
O16 	14895.1 	0.306102  1  -4335.53  9947
O16 	14895.1 	0.32009  1  -3084.46  8649
O16 	14895.1 	0.280949  1  -662.163  5787
O16 	14895.1 	0.612785  1  -1535.23  6814
O16 	14895.1 	0.844799  1  2743.19  2330
O16 	14895.1 	0.365349  1  187.657  5046
O16 	14895.1 	0.193185  1  -2592.81  7954
O16 	14895.1 	0.208339  1  3952.8  1052
O16 	14895.1 	0.473717  1  -293.086  5696
O16 	14895.1 	0.202375  1  -2729.22  7959
O16 	14895.1 	0.804004  1  -4422.75  9941
O16 	14895.1 	0.224098  1  -4377.84  9991
O16 	14895.1 	1.22746  1  -1457.17  6758
O16 	14895.1 	1.18864  1  4848.91  154
O16 	14895.1 	0.289506  1  -1542.68  6921
O16 	14895.1 	0.190715  1  838.1  4348
O16 	14895.1 	0.554362  1  4009.36  1031
O16 	14895.1 	0.377819  1  -4731.18  10260
O16 	14895.1 	1.25599  1  -912.933  6262
O16 	14895.1 	0.459905  1  3253.25  1878
O16 	14895.1 	0.250282  1  -2949.01  8427
O16 	14895.1 	0.543066  1  3403.56  1710
O16 	14895.1 	0.288507  1  1425.73  3716
O16 	14895.1 	0.295777  1  -3075.86  8407
O16 	14895.1 	0.189472  1  3563.19  1569
O16 	14895.1 	0.250276  1  -2120.21  7683
O16 	14895.1 	0.312503  1  2947.69  2179
O16 	14895.1 	0.211958  1  -4425.06  9844
O16 	14895.1 	0.244655  1  854.439  4390
O16 	14895.1 	0.345301  1  -829.878  6158
O16 	14895.1 	0.331898  1  -2365.96  7784
O16 	14895.1 	0.343481  1  -3149.11  8505
O16 	14895.1 	0.350231  1  -4390.08  9714
O16 	14895.1 	0.890471  1  1087.35  4058
O16 	14895.1 	0.253916  1  -1589.34  6956
O16 	14895.1 	0.295643  1  -908.082  6160
O16 	14895.1 	0.248323  1  -2992.71  8483
O16 	14895.1 	0.713131  1  -136.919  5422
O16 	14895.1 	0.257482  1  2184.32  2863
O16 	14895.1 	0.396635  1  -4460.3  9921
O16 	14895.1 	0.612976  1  -1386.07  6552
O16 	14895.1 	0.274935  1  -663.044  6055
O16 	14895.1 	0.26137  1  3887.22  1227
O16 	14895.1 	0.208248  1  4974.09  38
O16 	14895.1 	0.258037  1  1531.64  3612
O16 	14895.1 	0.316739  1  4182.11  850
O16 	14895.1 	0.356566  1  -380.485  5480
O16 	14895.1 	0.285653  1  1674.47  3515
O16 	14895.1 	1.99248  1  778.831  4476
O16 	14895.1 	0.293821  1  637.019  4571
O16 	14895.1 	0.427418  1  -3981.22  9453
O16 	14895.1 	0.343673  1  2899.95  2200
O16 	14895.1 	0.248039  1  -651.046  5953
O16 	14895.1 	0.34728  1  55.2721  5245
O16 	14895.1 	0.407556  1  4687  290
O16 	14895.1 	0.792677  1  4623.75  384
O16 	14895.1 	1.59133  1  858.484  4380
O16 	14895.1 	0.723816  1  2431.04  2674
O16 	14895.1 	0.572512  1  1015.62  4216
O16 	14895.1 	0.206849  1  -1629.31  7042
O16 	14895.1 	0.31405  1  -2397.11  7781
O16 	14895.1 	0.203015  1  -4301.2  9783
O16 	14895.1 	0.875795  1  2515.15  2641
O16 	14895.1 	0.198428  1  -4037.97  9504
O16 	14895.1 	0.199429  1  -3657.12  9107
O16 	14895.1 	0.577088  1  3508.26  1619
O16 	14895.1 	0.316141  1  -1213.01  6610
O16 	14895.1 	0.256644  1  1688.8  3518
O16 	14895.1 	0.287956  1  -1375.77  6592
O16 	14895.1 	0.235496  1  -2839.36  8114
O16 	14895.1 	0.191248  1  12.4601  5308
O16 	14895.1 	0.278878  1  -374.093  5668
O16 	14895.1 	0.414169  1  -3899.44  9450
O16 	14895.1 	1.28422  1  4572.89  417
O16 	14895.1 	0.239  1  -3094.99  8382
O16 	14895.1 	0.457303  1  -1507.9  6727
O16 	14895.1 	1.05854  1  -953.473  6249
O16 	14895.1 	0.223894  1  3443.17  1617
O16 	14895.1 	0.278117  1  -1225.92  6485
O16 	14895.1 	0.450568  1  3723.54  1427
O16 	14895.1 	0.728209  1  3150.76  1987
O16 	14895.1 	0.389421  1  -4236.25  9775
O16 	14895.1 	0.686367  1  -3407.36  8983
O16 	14895.1 	0.303026  1  -3866.05  9395
O16 	14895.1 	0.559479  1  -71.7928  5255
O16 	14895.1 	0.413707  1  2477.15  2661
O16 	14895.1 	0.398334  1  -1079.93  6375
O16 	14895.1 	0.205811  1  3189.81  1851
O16 	14895.1 	0.234295  1  -3353.6  8613
O16 	14895.1 	0.442442  1  3334.93  1768
O16 	14895.1 	0.240251  1  982.001  4192
O16 	14895.1 	0.300356  1  -1310.39  6645
O16 	14895.1 	0.200426  1  -2196.8  7726
O16 	14895.1 	0.209547  1  -1007.46  6234
O16 	14895.1 	0.284549  1  1166.28  3938
O16 	14895.1 	0.236966  1  -2795.78  8041
O16 	14895.1 	0.190192  1  4489.05  540
O16 	14895.1 	0.732098  1  -2059.83  7332
O16 	14895.1 	0.335875  1  -3981.81  9558
O16 	14895.1 	0.464832  1  4180.55  891
O16 	14895.1 	0.189965  1  -1314.49  6689
O16 	14895.1 	0.234504  1  -1985.48  7429
O16 	14895.1 	0.213699  1  -4822.55  10332
O16 	14895.1 	0.313397  1  324.571  4819
O16 	14895.1 	0.885379  1  2834.75  2345
O16 	14895.1 	0.248159  1  3722.03  1314
O16 	14895.1 	1.49606  1  -3726.38  9259
O16 	14895.1 	0.207709  1  -3213.86  8632
O16 	14895.1 	0.314061  1  683.723  4550
O16 	14895.1 	0.214149  1  -2576.84  7984
O16 	14895.1 	0.311954  1  1332.87  3926
O16 	14895.1 	0.201699  1  -1522.47  6936
O16 	14895.1 	0.252909  1  237.95  5003
O16 	14895.1 	0.433065  1  2478.76  2615
O16 	14895.1 	0.207371  1  4615.44  410
O16 	14895.1 	0.257599  1  670.585  4447
O16 	14895.1 	0.238306  1  -4845.85  10308
O16 	14895.1 	2.37328  1  1915.45  3225
O16 	14895.1 	0.191865  1  1545.02  3672
O16 	14895.1 	0.261817  1  301.975  4801
O16 	14895.1 	0.560319  1  4031.08  1040
O16 	14895.1 	0.300332  1  3792.06  1218
O16 	14895.1 	0.248746  1  2678.95  2507
O16 	14895.1 	0.521921  1  578.853  4705
O16 	14895.1 	0.485496  1  3127.94  1943
O16 	14895.1 	1.10392  1  2780.3  2286
O16 	14895.1 	0.566418  1  -873.303  6051
O16 	14895.1 	0.243106  1  -1357.07  6638
O16 	14895.1 	0.336045  1  -1772.39  6976
O16 	14895.1 	0.32298  1  -2126.94  7457
O16 	14895.1 	0.194528  1  -1150.84  6523
O16 	14895.1 	0.671251  1  860.986  4235
O16 	14895.1 	0.261966  1  -2507.07  7861
O16 	14895.1 	0.456095  1  253.831  5010
O16 	14895.1 	0.291352  1  -3176.52  8574
O16 	14895.1 	0.662455  1  3393.29  1692
O16 	14895.1 	0.189031  1  -365.494  5707
O16 	14895.1 	0.213674  1  -3515.36  8850
O16 	14895.1 	0.512505  1  988.704  4199
O16 	14895.1 	0.325907  1  3378.57  1736
O16 	14895.1 	0.74959  1  2057.18  3044
O16 	14895.1 	0.331048  1  -318.828  5571
O16 	14895.1 	0.3387  1  -4154.69  9620
O16 	14895.1 	0.229979  1  1721.28  3501
O16 	14895.1 	1.08951  1  1793.59  3329
O16 	14895.1 	0.270509  1  2477.49  2570
O16 	14895.1 	0.198011  1  -1152.52  6425
O16 	14895.1 	0.575431  1  -3382.16  8889
O16 	14895.1 	1.93038  1  1403.86  3719
O16 	14895.1 	0.28594  1  4270.29  761
O16 	14895.1 	0.8825  1  -596.352  5888
O16 	14895.1 	0.230312  1  2602.26  2505
O16 	14895.1 	0.279351  1  4497.76  515
O16 	14895.1 	0.353465  1  974.481  4236
O16 	14895.1 	0.740096  1  -443.5  5764
O16 	14895.1 	0.241787  1  734.098  4604
O16 	14895.1 	0.309527  1  2654.45  2396
O16 	14895.1 	0.296553  1  3900.27  1143
O16 	14895.1 	0.481918  1  -2609.18  7927
O16 	14895.1 	0.239803  1  4892.75  112
O16 	14895.1 	0.20682  1  -2095.88  7531
O16 	14895.1 	0.201814  1  4825.32  161
O16 	14895.1 	0.258857  1  -3711.89  9126
O16 	14895.1 	0.489741  1  -1346.52  6610
O16 	14895.1 	0.229749  1  2753.59  2403
O16 	14895.1 	0.454329  1  4855.83  146
O16 	14895.1 	0.497425  1  -4235.86  9634
O16 	14895.1 	0.991853  1  2699.48  2358
O16 	14895.1 	1.59799  1  904.96  4327
O16 	14895.1 	0.208941  1  -595.477  5903
O16 	14895.1 	0.948305  1  1796.87  3408
O16 	14895.1 	0.722104  1  -1417.73  6730
O16 	14895.1 	0.40121  1  1466.75  3743
O16 	14895.1 	0.488438  1  782.606  4590
O16 	14895.1 	0.324859  1  -3991.05  9386
O16 	14895.1 	0.216789  1  -153.21  5360
O16 	14895.1 	0.218256  1  599.121  4559
O16 	14895.1 	0.242334  1  39.1856  5260
O16 	14895.1 	0.228567  1  -4252.28  9688
O16 	14895.1 	0.194589  1  -2886.14  8184
O16 	14895.1 	0.189282  1  -2248.72  7515
O16 	14895.1 	0.217939  1  -2904.82  8326
O16 	14895.1 	0.19275  1  -279.391  5758
O16 	14895.1 	0.260977  1  -477.679  5699
O16 	14895.1 	0.207154  1  -3918.54  9351
O16 	14895.1 	0.248671  1  -3537.91  9003
O16 	14895.1 	0.421576  1  -405.749  5769
O16 	14895.1 	0.218026  1  1897.46  3172
O16 	14895.1 	0.294629  1  868.753  4366
O16 	14895.1 	0.269372  1  633.792  4707
O16 	14895.1 	0.338625  1  3589.43  1482
O16 	14895.1 	0.343587  1  554.032  4625
O16 	14895.1 	0.198079  1  377.021  4815
O16 	14895.1 	0.195236  1  2767.91  2410
O16 	14895.1 	0.195367  1  2064.39  3013
O16 	14895.1 	0.276938  1  -4710.47  10234
O16 	14895.1 	0.196354  1  1121.04  3962
O16 	14895.1 	0.218057  1  -1102.41  6495
O16 	14895.1 	0.365057  1  4276.17  745
O16 	14895.1 	1.17016  1  -4469.69  10123
O16 	14895.1 	0.19602  1  4692.42  285
O16 	14895.1 	0.483111  1  -2279.57  7752
O16 	14895.1 	0.355903  1  -849.791  6034
O16 	14895.1 	0.47031  1  4948.92  56
O16 	14895.1 	0.288861  1  -2057.36  7291
O16 	14895.1 	0.20644  1  -2653.63  8013
O16 	14895.1 	4.82416  1  3145.73  1947
O16 	14895.1 	0.555355  1  2921.57  2112
O16 	14895.1 	0.66758  1  -4190.59  9640
O16 	14895.1 	0.397612  1  -2860.49  8308
O16 	14895.1 	0.236369  1  2459.96  2657
O16 	14895.1 	0.219647  1  4387.39  668
O16 	14895.1 	0.533292  1  2249.41  2853
O16 	14895.1 	0.225214  1  489.774  4767
O16 	14895.1 	0.506719  1  -1035.35  6436
O16 	14895.1 	0.800197  1  -3684.51  9246
O16 	14895.1 	0.267214  1  3396.08  1714
O16 	14895.1 	0.364759  1  -2225.83  7585
O16 	14895.1 	0.218123  1  3156.85  1968
O16 	14895.1 	0.195594  1  -1203.93  6422
O16 	14895.1 	0.487588  1  2600.8  2457
O16 	14895.1 	1.34339  1  265.866  4999
O16 	14895.1 	0.259983  1  -3193.74  8550
O16 	14895.1 	0.365041  1  -3979.52  9418
O16 	14895.1 	0.342243  1  -1158.92  6382
O16 	14895.1 	0.841443  1  -1044.39  6349
O16 	14895.1 	0.253824  1  1584.76  3637
O16 	14895.1 	0.203163  1  4962.69  55
O16 	14895.1 	0.521546  1  -1303.63  6518
O16 	14895.1 	0.274949  1  -3801.75  9441
O16 	14895.1 	0.189619  1  3588.73  1520
O16 	14895.1 	0.234359  1  499.079  4784
O16 	14895.1 	0.731904  1  -1209.34  6370
O16 	14895.1 	0.195666  1  -4150.64  9402
O16 	14895.1 	0.314101  1  1234.26  4031
O16 	14895.1 	1.69919  1  -1004.62  6379
O16 	14895.1 	0.376045  1  1689.6  3484
O16 	14895.1 	0.316376  1  2248.31  2948
O16 	14895.1 	0.204353  1  509.948  4652
O16 	14895.1 	0.328345  1  4144.5  923
O16 	14895.1 	0.223858  1  -459.283  5848
O16 	14895.1 	1.19418  1  -1841.59  7190
O16 	14895.1 	2.0319  1  926.007  4132
O16 	14895.1 	0.347764  1  -4316.62  9712
O16 	14895.1 	0.198528  1  -570.29  5912
O16 	14895.1 	0.312395  1  -2621.08  8077
O16 	14895.1 	0.803613  1  1650.11  3474
O16 	14895.1 	0.476367  1  -2057.64  7350
O16 	14895.1 	0.201759  1  3945.55  1072
O16 	14895.1 	0.232251  1  3118.18  1913
O16 	14895.1 	0.532447  1  826.782  4438
O16 	14895.1 	0.362482  1  4560.05  483
O16 	14895.1 	0.277031  1  4347.55  709
O16 	14895.1 	0.243123  1  -154.217  5528
O16 	14895.1 	0.214463  1  -3006.95  8392
O16 	14895.1 	0.266077  1  -1283.57  6658
O16 	14895.1 	2.15804  1  -2746.35  8056
O16 	14895.1 	0.278411  1  2442.62  2656
O16 	14895.1 	0.371174  1  -3983.22  9471
O16 	14895.1 	0.193038  1  2709.39  2414
O16 	14895.1 	0.252081  1  -2548.61  7985
O16 	14895.1 	0.199027  1  -1643.44  7016
O16 	14895.1 	0.38147  1  -2474.68  7898
O16 	14895.1 	0.25739  1  4751.45  267
O16 	14895.1 	0.268528  1  3665.29  1470
O16 	14895.1 	0.201217  1  -1025.77  6341
O16 	14895.1 	2.1421  1  3708.63  1367
O16 	14895.1 	0.345799  1  -3531.96  8916
O16 	14895.1 	0.200405  1  2679.4  2375
O16 	14895.1 	0.266421  1  -1119.39  6455
O16 	14895.1 	0.305407  1  755.349  4532
