O16 	14895.1 	0.261179  1  1058.99  4155
O16 	14895.1 	0.209468  1  1993.83  3136
O16 	14895.1 	0.395911  1  2780.6  2293
O16 	14895.1 	0.247443  1  2738.64  2356
O16 	14895.1 	0.246262  1  4571.42  429
O16 	14895.1 	0.321685  1  1640.19  3525
O16 	14895.1 	0.920321  1  -3282.14  8735
O16 	14895.1 	0.35029  1  4436.52  616
O16 	14895.1 	0.198863  1  -2458.87  7817
O16 	14895.1 	0.349477  1  1351.14  3860
O16 	14895.1 	0.259773  1  2806.36  2221
O16 	14895.1 	0.267121  1  2063.66  3175
O16 	14895.1 	0.248284  1  -203.521  5636
O16 	14895.1 	0.198055  1  496.653  4729
O16 	14895.1 	0.399882  1  -1702.55  7062
O16 	14895.1 	0.321549  1  4422.91  628
O16 	14895.1 	0.310152  1  -4593.07  10046
O16 	14895.1 	0.351827  1  436.106  4760
O16 	14895.1 	0.677203  1  4762.24  278
O16 	14895.1 	0.293498  1  3931.21  1151
O16 	14895.1 	0.191426  1  1609.1  3569
O16 	14895.1 	0.235225  1  -1790.12  7029
O16 	14895.1 	0.331019  1  -2896.07  8145
O16 	14895.1 	0.232716  1  -3190.45  8496
O16 	14895.1 	0.345899  1  -4453.51  9849
O16 	14895.1 	0.764469  1  -2439.26  7755
O16 	14895.1 	0.203806  1  -491.285  5644
O16 	14895.1 	0.753034  1  -1843.32  7229
O16 	14895.1 	0.232125  1  4655.92  376
O16 	14895.1 	1.47018  1  3335.87  1700
O16 	14895.1 	1.43129  1  3687.44  1406
O16 	14895.1 	0.346925  1  -1688.48  7012
O16 	14895.1 	1.50122  1  -2240.4  7513
O16 	14895.1 	0.246795  1  -129.89  5194
O16 	14895.1 	1.26752  1  -198.116  5270
O16 	14895.1 	0.246787  1  379.062  4772
O16 	14895.1 	0.330577  1  4782.63  225
O16 	14895.1 	0.360179  1  3008.58  2142
O16 	14895.1 	0.699627  1  381.097  4906
O16 	14895.1 	0.215221  1  -3214.13  8571
O16 	14895.1 	0.639336  1  2941.85  2158
O16 	14895.1 	0.289367  1  1334.54  3785
O16 	14895.1 	0.223372  1  2550.99  2615
O16 	14895.1 	0.25163  1  -321.115  5545
O16 	14895.1 	1.02997  1  2473.53  2711
O16 	14895.1 	0.416088  1  2441.45  2660
O16 	14895.1 	0.237624  1  2966.49  2133
O16 	14895.1 	1.25719  1  1932.51  3201
O16 	14895.1 	0.317801  1  3790.77  1299
O16 	14895.1 	0.202661  1  -1078.44  6388
O16 	14895.1 	0.194953  1  1540.92  3668
O16 	14895.1 	2.10782  1  -2363.96  7705
O16 	14895.1 	0.227222  1  2724.95  2367
O16 	14895.1 	1.7275  1  -4161.25  9622
O16 	14895.1 	0.482535  1  3573.26  1488
O16 	14895.1 	0.276428  1  2894.3  2091
O16 	14895.1 	0.45711  1  4309.25  733
O16 	14895.1 	0.313997  1  2828.7  2192
O16 	14895.1 	0.277742  1  -2427.87  7802
O16 	14895.1 	0.272725  1  -518.07  5772
O16 	14895.1 	0.259175  1  1251.57  4048
O16 	14895.1 	0.393502  1  2383.27  2690
O16 	14895.1 	0.211966  1  -3815.94  9158
O16 	14895.1 	0.279581  1  4545.17  489
O16 	14895.1 	0.657445  1  228.654  4926
O16 	14895.1 	0.784712  1  -296.683  5525
O16 	14895.1 	0.211135  1  1317.3  3959
O16 	14895.1 	0.21864  1  -73.5378  5336
O16 	14895.1 	0.242383  1  -1411.3  6702
O16 	14895.1 	0.231679  1  314.159  4804
O16 	14895.1 	0.201455  1  -1947.73  7289
O16 	14895.1 	0.960495  1  3001.86  2130
O16 	14895.1 	0.47822  1  808.003  4488
O16 	14895.1 	0.396932  1  4098.98  993
O16 	14895.1 	0.196797  1  -4032.52  9350
O16 	14895.1 	0.304852  1  716.943  4429
O16 	14895.1 	1.5634  1  2146.63  2950
O16 	14895.1 	0.329347  1  2889.96  2211
O16 	14895.1 	0.554856  1  2061.06  3063
O16 	14895.1 	0.285284  1  -337.611  5529
O16 	14895.1 	0.470006  1  -4960.01  10302
O16 	14895.1 	0.361249  1  898.647  4282
O16 	14895.1 	0.394748  1  -3286.75  8611
O16 	14895.1 	0.384256  1  1403.3  3752
O16 	14895.1 	0.216864  1  -2600.45  7890
O16 	14895.1 	0.262529  1  -4077.16  9475
O16 	14895.1 	0.383005  1  -3748.07  9212
O16 	14895.1 	0.222054  1  643.414  4690
O16 	14895.1 	0.225528  1  4891.88  122
O16 	14895.1 	0.635459  1  2667.6  2495
O16 	14895.1 	0.3329  1  -4692.55  10200
O16 	14895.1 	0.58872  1  1716.52  3408
O16 	14895.1 	0.226872  1  -339.967  5622
O16 	14895.1 	0.205085  1  2547.46  2572
O16 	14895.1 	4.14014  1  4138.77  864
O16 	14895.1 	0.451584  1  2227.6  2923
O16 	14895.1 	0.384049  1  1581.74  3611
O16 	14895.1 	0.448393  1  -4396.74  9594
O16 	14895.1 	0.23284  1  2119.76  2986
O16 	14895.1 	0.491774  1  4228.25  787
O16 	14895.1 	0.210227  1  -282.16  5526
O16 	14895.1 	0.953461  1  1669.91  3351
O16 	14895.1 	0.744947  1  1478.23  3714
O16 	14895.1 	0.51313  1  -4888.08  10287
O16 	14895.1 	0.301616  1  1399.85  3709
O16 	14895.1 	0.235921  1  -2543.85  7857
O16 	14895.1 	1.37666  1  720.699  4543
O16 	14895.1 	0.60696  1  1035.84  4181
O16 	14895.1 	0.349187  1  4835.9  159
O16 	14895.1 	0.240021  1  4401.25  588
O16 	14895.1 	0.286682  1  2861.82  2275
O16 	14895.1 	0.303974  1  4862.46  159
O16 	14895.1 	1.67074  1  1170.58  4095
O16 	14895.1 	0.313941  1  326.656  5048
O16 	14895.1 	0.236005  1  -2958.45  8454
O16 	14895.1 	0.306584  1  4303.7  713
O16 	14895.1 	0.233385  1  370.626  4752
O16 	14895.1 	0.228725  1  -314.615  5512
O16 	14895.1 	0.32444  1  -966.538  6131
O16 	14895.1 	0.200921  1  -733.019  6115
O16 	14895.1 	0.259781  1  -1002.3  6290
O16 	14895.1 	0.7002  1  1278.43  3820
O16 	14895.1 	0.201476  1  -1011.48  6432
O16 	14895.1 	0.226135  1  -1255.64  6455
O16 	14895.1 	1.02345  1  -2631.76  7905
O16 	14895.1 	0.365515  1  -3709.74  9160
O16 	14895.1 	0.306028  1  -3685.07  8945
O16 	14895.1 	0.338023  1  -2577.17  8031
O16 	14895.1 	1.20437  1  -4262.84  9802
O16 	14895.1 	0.196287  1  1443.64  3680
O16 	14895.1 	0.383626  1  4657.14  355
O16 	14895.1 	0.239759  1  3165.2  1889
O16 	14895.1 	0.398162  1  -653.132  5900
O16 	14895.1 	0.201241  1  -2553.2  7996
O16 	14895.1 	0.522094  1  506.521  4811
O16 	14895.1 	1.71965  1  1484.88  3608
O16 	14895.1 	0.830489  1  2088.23  3151
O16 	14895.1 	0.188985  1  -2350.9  7616
O16 	14895.1 	0.322032  1  -1897.7  7396
O16 	14895.1 	0.223364  1  -1285.4  6545
O16 	14895.1 	0.233356  1  -1675.14  7006
O16 	14895.1 	0.352083  1  -2906.56  8296
O16 	14895.1 	0.192178  1  3318.34  1755
O16 	14895.1 	0.190873  1  3276.31  1804
O16 	14895.1 	0.195831  1  3376.35  1699
O16 	14895.1 	0.251565  1  -1666.11  6936
O16 	14895.1 	0.19584  1  4216.77  791
O16 	14895.1 	0.249154  1  1448.12  3753
O16 	14895.1 	0.309551  1  -3339.45  8641
O16 	14895.1 	1.33322  1  -4066.46  9437
O16 	14895.1 	0.307256  1  -3556.88  9047
O16 	14895.1 	0.330095  1  -2374.54  7616
O16 	14895.1 	0.240114  1  1475.73  3683
O16 	14895.1 	0.260504  1  827.788  4346
O16 	14895.1 	0.20565  1  2893.57  2213
O16 	14895.1 	0.261164  1  1606.42  3508
O16 	14895.1 	0.56016  1  -4516.95  9943
O16 	14895.1 	0.282542  1  -2027.27  7277
O16 	14895.1 	0.314125  1  4985.35  22
O16 	14895.1 	0.191793  1  -1399.14  6783
O16 	14895.1 	0.196944  1  -4006  9479
O16 	14895.1 	0.510615  1  4314.07  688
O16 	14895.1 	0.741354  1  -391.681  5692
O16 	14895.1 	0.403941  1  312.261  4935
O16 	14895.1 	1.42139  1  2796.57  2392
O16 	14895.1 	0.509631  1  2221.9  2848
O16 	14895.1 	0.40812  1  -29.9778  5249
O16 	14895.1 	0.231188  1  -195.467  5483
O16 	14895.1 	0.200407  1  -2198.01  7530
O16 	14895.1 	0.339386  1  -2263.57  7749
O16 	14895.1 	0.226434  1  355.088  4804
O16 	14895.1 	0.256865  1  -2985.2  8346
O16 	14895.1 	0.443486  1  4237.38  867
O16 	14895.1 	0.188819  1  4484.74  504
O16 	14895.1 	0.200452  1  -2829.02  8108
O16 	14895.1 	0.431182  1  -948.884  6235
O16 	14895.1 	0.557248  1  -1320.04  6516
O16 	14895.1 	0.545083  1  -3288.01  8846
O16 	14895.1 	0.523755  1  -3619.19  9169
O16 	14895.1 	0.285747  1  4821.16  190
O16 	14895.1 	1.12018  1  -4295.79  9653
O16 	14895.1 	7.4014  1  2182.49  3011
O16 	14895.1 	0.263261  1  109.918  5084
O16 	14895.1 	1.47141  1  -2667.58  8072
O16 	14895.1 	1.29888  1  3001.83  2097
O16 	14895.1 	0.330011  1  2255.46  2955
O16 	14895.1 	0.268898  1  -2269.63  7611
O16 	14895.1 	0.191779  1  -3304.13  8751
O16 	14895.1 	0.29022  1  1767.62  3291
O16 	14895.1 	0.325743  1  4483.11  542
O16 	14895.1 	0.35571  1  183.133  5153
O16 	14895.1 	0.721638  1  -1768.13  7232
O16 	14895.1 	0.270219  1  1507.97  3743
O16 	14895.1 	1.10653  1  -1963.24  7350
O16 	14895.1 	0.233529  1  4790.11  243
O16 	14895.1 	0.56011  1  -2305.1  7658
O16 	14895.1 	0.204914  1  -1261.94  6532
O16 	14895.1 	0.373781  1  -1831.5  7113
O16 	14895.1 	0.19489  1  -3389.12  8723
O16 	14895.1 	0.879184  1  976.736  4220
O16 	14895.1 	0.364291  1  2630.75  2458
O16 	14895.1 	0.456788  1  -3086.46  8493
O16 	14895.1 	0.683621  1  1876.85  3272
O16 	14895.1 	0.70509  1  3810.24  1260
O16 	14895.1 	0.380191  1  -3874.76  9283
O16 	14895.1 	0.512496  1  -3549.84  9120
O16 	14895.1 	0.352944  1  -2743.86  8112
O16 	14895.1 	0.230501  1  2706.37  2431
O16 	14895.1 	0.198277  1  -1463.27  6656
O16 	14895.1 	0.217625  1  3025.14  1981
O16 	14895.1 	0.474715  1  2066.18  2991
O16 	14895.1 	0.213485  1  3123.83  2091
O16 	14895.1 	0.691454  1  -71.9893  5371
O16 	14895.1 	0.24521  1  263.649  4837
O16 	14895.1 	0.29427  1  -3279.12  8741
O16 	14895.1 	0.621361  1  4683.17  327
O16 	14895.1 	0.269919  1  2837.96  2308
O16 	14895.1 	0.268884  1  90.5241  5128
O16 	14895.1 	0.949875  1  -3867.75  9352
O16 	14895.1 	0.482714  1  -2016.13  7295
O16 	14895.1 	0.662099  1  -2592.71  8069
O16 	14895.1 	0.208812  1  -3272  8638
O16 	14895.1 	0.208871  1  4693.72  321
O16 	14895.1 	0.348142  1  -1591.38  6873
O16 	14895.1 	0.744015  1  2020.81  3125
O16 	14895.1 	1.20714  1  -377.689  5598
O16 	14895.1 	0.230526  1  -4937.7  10356
O16 	14895.1 	0.298738  1  4101.28  934
O16 	14895.1 	0.354007  1  -781.223  6127
O16 	14895.1 	0.300787  1  -476.106  5645
O16 	14895.1 	0.713027  1  -2962.32  8236
O16 	14895.1 	0.193426  1  1129.93  4054
O16 	14895.1 	0.243111  1  -1174.89  6348
O16 	14895.1 	0.556408  1  1446.29  3792
O16 	14895.1 	0.495736  1  -1071.69  6312
O16 	14895.1 	0.479036  1  -1149.93  6481
O16 	14895.1 	0.300507  1  -4601.34  9967
O16 	14895.1 	0.215457  1  -131.128  5420
O16 	14895.1 	0.320046  1  4116.86  972
O16 	14895.1 	0.297064  1  3527.15  1517
O16 	14895.1 	0.442899  1  -1034  6332
O16 	14895.1 	0.189009  1  -2205.94  7622
O16 	14895.1 	0.776218  1  -1753.66  7195
O16 	14895.1 	0.20972  1  2108.76  3061
O16 	14895.1 	0.195175  1  3559.02  1587
O16 	14895.1 	0.650075  1  2553.59  2498
O16 	14895.1 	0.645069  1  -1674.79  6842
O16 	14895.1 	0.358282  1  -3493.7  8715
O16 	14895.1 	2.11011  1  3538.07  1572
O16 	14895.1 	0.658955  1  -488.312  5688
O16 	14895.1 	0.648837  1  1519.05  3711
O16 	14895.1 	0.546711  1  3241.7  1930
O16 	14895.1 	0.268354  1  -4662.77  10305
O16 	14895.1 	0.528845  1  -172.399  5416
O16 	14895.1 	0.23946  1  741.858  4401
O16 	14895.1 	0.22915  1  4702.79  375
O16 	14895.1 	0.256049  1  -3520.63  8939
O16 	14895.1 	0.579607  1  4036.1  1034
O16 	14895.1 	0.226693  1  -2483.37  7827
O16 	14895.1 	0.286152  1  -867.438  6229
O16 	14895.1 	0.374097  1  -3807.24  9285
O16 	14895.1 	0.198359  1  -1041.07  6315
O16 	14895.1 	0.343944  1  2650.32  2458
O16 	14895.1 	0.190907  1  -1018.91  6128
O16 	14895.1 	3.02206  1  -2554.92  8124
O16 	14895.1 	0.282426  1  -2607.38  7954
O16 	14895.1 	0.208021  1  -1030.25  6343
O16 	14895.1 	0.743089  1  1382.08  3754
O16 	14895.1 	0.303045  1  4125.52  920
O16 	14895.1 	0.249374  1  -2615.19  7755
O16 	14895.1 	0.42094  1  2950.99  2188
O16 	14895.1 	0.221571  1  3372.21  1781
O16 	14895.1 	0.218614  1  -4021.15  9487
O16 	14895.1 	0.347324  1  2181.29  2994
O16 	14895.1 	0.325201  1  -4849.16  10219
O16 	14895.1 	0.817195  1  644.544  4511
O16 	14895.1 	0.453425  1  4692.47  344
O16 	14895.1 	0.283411  1  2611.34  2515
O16 	14895.1 	2.96744  1  -3147.63  8426
O16 	14895.1 	0.270426  1  3.15794  5185
O16 	14895.1 	0.50121  1  -2266.27  7609
O16 	14895.1 	0.324855  1  3667.34  1419
O16 	14895.1 	1.16678  1  1425.2  3819
O16 	14895.1 	1.16651  1  -3889.8  9359
O16 	14895.1 	0.218513  1  -2036.56  7370
O16 	14895.1 	0.301877  1  3188.97  1899
O16 	14895.1 	0.262667  1  498.701  4564
O16 	14895.1 	0.306984  1  -3581.18  8895
O16 	14895.1 	1.85011  1  1576.56  3552
O16 	14895.1 	0.305697  1  -354.705  5457
O16 	14895.1 	0.775394  1  699.281  4422
O16 	14895.1 	0.25702  1  -3431.95  8757
O16 	14895.1 	0.205728  1  -3693.29  9072
O16 	14895.1 	0.452462  1  615.942  4622
O16 	14895.1 	0.269487  1  -868.449  6179
O16 	14895.1 	0.197039  1  3273.76  1794
O16 	14895.1 	0.2152  1  -949.834  6269
O16 	14895.1 	1.55901  1  -1219.92  6523
O16 	14895.1 	0.474152  1  222.531  5163
O16 	14895.1 	0.212044  1  4840.29  168
O16 	14895.1 	0.465831  1  -356.55  5686
O16 	14895.1 	0.219248  1  -3972.12  9366
O16 	14895.1 	0.268119  1  2978.31  2156
O16 	14895.1 	1.00987  1  621.858  4583
O16 	14895.1 	0.699592  1  -3010.71  8451
O16 	14895.1 	0.220674  1  2206.18  2953
O16 	14895.1 	0.202325  1  191.981  5098
O16 	14895.1 	0.792215  1  1556.32  3554
O16 	14895.1 	0.201769  1  4507.81  496
O16 	14895.1 	5.39028  1  -1699.16  7053
O16 	14895.1 	0.317718  1  -2444.52  7701
O16 	14895.1 	0.97734  1  -4990.17  10650
O16 	14895.1 	3.21059  1  -1430.41  6907
O16 	14895.1 	2.09173  1  2833.02  2193
O16 	14895.1 	0.221185  1  1833.75  3336
O16 	14895.1 	0.464816  1  4918.28  102
O16 	14895.1 	0.336859  1  109.111  4976
O16 	14895.1 	0.930773  1  632.439  4688
O16 	14895.1 	0.507392  1  -240.085  5617
O16 	14895.1 	0.221636  1  -1121.23  6327
O16 	14895.1 	0.534227  1  -4987.24  10369
O16 	14895.1 	0.496746  1  2636.14  2416
O16 	14895.1 	0.271723  1  -3767.79  9251
O16 	14895.1 	0.236224  1  971.509  4188
O16 	14895.1 	0.211239  1  -3466.86  8874
O16 	14895.1 	2.2817  1  -1744.75  7145
O16 	14895.1 	1.24097  1  -4111.67  9620
O16 	14895.1 	0.378656  1  2523.7  2533
O16 	14895.1 	0.354018  1  -4964.61  10314
O16 	14895.1 	0.370679  1  -499.449  5834
O16 	14895.1 	0.360762  1  3768.72  1335
O16 	14895.1 	0.685313  1  1446.43  3624
O16 	14895.1 	0.225883  1  2535.42  2598
O16 	14895.1 	1.18344  1  -1150.83  6442
O16 	14895.1 	0.532129  1  1538.83  3649
O16 	14895.1 	0.902782  1  2037.51  3158
O16 	14895.1 	0.263086  1  1764.6  3421
O16 	14895.1 	0.325106  1  3404.08  1644
O16 	14895.1 	0.566527  1  250.725  4968
O16 	14895.1 	0.707463  1  -3297.15  8651
O16 	14895.1 	0.914592  1  -2718.03  8003
O16 	14895.1 	1.12659  1  -160.791  5268
O16 	14895.1 	0.25455  1  3185.65  1913
O16 	14895.1 	0.550731  1  -3108.46  8456
O16 	14895.1 	0.243634  1  -1282.3  6506
O16 	14895.1 	0.313012  1  2088.83  3014
O16 	14895.1 	0.875814  1  -58.8797  5343
O16 	14895.1 	0.614191  1  2857.46  2223
O16 	14895.1 	0.211262  1  1434.88  3725
O16 	14895.1 	0.265466  1  3569.56  1455
O16 	14895.1 	0.210568  1  -1457.6  6678
O16 	14895.1 	0.21238  1  1991.23  3123
O16 	14895.1 	0.287092  1  -4440.48  9971
O16 	14895.1 	0.240311  1  -1734.22  7017
O16 	14895.1 	0.574407  1  -3712.94  9097
O16 	14895.1 	0.345466  1  1089.58  4130
O16 	14895.1 	0.262827  1  2291.32  2858
O16 	14895.1 	0.279176  1  -3784.48  9121
O16 	14895.1 	1.12282  1  -605.962  5950
O16 	14895.1 	0.208099  1  -3790.86  9263
O16 	14895.1 	0.194483  1  93.184  5150
O16 	14895.1 	0.240218  1  -2112.18  7401
O16 	14895.1 	0.227135  1  4474.03  518
O16 	14895.1 	0.28812  1  -2425.09  7775
O16 	14895.1 	0.510606  1  -1176.48  6506
O16 	14895.1 	0.320522  1  3207.95  1837
O16 	14895.1 	0.208909  1  30.7739  5198
O16 	14895.1 	0.32495  1  -4724.23  10109
O16 	14895.1 	0.290373  1  2841.48  2239
O16 	14895.1 	0.688569  1  -2550.45  7767
O16 	14895.1 	0.206134  1  -832.909  5962
O16 	14895.1 	0.236443  1  -1496.99  6730
O16 	14895.1 	0.294872  1  -1490.65  6715
O16 	14895.1 	0.786638  1  -3644.51  8938
O16 	14895.1 	0.275583  1  1235.04  3914
O16 	14895.1 	0.583065  1  -626.141  5900
O16 	14895.1 	0.433324  1  3173.35  1925
O16 	14895.1 	0.215974  1  1422.69  3737
O16 	14895.1 	0.199041  1  3409.42  1745
O16 	14895.1 	0.282674  1  -1087.73  6314
O16 	14895.1 	0.216505  1  -4230.88  9574
O16 	14895.1 	0.282345  1  376.734  4811
O16 	14895.1 	0.199217  1  -4707.4  10165
O16 	14895.1 	0.259565  1  3512.01  1507
O16 	14895.1 	7.07962  1  1667.95  3468
O16 	14895.1 	0.382046  1  3520.17  1529
O16 	14895.1 	0.567988  1  -3477.63  8854
O16 	14895.1 	0.217457  1  4696.44  280
O16 	14895.1 	0.215981  1  -1572.4  6894
O16 	14895.1 	0.352575  1  3831.94  1263
O16 	14895.1 	1.3199  1  -1004.55  6346
O16 	14895.1 	0.418646  1  -3874.01  9297
O16 	14895.1 	0.206003  1  4378.12  618
O16 	14895.1 	0.360357  1  -1591.71  6944
O16 	14895.1 	0.305319  1  4766.98  219
O16 	14895.1 	0.297415  1  748.842  4446
O16 	14895.1 	0.534387  1  -2979.8  8213
O16 	14895.1 	0.714408  1  303.871  4808
O16 	14895.1 	0.323493  1  -1464.1  6784
O16 	14895.1 	0.225085  1  -3227.75  8632
O16 	14895.1 	0.52399  1  -3611.16  8896
O16 	14895.1 	0.266766  1  136.264  5121
O16 	14895.1 	0.201535  1  3810.96  1280
O16 	14895.1 	0.229738  1  2033.22  3050
O16 	14895.1 	0.462836  1  411.281  4743
O16 	14895.1 	0.255458  1  -3026.22  8480
O16 	14895.1 	0.306121  1  -2148.63  7623
O16 	14895.1 	0.206233  1  -4089.86  9410
O16 	14895.1 	0.225118  1  -3819.82  9032
O16 	14895.1 	0.350861  1  -3167.5  8475
O16 	14895.1 	0.296639  1  3057.08  2015
O16 	14895.1 	0.218094  1  1068.04  4142
O16 	14895.1 	0.188792  1  2625.46  2471
O16 	14895.1 	0.267717  1  3529.74  1563
O16 	14895.1 	0.470175  1  891.894  4302
O16 	14895.1 	0.443904  1  -4517.55  10038
O16 	14895.1 	0.198753  1  -1811.46  7185
O16 	14895.1 	1.48748  1  776.094  4359
O16 	14895.1 	1.51313  1  -4547.16  10084
O16 	14895.1 	1.02803  1  4719.83  307
O16 	14895.1 	0.486793  1  -4646.69  10068
O16 	14895.1 	0.447213  1  527.621  4684
O16 	14895.1 	0.196802  1  -4753.76  10300
O16 	14895.1 	2.54683  1  2781.69  2340
O16 	14895.1 	0.572133  1  -4015.87  9420
O16 	14895.1 	0.324833  1  -4501.59  9770
O16 	14895.1 	0.195923  1  4927.18  57
O16 	14895.1 	0.193607  1  -32.1001  5240
O16 	14895.1 	0.375462  1  -2412  7564
O16 	14895.1 	0.291368  1  3361.84  1737
O16 	14895.1 	0.289635  1  -4085.02  9437
O16 	14895.1 	0.20919  1  -2118.97  7517
O16 	14895.1 	0.895676  1  -1214.96  6541
O16 	14895.1 	0.23426  1  208.422  4973
O16 	14895.1 	6.56036  1  -29.3925  5448
O16 	14895.1 	0.283397  1  -4746.76  10248
O16 	14895.1 	0.737484  1  3619  1465
O16 	14895.1 	0.245841  1  320.659  4993
O16 	14895.1 	0.208594  1  -3146.53  8420
O16 	14895.1 	0.521411  1  -4257.28  9832
O16 	14895.1 	0.237731  1  -632.072  5944
O16 	14895.1 	0.576478  1  -1208.76  6415
O16 	14895.1 	0.576783  1  931.966  4306
O16 	14895.1 	0.254724  1  1415.47  3676
O16 	14895.1 	1.11355  1  -1138.41  6378
O16 	14895.1 	0.272094  1  -1446.87  6786
O16 	14895.1 	0.218313  1  375.673  4887
O16 	14895.1 	0.776121  1  1046.1  4214
O16 	14895.1 	0.279849  1  -4868.76  10221
O16 	14895.1 	0.200211  1  -1599.58  6932
O16 	14895.1 	0.202061  1  461.371  4786
O16 	14895.1 	0.206469  1  -1605.49  6810
O16 	14895.1 	0.553599  1  -2914.32  8199
O16 	14895.1 	0.289744  1  4446.41  614
O16 	14895.1 	2.75726  1  4110.09  1002
O16 	14895.1 	0.690774  1  2123.18  3093
O16 	14895.1 	0.192399  1  516.884  4765
O16 	14895.1 	0.313991  1  2119.15  3042
O16 	14895.1 	0.213135  1  3395.34  1704
O16 	14895.1 	0.475345  1  4524.03  494
O16 	14895.1 	0.432244  1  2974.47  2135
O16 	14895.1 	1.70478  1  -2896.03  8109
O16 	14895.1 	0.447623  1  -3675.22  9162
O16 	14895.1 	0.433251  1  4303.68  743
O16 	14895.1 	0.21329  1  -4589.14  10034
O16 	14895.1 	0.595703  1  464.218  4806
O16 	14895.1 	0.296452  1  -4980.68  10289
O16 	14895.1 	0.220288  1  -1738.51  7138
O16 	14895.1 	1.54911  1  4804.96  242
O16 	14895.1 	1.0478  1  -4665.06  10023
O16 	14895.1 	0.518733  1  3208.66  1925
O16 	14895.1 	0.6317  1  -1787.27  7054
O16 	14895.1 	3.43377  1  64.1231  5081
O16 	14895.1 	0.604187  1  -233.739  5492
O16 	14895.1 	0.541231  1  3955.28  1119
O16 	14895.1 	0.257376  1  2607.48  2478
O16 	14895.1 	0.373631  1  -4883.19  10542
O16 	14895.1 	0.195492  1  -2634.49  8021
O16 	14895.1 	2.42799  1  347.111  4804
O16 	14895.1 	0.202111  1  -4370.95  9709
O16 	14895.1 	0.218259  1  -2674.49  8037
O16 	14895.1 	0.208729  1  -1389.17  6751
O16 	14895.1 	0.206199  1  -1294.13  6665
O16 	14895.1 	0.507805  1  3358.86  1689
O16 	14895.1 	0.230771  1  -4256.15  9536
O16 	14895.1 	0.551741  1  -3970.57  9483
O16 	14895.1 	0.244143  1  3418.67  1680
O16 	14895.1 	3.08748  1  -710.788  5986
O16 	14895.1 	0.332903  1  2767.43  2349
O16 	14895.1 	0.23003  1  2727.89  2439
O16 	14895.1 	0.315575  1  3109.97  2016
O16 	14895.1 	0.46254  1  -3598.58  8886
O16 	14895.1 	0.417556  1  -2803.91  8142
O16 	14895.1 	0.193994  1  -4385.24  9971
O16 	14895.1 	0.199575  1  -3492.36  8832
O16 	14895.1 	0.629871  1  1510.32  3528
O16 	14895.1 	0.216915  1  -4604.23  10204
O16 	14895.1 	0.60999  1  -133.67  5364
O16 	14895.1 	0.305916  1  1491.38  3688
O16 	14895.1 	0.231196  1  -2248.28  7429
O16 	14895.1 	2.00978  1  1439.65  3760
O16 	14895.1 	0.255703  1  2653.32  2512
O16 	14895.1 	2.39267  1  703.406  4566
O16 	14895.1 	0.31729  1  -4929.3  10359
O16 	14895.1 	0.252096  1  -827.55  6097
O16 	14895.1 	0.19994  1  3331.7  1758
O16 	14895.1 	0.343206  1  398.144  4937
O16 	14895.1 	0.232804  1  -4173.57  9642
O16 	14895.1 	0.503585  1  2882.74  2222
O16 	14895.1 	0.232837  1  -3590.22  9124
O16 	14895.1 	0.23769  1  -1115.85  6467
O16 	14895.1 	0.391228  1  3044.99  2048
O16 	14895.1 	0.193164  1  989.096  4063
O16 	14895.1 	0.758334  1  2050.53  3080
O16 	14895.1 	0.21769  1  4487.57  550
O16 	14895.1 	0.226244  1  1944.13  3258
O16 	14895.1 	0.207846  1  -3519.32  9015
O16 	14895.1 	1.24482  1  1241.76  4012
O16 	14895.1 	0.224419  1  4803.75  205
O16 	14895.1 	1.10201  1  1255.23  3918
O16 	14895.1 	0.195158  1  1565  3671
O16 	14895.1 	0.23696  1  2727.3  2459
O16 	14895.1 	0.211502  1  2622.48  2508
O16 	14895.1 	0.838865  1  3469.25  1603
O16 	14895.1 	0.393892  1  -1391.9  6676
O16 	14895.1 	0.318713  1  2875.53  2227
O16 	14895.1 	0.351262  1  1148.02  4001
O16 	14895.1 	0.243644  1  3063.44  2059
O16 	14895.1 	0.635103  1  -3091.86  8499
O16 	14895.1 	0.220727  1  -57.1557  5413
O16 	14895.1 	0.230724  1  -4577.31  10209
O16 	14895.1 	0.933425  1  1286.55  3861
O16 	14895.1 	0.638258  1  -2056.72  7303
O16 	14895.1 	0.546558  1  -4038.49  9483
O16 	14895.1 	0.667934  1  2997.21  2125
O16 	14895.1 	0.225804  1  3127.32  1972
O16 	14895.1 	0.396015  1  -1165.34  6393
O16 	14895.1 	1.03865  1  3806.22  1253
O16 	14895.1 	0.198199  1  1552.75  3582
O16 	14895.1 	0.275077  1  2843.23  2347
O16 	14895.1 	0.667226  1  4992.23  8
O16 	14895.1 	0.221951  1  -1458.6  6786
O16 	14895.1 	0.237659  1  3379.19  1620
O16 	14895.1 	0.429986  1  2835.61  2251
O16 	14895.1 	0.196222  1  4567.82  455
O16 	14895.1 	0.594445  1  -2856.68  8338
O16 	14895.1 	0.199832  1  -939.799  6269
O16 	14895.1 	1.63145  1  -1977.87  7291
O16 	14895.1 	0.317695  1  -853.041  6230
O16 	14895.1 	1.21746  1  4043.51  1047
O16 	14895.1 	0.362093  1  -762.028  6140
O16 	14895.1 	0.412227  1  -2211.59  7677
O16 	14895.1 	0.693041  1  1124.31  3991
O16 	14895.1 	0.22662  1  -1887.17  7237
O16 	14895.1 	0.267081  1  2687.7  2475
O16 	14895.1 	0.224735  1  -3306.39  8698
O16 	14895.1 	0.318195  1  -247.085  5484
O16 	14895.1 	0.277411  1  577.386  4618
O16 	14895.1 	0.405156  1  1772.83  3346
O16 	14895.1 	0.48485  1  -1777.34  7069
O16 	14895.1 	0.257761  1  -2805.95  8178
O16 	14895.1 	0.260755  1  -2558.9  7904
O16 	14895.1 	0.264034  1  -2381.64  7735
O16 	14895.1 	0.216542  1  95.1703  5196
O16 	14895.1 	0.460918  1  4371.08  672
O16 	14895.1 	1.39961  1  3189.43  1930
O16 	14895.1 	0.239736  1  4251.54  820
O16 	14895.1 	0.762283  1  4806.63  220
O16 	14895.1 	0.706947  1  4203.55  859
O16 	14895.1 	0.278629  1  -2898.16  8260
O16 	14895.1 	0.330651  1  -3219.85  8586
O16 	14895.1 	0.322892  1  442.13  4674
O16 	14895.1 	0.265126  1  3909.78  1154
O16 	14895.1 	0.667214  1  3708.53  1350
O16 	14895.1 	0.847051  1  1915.53  3257
O16 	14895.1 	0.474836  1  134.378  5137
O16 	14895.1 	0.889468  1  -2222.04  7601
O16 	14895.1 	0.216833  1  2810.73  2299
O16 	14895.1 	0.232446  1  -3573.99  8820
O16 	14895.1 	0.269069  1  -1696.02  6967
O16 	14895.1 	0.206762  1  3443.98  1607
O16 	14895.1 	0.99487  1  4851.09  164
O16 	14895.1 	0.320059  1  3056.71  2049
O16 	14895.1 	0.298858  1  -2606.64  8007
O16 	14895.1 	0.191351  1  1674.11  3480
O16 	14895.1 	0.206175  1  -4841.83  10464
O16 	14895.1 	0.19895  1  1759.42  3399
O16 	14895.1 	0.213232  1  4472.38  564
O16 	14895.1 	0.200273  1  4609.65  402
O16 	14895.1 	0.192397  1  44.1981  5233
O16 	14895.1 	0.197752  1  2220.62  2839
O16 	14895.1 	0.600975  1  -1279.39  6572
O16 	14895.1 	0.20532  1  -2099.31  7495
O16 	14895.1 	0.465352  1  202.696  5111
O16 	14895.1 	0.396708  1  2675.39  2350
O16 	14895.1 	0.250924  1  -1215.1  6667
O16 	14895.1 	0.250233  1  -86.8939  5238
O16 	14895.1 	0.263587  1  -3106.3  8397
O16 	14895.1 	0.25621  1  -2926.08  8324
O16 	14895.1 	0.521258  1  -330.571  5580
O16 	14895.1 	0.271696  1  -3982.64  9293
O16 	14895.1 	0.293344  1  -339.985  5510
O16 	14895.1 	0.412996  1  3900.7  1137
O16 	14895.1 	0.915244  1  -4148.35  9513
O16 	14895.1 	5.63162  1  -1799.99  7006
O16 	14895.1 	0.418781  1  3009.13  2096
O16 	14895.1 	0.31023  1  -3628.76  8985
O16 	14895.1 	0.220023  1  3695.5  1361
O16 	14895.1 	1  1  -1517.99  6882
O16 	14895.1 	0.338858  1  3657.63  1374
O16 	14895.1 	0.223598  1  1968.83  3160
O16 	14895.1 	0.392987  1  1555.26  3540
O16 	14895.1 	0.237583  1  -523.219  5806
O16 	14895.1 	0.654147  1  -480.236  5707
O16 	14895.1 	0.291114  1  1640.36  3484
O16 	14895.1 	0.651721  1  -2274.78  7646
O16 	14895.1 	0.30771  1  -478.415  5824
O16 	14895.1 	0.580531  1  2703.65  2412
O16 	14895.1 	0.705225  1  -4764.59  10302
O16 	14895.1 	0.237512  1  -819.817  5963
O16 	14895.1 	1.50776  1  -4144.24  9486
O16 	14895.1 	0.652033  1  2261.07  2834
O16 	14895.1 	0.768646  1  -1620.51  6879
O16 	14895.1 	0.874356  1  833.323  4392
O16 	14895.1 	0.217322  1  2434.33  2662
O16 	14895.1 	0.217019  1  -3084.42  8504
O16 	14895.1 	0.215889  1  3218.68  1847
O16 	14895.1 	0.215491  1  4842.26  164
O16 	14895.1 	0.286481  1  507.685  4657
O16 	14895.1 	0.22485  1  3701.4  1408
O16 	14895.1 	0.248812  1  4450.56  538
O16 	14895.1 	1.31616  1  2693.09  2508
O16 	14895.1 	0.293385  1  4825.1  191
O16 	14895.1 	0.331544  1  2101.38  3008
O16 	14895.1 	0.235239  1  3073.38  2025
O16 	14895.1 	0.293484  1  -2814.98  8178
O16 	14895.1 	0.195908  1  -468.569  5789
O16 	14895.1 	0.196638  1  91.2199  5180
O16 	14895.1 	1.24545  1  4745.38  275
O16 	14895.1 	0.470321  1  4950.01  64
O16 	14895.1 	0.273008  1  -3407.97  8610
O16 	14895.1 	0.214957  1  -533.631  5758
O16 	14895.1 	0.513518  1  2504.1  2705
O16 	14895.1 	0.452894  1  -2690.03  8003
O16 	14895.1 	0.471407  1  -1288.52  6535
O16 	14895.1 	0.660436  1  -4699.51  10112
O16 	14895.1 	0.301197  1  2346.03  2770
O16 	14895.1 	0.190213  1  2033.43  3108
O16 	14895.1 	1.20913  1  1058.3  4089
O16 	14895.1 	0.306136  1  -2599.72  7981
O16 	14895.1 	0.326786  1  -4002.58  9535
O16 	14895.1 	0.578314  1  -268.676  5399
O16 	14895.1 	0.661173  1  -3819.49  9257
O16 	14895.1 	0.328669  1  -1361.02  6661
O16 	14895.1 	0.46693  1  97.2488  5298
O16 	14895.1 	0.320903  1  -3176.79  8643
O16 	14895.1 	0.281514  1  -1668.92  6999
O16 	14895.1 	0.304993  1  130.025  5043
O16 	14895.1 	0.336019  1  2741.39  2345
O16 	14895.1 	0.356738  1  -2833.73  8179
O16 	14895.1 	0.236179  1  -956.827  6173
O16 	14895.1 	0.206847  1  -4654.54  10059
O16 	14895.1 	0.200965  1  -2146.99  7674
O16 	14895.1 	0.233388  1  3758.09  1303
O16 	14895.1 	0.204448  1  -2901.05  8137
O16 	14895.1 	0.240681  1  -1913.67  7284
O16 	14895.1 	0.19192  1  -2732.98  7895
O16 	14895.1 	0.796383  1  -4729.06  10131
O16 	14895.1 	0.247045  1  4359.98  746
O16 	14895.1 	0.304148  1  3469.72  1606
O16 	14895.1 	0.226763  1  -112.46  5363
O16 	14895.1 	0.926031  1  -254.367  5409
O16 	14895.1 	0.240477  1  824.397  4320
O16 	14895.1 	0.477302  1  4392.6  647
O16 	14895.1 	1.20571  1  -2406.63  7867
O16 	14895.1 	0.202367  1  3179.47  1891
O16 	14895.1 	0.30345  1  1185.17  4054
O16 	14895.1 	0.25128  1  -3496.87  8903
O16 	14895.1 	0.224494  1  1028.01  4190
O16 	14895.1 	0.359519  1  -2976.14  8415
O16 	14895.1 	0.676331  1  -4366.91  9763
O16 	14895.1 	0.273269  1  991.48  4094
O16 	14895.1 	0.261299  1  728.366  4388
O16 	14895.1 	0.201958  1  -2691.32  8064
O16 	14895.1 	1.00404  1  3321.47  1822
O16 	14895.1 	0.945678  1  -3178.53  8532
O16 	14895.1 	0.434902  1  367.786  4762
O16 	14895.1 	0.281395  1  -4744.91  10093
O16 	14895.1 	0.205334  1  -4256.31  9775
O16 	14895.1 	0.251356  1  4944.43  66
O16 	14895.1 	0.230966  1  335.353  4892
O16 	14895.1 	0.20132  1  -3562.01  9004
O16 	14895.1 	0.39708  1  -4022.65  9347
O16 	14895.1 	0.21151  1  -1687.21  7079
O16 	14895.1 	0.255466  1  -4747.64  10134
O16 	14895.1 	0.614977  1  3862.86  1180
O16 	14895.1 	0.242401  1  542.3  4679
O16 	14895.1 	1.17587  1  4868.55  173
O16 	14895.1 	0.196317  1  3283.2  1811
O16 	14895.1 	0.469807  1  -1886.21  7297
O16 	14895.1 	0.232681  1  837.498  4425
O16 	14895.1 	0.378226  1  -122.471  5328
O16 	14895.1 	1.58208  1  -478.521  5698
O16 	14895.1 	0.388145  1  -4379.23  9980
O16 	14895.1 	0.286124  1  715.019  4494
O16 	14895.1 	0.992652  1  2772.58  2278
O16 	14895.1 	0.217152  1  952.8  4160
O16 	14895.1 	0.232494  1  4492.21  570
O16 	14895.1 	0.201841  1  -782.486  6138
O16 	14895.1 	0.199215  1  3677.37  1432
O16 	14895.1 	0.195337  1  4423.84  620
O16 	14895.1 	0.297911  1  -4203.28  9674
O16 	14895.1 	0.234975  1  4243.59  777
O16 	14895.1 	0.233614  1  -3242.85  8532
O16 	14895.1 	1.24682  1  3175.67  1987
O16 	14895.1 	0.523498  1  2008.53  3139
O16 	14895.1 	0.200761  1  4287.18  706
O16 	14895.1 	1.50924  1  -2839.19  8201
O16 	14895.1 	0.428176  1  2853.54  2233
O16 	14895.1 	0.216589  1  1660.55  3498
O16 	14895.1 	0.47169  1  1063.81  4142
O16 	14895.1 	0.318361  1  -3356.56  8764
O16 	14895.1 	0.21312  1  4396.54  649
O16 	14895.1 	0.22145  1  -3273.68  8680
O16 	14895.1 	0.250927  1  -1163.47  6373
O16 	14895.1 	0.394122  1  -1872.89  7123
O16 	14895.1 	0.61598  1  -3932.95  9268
O16 	14895.1 	0.19934  1  -1076.52  6508
O16 	14895.1 	0.480323  1  4717.69  289
O16 	14895.1 	0.241004  1  -34.4415  5234
O16 	14895.1 	0.690121  1  -3726.72  9210
O16 	14895.1 	0.720371  1  -756.211  6191
O16 	14895.1 	0.251594  1  -2046.83  7327
O16 	14895.1 	1.01301  1  2537.62  2652
O16 	14895.1 	0.593103  1  -317.793  5689
O16 	14895.1 	0.37824  1  -1362.18  6736
O16 	14895.1 	0.302272  1  4452.33  579
O16 	14895.1 	0.239858  1  -4774.37  10132
O16 	14895.1 	1.1451  1  -115.613  5319
O16 	14895.1 	0.693152  1  1023.39  4164
O16 	14895.1 	0.62343  1  2701.32  2386
O16 	14895.1 	0.220251  1  -2530.31  7857
O16 	14895.1 	0.344816  1  1258.1  3956
O16 	14895.1 	0.444929  1  -2992.51  8614
O16 	14895.1 	0.265861  1  2870.58  2265
O16 	14895.1 	0.279882  1  -4504.72  9835
O16 	14895.1 	0.213468  1  -2801.47  8099
O16 	14895.1 	0.358668  1  -1442.79  6624
O16 	14895.1 	0.223151  1  1322.7  4000
O16 	14895.1 	0.320476  1  3726.62  1372
O16 	14895.1 	0.253683  1  -4285.42  9694
O16 	14895.1 	0.349269  1  1952.86  3213
O16 	14895.1 	0.310036  1  -314.847  5524
O16 	14895.1 	0.631487  1  3154.68  1929
O16 	14895.1 	0.195881  1  4486.34  529
O16 	14895.1 	0.635806  1  -4051.73  9575
O16 	14895.1 	0.283376  1  3947.74  1092
O16 	14895.1 	0.446072  1  -3871.54  9310
O16 	14895.1 	0.304897  1  -2311.83  7679
O16 	14895.1 	0.280222  1  -1698.99  6937
O16 	14895.1 	0.365931  1  -2099.03  7407
O16 	14895.1 	0.264796  1  863.022  4313
O16 	14895.1 	3.56629  1  1988.59  3176
O16 	14895.1 	0.269673  1  1930.56  3244
O16 	14895.1 	0.26087  1  1329.41  3868
O16 	14895.1 	0.218492  1  -122.415  5392
O16 	14895.1 	0.211213  1  4148.62  852
O16 	14895.1 	0.189284  1  540.514  4724
O16 	14895.1 	0.337493  1  4649.31  366
O16 	14895.1 	0.45954  1  -4905.83  10414
O16 	14895.1 	0.325939  1  338.799  4908
O16 	14895.1 	0.778579  1  2491.98  2682
O16 	14895.1 	0.522881  1  -1714.04  6975
O16 	14895.1 	1.02308  1  -2002.87  7396
O16 	14895.1 	0.269622  1  -2022.71  7208
O16 	14895.1 	0.352402  1  3891.86  1160
O16 	14895.1 	0.223544  1  3728.68  1320
O16 	14895.1 	0.390214  1  -228.031  5370
O16 	14895.1 	0.234353  1  802.585  4399
O16 	14895.1 	0.321306  1  -259.539  5491
O16 	14895.1 	1.51612  1  4746.09  269
O16 	14895.1 	0.531694  1  4073.01  983
O16 	14895.1 	0.214525  1  -3199.54  8775
O16 	14895.1 	0.217691  1  2925.54  2193
O16 	14895.1 	0.412478  1  708.287  4346
O16 	14895.1 	0.283011  1  -3531.27  8899
O16 	14895.1 	0.280897  1  -2397.82  7818
O16 	14895.1 	0.887818  1  4043.22  972
O16 	14895.1 	0.26429  1  11.7368  5214
O16 	14895.1 	0.238079  1  -597.412  5881
O16 	14895.1 	0.215675  1  -3186.21  8676
O16 	14895.1 	0.217428  1  3167.95  1914
O16 	14895.1 	1.05902  1  -733.494  6011
O16 	14895.1 	0.227756  1  -4812.42  10224
O16 	14895.1 	0.461593  1  -4757.1  10181
O16 	14895.1 	0.25624  1  4410.02  603
O16 	14895.1 	0.626142  1  -4345.47  9642
O16 	14895.1 	0.381927  1  -1860.1  7124
O16 	14895.1 	0.2256  1  -4234.88  9653
O16 	14895.1 	0.227223  1  624.985  4566
O16 	14895.1 	0.310887  1  -2639.68  7905
O16 	14895.1 	0.745594  1  878.026  4344
O16 	14895.1 	0.312635  1  -1810.36  7223
O16 	14895.1 	0.565746  1  3338.62  1855
O16 	14895.1 	0.213092  1  -3356.45  8782
O16 	14895.1 	0.697462  1  3442.6  1623
O16 	14895.1 	0.333492  1  3686.83  1450
O16 	14895.1 	0.715942  1  1728.68  3435
O16 	14895.1 	0.256947  1  -1022.96  6277
O16 	14895.1 	0.230696  1  2811.25  2365
O16 	14895.1 	0.336948  1  2671.79  2377
O16 	14895.1 	0.566422  1  -2875.02  8202
O16 	14895.1 	0.411022  1  4037.89  909
O16 	14895.1 	0.448211  1  -3831.95  9227
O16 	14895.1 	0.244599  1  -2617.67  7930
O16 	14895.1 	0.93853  1  -1818.07  7174
O16 	14895.1 	0.237824  1  -908.293  6313
O16 	14895.1 	0.487477  1  1806.99  3365
O16 	14895.1 	1.1041  1  -2224.69  7551
O16 	14895.1 	0.332918  1  -927.952  6115
O16 	14895.1 	3.95024  1  4321.91  752
O16 	14895.1 	0.22515  1  -1661.1  6871
O16 	14895.1 	0.370731  1  -694.493  6001
O16 	14895.1 	0.239802  1  463.328  4732
O16 	14895.1 	0.349336  1  4272.95  775
O16 	14895.1 	0.290788  1  4283.92  707
O16 	14895.1 	0.212802  1  -4460.56  9885
O16 	14895.1 	0.195583  1  2475.3  2752
O16 	14895.1 	0.207209  1  4328.39  673
O16 	14895.1 	0.221434  1  -3581.65  9048
O16 	14895.1 	0.266186  1  4642.72  404
O16 	14895.1 	1.13109  1  2690.57  2533
O16 	14895.1 	0.554476  1  2965.8  2125
O16 	14895.1 	1.83506  1  -3500.12  8963
O16 	14895.1 	2.47407  1  1792.3  3335
O16 	14895.1 	0.386522  1  -4998.86  10547
O16 	14895.1 	0.203801  1  4203.64  783
O16 	14895.1 	0.21557  1  -2983.43  8311
O16 	14895.1 	0.269805  1  903.35  4271
O16 	14895.1 	0.317975  1  -4133.76  9497
O16 	14895.1 	0.495821  1  2330.02  2835
O16 	14895.1 	0.500793  1  1525.17  3624
O16 	14895.1 	0.204056  1  -2091.53  7459
O16 	14895.1 	0.506031  1  -1885.88  7201
O16 	14895.1 	0.536267  1  3930.34  1129
O16 	14895.1 	0.662004  1  417.456  4737
O16 	14895.1 	0.262531  1  3188.89  1889
O16 	14895.1 	0.207697  1  -96.8212  5336
O16 	14895.1 	0.293396  1  1355.13  3772
O16 	14895.1 	0.435062  1  4541.42  511
O16 	14895.1 	0.205864  1  2305.13  2793
O16 	14895.1 	0.671097  1  2688.04  2476
O16 	14895.1 	0.260994  1  -1004.23  6202
O16 	14895.1 	0.233783  1  4082.87  946
O16 	14895.1 	0.262439  1  -315.962  5431
O16 	14895.1 	0.952179  1  -1973.05  7347
O16 	14895.1 	0.188552  1  2219.76  2928
O16 	14895.1 	0.213778  1  1182.72  3968
O16 	14895.1 	0.374509  1  -2363.07  7783
O16 	14895.1 	0.189848  1  4875.39  134
O16 	14895.1 	0.703833  1  4194.47  765
O16 	14895.1 	0.296433  1  -1466  6790
O16 	14895.1 	1.29916  1  2201.12  2956
O16 	14895.1 	0.414793  1  3418.98  1635
O16 	14895.1 	0.234233  1  -2514.51  7904
O16 	14895.1 	0.558907  1  2908.9  2206
O16 	14895.1 	0.286565  1  4270.95  767
O16 	14895.1 	0.97581  1  -1880.79  7266
O16 	14895.1 	0.38631  1  2295.57  2848
O16 	14895.1 	0.755709  1  1749.77  3494
O16 	14895.1 	0.865478  1  1012.47  4148
O16 	14895.1 	0.260575  1  -3998.38  9555
O16 	14895.1 	0.472166  1  -2178.99  7515
O16 	14895.1 	0.234644  1  1023.85  4216
O16 	14895.1 	0.189907  1  -4138.24  9496
O16 	14895.1 	0.3611  1  4270.61  762
O16 	14895.1 	0.229013  1  421.083  4737
O16 	14895.1 	0.188385  1  -3579.21  9113
O16 	14895.1 	0.226756  1  2774.18  2347
O16 	14895.1 	0.232869  1  3873.49  1174
O16 	14895.1 	0.5185  1  2057.33  3071
O16 	14895.1 	0.27152  1  -243.315  5436
O16 	14895.1 	0.499126  1  -4089.35  9510
O16 	14895.1 	0.438024  1  4207.81  817
O16 	14895.1 	2.7759  1  -4332.35  9751
O16 	14895.1 	1.15391  1  2189.25  2973
O16 	14895.1 	0.554147  1  -2979.13  8362
O16 	14895.1 	0.285961  1  2528.42  2630
O16 	14895.1 	1.44664  1  3323.59  1761
O16 	14895.1 	0.514221  1  4256.24  823
O16 	14895.1 	0.235461  1  4802.34  205
O16 	14895.1 	0.640369  1  -3198.66  8598
O16 	14895.1 	0.39519  1  -855.326  5957
O16 	14895.1 	1.14302  1  -2529.85  7925
O16 	14895.1 	0.416913  1  4058.66  947
O16 	14895.1 	0.353082  1  4573.42  487
O16 	14895.1 	0.486377  1  -3974.57  9187
O16 	14895.1 	0.263377  1  -3583.72  9097
O16 	14895.1 	0.209515  1  -75.1741  5335
O16 	14895.1 	0.198046  1  -2133.45  7510
O16 	14895.1 	0.456799  1  4794.39  230
O16 	14895.1 	0.341046  1  -4160.53  9415
O16 	14895.1 	0.207159  1  168.39  4994
O16 	14895.1 	0.31857  1  3300.02  1845
O16 	14895.1 	0.235483  1  1181.35  3968
O16 	14895.1 	0.195568  1  -3829.15  9215
O16 	14895.1 	0.277148  1  355.187  4780
O16 	14895.1 	0.462062  1  4255.14  745
O16 	14895.1 	0.25691  1  -966.775  6226
O16 	14895.1 	0.369592  1  365.039  4760
O16 	14895.1 	0.800921  1  2236.58  2885
O16 	14895.1 	0.195175  1  2972.46  2085
O16 	14895.1 	3.41339  1  -3670.8  9170
O16 	14895.1 	0.493823  1  1338.89  3936
O16 	14895.1 	0.480999  1  803.845  4471
O16 	14895.1 	0.201008  1  1954.03  3334
O16 	14895.1 	0.360646  1  1116.27  4085
O16 	14895.1 	0.956253  1  -3791.9  9151
O16 	14895.1 	1.12912  1  -203.841  5244
O16 	14895.1 	1.20559  1  -1400.62  6757
O16 	14895.1 	0.505225  1  227.132  4995
O16 	14895.1 	0.211263  1  -718.431  6063
O16 	14895.1 	0.274332  1  -4497.08  10058
O16 	14895.1 	0.268224  1  -4770.74  10328
O16 	14895.1 	0.344344  1  2320.36  2835
O16 	14895.1 	0.235922  1  495.867  4769
O16 	14895.1 	0.29608  1  891.392  4318
O16 	14895.1 	0.317969  1  -1184.13  6480
O16 	14895.1 	0.223802  1  -189.573  5447
O16 	14895.1 	0.191294  1  -1782.76  7141
O16 	14895.1 	0.209689  1  1456.7  3762
O16 	14895.1 	0.306541  1  1691.94  3501
O16 	14895.1 	1.55115  1  2970.12  2083
O16 	14895.1 	0.725997  1  420.047  4736
O16 	14895.1 	0.209363  1  -1701.94  6963
O16 	14895.1 	0.789528  1  -2526.5  7851
O16 	14895.1 	0.282527  1  -4898.03  10326
O16 	14895.1 	0.495994  1  -2846.68  8212
O16 	14895.1 	0.242614  1  -1795.56  7057
O16 	14895.1 	0.225988  1  -3861.33  9275
O16 	14895.1 	0.267399  1  -2057.61  7318
O16 	14895.1 	0.702214  1  3617.83  1438
O16 	14895.1 	0.206451  1  -3227.88  8665
O16 	14895.1 	0.388059  1  343.31  4888
O16 	14895.1 	0.412237  1  -2602.87  7973
O16 	14895.1 	0.261849  1  2123.44  2964
O16 	14895.1 	0.234003  1  -30.8262  5247
O16 	14895.1 	0.322732  1  4430.01  651
O16 	14895.1 	0.231155  1  3510.45  1592
O16 	14895.1 	0.671901  1  3942.21  1060
O16 	14895.1 	0.218669  1  -822.36  6110
O16 	14895.1 	0.278564  1  3261.67  1837
O16 	14895.1 	0.366793  1  290.321  4927
O16 	14895.1 	0.339989  1  3914.68  1088
O16 	14895.1 	0.200025  1  3195.43  1929
O16 	14895.1 	0.228297  1  4669.92  331
O16 	14895.1 	0.257732  1  -3150.41  8488
O16 	14895.1 	0.254173  1  -3861.48  9402
O16 	14895.1 	0.201701  1  3808.04  1264
O16 	14895.1 	0.450169  1  2613.72  2529
O16 	14895.1 	4.9651  1  2111.34  3085
O16 	14895.1 	0.245894  1  4126.25  920
O16 	14895.1 	0.484079  1  1960.96  3129
O16 	14895.1 	0.425307  1  -4433.04  9695
O16 	14895.1 	0.225819  1  -2329.8  7675
O16 	14895.1 	0.31695  1  3814.33  1276
O16 	14895.1 	0.21437  1  141.994  5109
O16 	14895.1 	0.215344  1  -3992.74  9444
O16 	14895.1 	3.26433  1  2699.21  2399
O16 	14895.1 	0.229569  1  940.719  4233
O16 	14895.1 	0.53717  1  -3198.62  8557
O16 	14895.1 	0.255399  1  3803.36  1290
O16 	14895.1 	0.391623  1  -2349.85  7515
O16 	14895.1 	0.459792  1  3816.77  1192
O16 	14895.1 	0.191002  1  -1545.29  6871
O16 	14895.1 	0.841082  1  2243.57  2859
O16 	14895.1 	0.591906  1  -3984.68  9517
O16 	14895.1 	0.308233  1  -2415.49  7785
O16 	14895.1 	0.202559  1  -3932.42  9424
O16 	14895.1 	0.980005  1  230.307  5065
O16 	14895.1 	0.250931  1  -527.879  5846
O16 	14895.1 	0.357761  1  405.717  4986
O16 	14895.1 	0.228272  1  1554.3  3665
O16 	14895.1 	0.198167  1  19.282  5051
O16 	14895.1 	1.068  1  4994.97  12
O16 	14895.1 	0.345425  1  4797.43  209
O16 	14895.1 	0.493812  1  -3624.54  9065
O16 	14895.1 	0.294569  1  986.741  4296
O16 	14895.1 	0.277736  1  3088.64  2073
O16 	14895.1 	0.203266  1  523.104  4719
O16 	14895.1 	0.242932  1  -500.783  5784
O16 	14895.1 	0.521552  1  -3841.27  9258
O16 	14895.1 	0.376834  1  3043.37  2082
O16 	14895.1 	0.228004  1  3806.05  1247
O16 	14895.1 	0.266106  1  2182.67  2935
O16 	14895.1 	0.224959  1  2784.35  2306
O16 	14895.1 	0.226193  1  2699.77  2470
O16 	14895.1 	0.223074  1  3049.9  2091
O16 	14895.1 	4.93308  1  -2385.27  7717
O16 	14895.1 	0.207162  1  -3449.72  8837
O16 	14895.1 	0.374325  1  -3574.48  8949
O16 	14895.1 	0.929081  1  -1031.85  6296
O16 	14895.1 	0.278976  1  -3650.99  9100
O16 	14895.1 	0.214894  1  2086.52  3073
O16 	14895.1 	0.316441  1  -4066.85  9562
O16 	14895.1 	0.385534  1  2113.61  2977
O16 	14895.1 	0.286928  1  2201.07  2946
O16 	14895.1 	0.295502  1  -3026.81  8379
O16 	14895.1 	1.06697  1  1403.2  3867
O16 	14895.1 	0.902605  1  1044.29  4229
O16 	14895.1 	0.27058  1  -3972.37  9459
O16 	14895.1 	1.0381  1  -1682.68  6985
O16 	14895.1 	0.263847  1  3402.6  1750
O16 	14895.1 	0.30422  1  3072.87  2032
O16 	14895.1 	0.191889  1  -757.504  5987
O16 	14895.1 	0.214501  1  -2841.25  8129
O16 	14895.1 	0.359172  1  392.28  4878
O16 	14895.1 	0.586812  1  -1210.53  6596
O16 	14895.1 	0.252023  1  -207.752  5576
O16 	14895.1 	0.254792  1  -3139.43  8511
O16 	14895.1 	0.321572  1  3010.26  2086
O16 	14895.1 	2.92473  1  -2753.78  8206
O16 	14895.1 	0.204823  1  -3239.22  8608
O16 	14895.1 	0.233842  1  -704.385  6021
O16 	14895.1 	0.27346  1  -4687.37  10259
O16 	14895.1 	0.302142  1  4445.96  603
O16 	14895.1 	0.285384  1  -4880.04  10335
O16 	14895.1 	1.16287  1  855.564  4261
O16 	14895.1 	0.80978  1  -3529.71  8916
O16 	14895.1 	0.261529  1  -2513.13  7813
O16 	14895.1 	0.230866  1  -2315.22  7661
O16 	14895.1 	0.192271  1  -2792.99  8045
O16 	14895.1 	0.199486  1  250.835  4942
O16 	14895.1 	0.591221  1  -2442.54  7804
O16 	14895.1 	0.247665  1  2823.08  2217
O16 	14895.1 	0.996772  1  720.729  4474
O16 	14895.1 	0.309094  1  1805.01  3351
O16 	14895.1 	0.415944  1  3179.68  1873
O16 	14895.1 	0.283167  1  1203.07  3865
O16 	14895.1 	0.28979  1  4920.35  77
O16 	14895.1 	0.357466  1  494.845  4795
O16 	14895.1 	0.212269  1  899.67  4397
O16 	14895.1 	1.10445  1  -3324.96  8834
O16 	14895.1 	0.193014  1  2227.1  2756
O16 	14895.1 	0.61842  1  3048.43  2018
O16 	14895.1 	0.60171  1  -3550.99  8825
O16 	14895.1 	0.530579  1  4438.32  585
O16 	14895.1 	1.00582  1  -4605.39  9944
O16 	14895.1 	0.37566  1  3242.28  1903
O16 	14895.1 	1.31421  1  3802.34  1293
O16 	14895.1 	0.327138  1  -4555.67  9973
O16 	14895.1 	0.245497  1  -2605.59  7942
O16 	14895.1 	1.409  1  -210.834  5450
O16 	14895.1 	0.232315  1  -1331.36  6716
O16 	14895.1 	0.514641  1  2416.34  2760
O16 	14895.1 	0.941212  1  209.019  5087
O16 	14895.1 	0.543407  1  -4491.3  9859
O16 	14895.1 	0.246956  1  4967.9  31
O16 	14895.1 	0.750269  1  -2176.48  7478
O16 	14895.1 	0.203268  1  2745.67  2343
O16 	14895.1 	0.273401  1  -4530.12  9734
O16 	14895.1 	0.203515  1  1595.76  3648
O16 	14895.1 	0.228494  1  -3658.37  8981
O16 	14895.1 	0.281391  1  -2041.74  7322
O16 	14895.1 	1.15323  1  -2571.01  8056
O16 	14895.1 	0.245062  1  -2516.17  7894
O16 	14895.1 	0.212457  1  -1190.79  6605
O16 	14895.1 	0.569948  1  120.857  5109
O16 	14895.1 	0.246794  1  1074.74  4126
O16 	14895.1 	0.39049  1  1635.09  3576
O16 	14895.1 	0.619167  1  1583.9  3516
O16 	14895.1 	0.342996  1  523.409  4715
O16 	14895.1 	0.405264  1  -162.868  5447
O16 	14895.1 	0.188483  1  4589.88  457
O16 	14895.1 	1.44733  1  -3735.06  9060
O16 	14895.1 	0.338998  1  1491.39  3722
O16 	14895.1 	0.334187  1  -4229.59  9711
O16 	14895.1 	0.286856  1  -1989.06  7233
O16 	14895.1 	0.452187  1  -2611.72  7851
O16 	14895.1 	0.194947  1  1461.34  3621
O16 	14895.1 	0.238363  1  -4638.58  10033
O16 	14895.1 	0.357865  1  -3062.62  8474
O16 	14895.1 	0.190945  1  -4066.43  9469
O16 	14895.1 	0.297551  1  3641.23  1371
O16 	14895.1 	0.453023  1  2130.97  3103
O16 	14895.1 	0.282779  1  -2414.69  7841
O16 	14895.1 	0.227595  1  -2857.06  8309
O16 	14895.1 	2.31151  1  3487.11  1626
O16 	14895.1 	0.90732  1  403.217  4895
O16 	14895.1 	0.190592  1  1923.53  3178
O16 	14895.1 	0.278463  1  3064.74  1999
O16 	14895.1 	0.599738  1  -974.371  6227
O16 	14895.1 	0.475324  1  -2482.83  7855
O16 	14895.1 	0.844244  1  -4629.97  10068
O16 	14895.1 	0.226857  1  1160.59  4194
O16 	14895.1 	0.513206  1  2418.42  2700
O16 	14895.1 	1.50861  1  1427.61  3751
O16 	14895.1 	0.375194  1  392.589  4861
O16 	14895.1 	1.22316  1  4127.89  909
O16 	14895.1 	0.438247  1  -4269.51  9634
O16 	14895.1 	0.259858  1  1851.2  3304
O16 	14895.1 	0.209489  1  -2974.16  8182
O16 	14895.1 	1.75259  1  748.555  4411
O16 	14895.1 	0.446166  1  -1385.82  6612
O16 	14895.1 	0.58366  1  -3006.39  8438
O16 	14895.1 	0.220271  1  -3376.58  8737
O16 	14895.1 	5.98701  1  -3162.54  8488
O16 	14895.1 	0.415858  1  1105.53  4066
O16 	14895.1 	0.392257  1  4889.32  102
O16 	14895.1 	0.339028  1  1843.94  3355
O16 	14895.1 	0.401116  1  4651.05  395
O16 	14895.1 	0.404751  1  -3596.23  9008
O16 	14895.1 	0.22823  1  1882.05  3171
O16 	14895.1 	0.560727  1  -2577.64  8007
O16 	14895.1 	0.242872  1  -3887.58  9370
O16 	14895.1 	0.422943  1  1068.68  4176
O16 	14895.1 	0.497254  1  3979.61  1049
O16 	14895.1 	0.302012  1  2598.85  2471
O16 	14895.1 	0.213638  1  250.625  4929
O16 	14895.1 	0.309043  1  3628.2  1465
O16 	14895.1 	0.257051  1  323.409  4893
O16 	14895.1 	0.327462  1  2908.63  2189
O16 	14895.1 	0.190472  1  -4741.19  10284
O16 	14895.1 	0.454513  1  4826.65  196
O16 	14895.1 	0.306552  1  -1140.49  6306
O16 	14895.1 	0.245537  1  92.759  5044
O16 	14895.1 	0.587714  1  3074.57  1967
O16 	14895.1 	1.02207  1  1592.33  3535
O16 	14895.1 	0.333662  1  -1747.11  7171
O16 	14895.1 	0.416985  1  -1079.8  6261
O16 	14895.1 	0.226671  1  1566.72  3694
O16 	14895.1 	0.317618  1  622.191  4525
O16 	14895.1 	0.268848  1  -4581.74  9890
O16 	14895.1 	0.339028  1  -1801.71  7125
O16 	14895.1 	0.281773  1  -3817.42  9314
O16 	14895.1 	0.235773  1  -4758.74  10218
O16 	14895.1 	0.209612  1  2871.39  2170
O16 	14895.1 	0.334698  1  -4900.57  10437
O16 	14895.1 	0.469099  1  3894.5  1155
O16 	14895.1 	0.454942  1  -2876.56  8249
O16 	14895.1 	0.259825  1  -4275.25  9904
O16 	14895.1 	0.601137  1  -2268.33  7895
O16 	14895.1 	0.200716  1  4855.18  171
O16 	14895.1 	1.25741  1  -1309.84  6788
O16 	14895.1 	0.197992  1  -3946.23  9329
O16 	14895.1 	0.234749  1  3547.77  1599
O16 	14895.1 	0.280691  1  1602.6  3673
O16 	14895.1 	0.760118  1  2928.24  2168
O16 	14895.1 	1.94026  1  2914.13  2264
O16 	14895.1 	0.290087  1  -2357.5  7780
O16 	14895.1 	0.205198  1  -1492.59  6786
O16 	14895.1 	0.642493  1  481.581  4737
O16 	14895.1 	0.273724  1  3418.47  1700
O16 	14895.1 	0.219342  1  4825.81  174
O16 	14895.1 	0.355262  1  -185.453  5501
O16 	14895.1 	0.359148  1  -2548.22  7935
O16 	14895.1 	0.246587  1  -2187.26  7556
O16 	14895.1 	0.190771  1  -363.52  5583
O16 	14895.1 	1.67045  1  4507.55  523
O16 	14895.1 	0.531672  1  -3220.17  8401
O16 	14895.1 	0.299962  1  -3473.22  8900
O16 	14895.1 	0.236437  1  3386.73  1664
O16 	14895.1 	0.807755  1  -850.053  6180
O16 	14895.1 	0.360802  1  -3257.05  8621
O16 	14895.1 	0.201641  1  4863.23  172
O16 	14895.1 	0.384411  1  4747.52  261
O16 	14895.1 	0.212091  1  -2629.56  7939
O16 	14895.1 	0.258287  1  -3890.63  9475
O16 	14895.1 	0.214972  1  -2385.16  7817
O16 	14895.1 	0.390344  1  1024.92  4174
O16 	14895.1 	0.422363  1  -4920.08  10372
O16 	14895.1 	0.235011  1  -35.2273  5283
O16 	14895.1 	0.293097  1  3167.23  1972
O16 	14895.1 	0.228347  1  2596.74  2512
O16 	14895.1 	0.247432  1  -740.402  6054
O16 	14895.1 	0.34915  1  -38.7586  5278
O16 	14895.1 	0.463321  1  -3081.76  8531
O16 	14895.1 	0.327825  1  2627.6  2438
O16 	14895.1 	0.293689  1  -2857.46  8289
O16 	14895.1 	0.201582  1  -4615.28  10101
O16 	14895.1 	0.260627  1  -1005.4  6113
O16 	14895.1 	0.265488  1  -2802.18  8153
O16 	14895.1 	3.94823  1  2753.82  2309
O16 	14895.1 	0.284333  1  -1370.25  6855
O16 	14895.1 	0.362822  1  1005.69  4211
O16 	14895.1 	0.459807  1  2634.71  2535
O16 	14895.1 	0.638444  1  -1149.32  6413
O16 	14895.1 	0.273802  1  1955.83  3171
O16 	14895.1 	0.282332  1  -485.512  5581
O16 	14895.1 	1.24377  1  -3940.25  9177
O16 	14895.1 	0.686682  1  -1673.69  6857
O16 	14895.1 	0.338591  1  1177.67  3995
O16 	14895.1 	0.281518  1  3937.26  1086
O16 	14895.1 	0.548165  1  -2816.45  8064
O16 	14895.1 	0.403385  1  -2135.92  7582
O16 	14895.1 	0.473288  1  -2695.32  7997
O16 	14895.1 	0.244415  1  -3673.91  8978
O16 	14895.1 	0.2381  1  -1300.52  6616
O16 	14895.1 	0.22333  1  3845.43  1251
O16 	14895.1 	0.312822  1  560.638  4646
O16 	14895.1 	0.436398  1  -840.068  6126
O16 	14895.1 	0.257897  1  4370.65  651
O16 	14895.1 	0.344908  1  -2221.45  7440
O16 	14895.1 	0.360098  1  1990.68  3161
O16 	14895.1 	0.405991  1  1528.1  3532
O16 	14895.1 	0.237537  1  -4893.81  10450
O16 	14895.1 	0.218171  1  48.4117  5173
O16 	14895.1 	0.379051  1  4241.45  807
O16 	14895.1 	0.371035  1  3612.98  1445
O16 	14895.1 	0.532336  1  -2578.98  7943
O16 	14895.1 	0.539974  1  -4226  9627
O16 	14895.1 	0.204158  1  -3146.29  8535
O16 	14895.1 	0.445982  1  381.53  4888
O16 	14895.1 	0.570115  1  -2869.22  8275
O16 	14895.1 	0.305661  1  2408.07  2697
O16 	14895.1 	0.209668  1  3754.91  1296
O16 	14895.1 	0.308602  1  -2120.16  7509
O16 	14895.1 	0.23257  1  -3740.32  9183
O16 	14895.1 	0.808098  1  1468.7  3629
O16 	14895.1 	12.9591  1  -2856.85  8256
O16 	14895.1 	0.552049  1  -3052.34  8409
O16 	14895.1 	0.32231  1  -2289.2  7566
O16 	14895.1 	0.200429  1  3548.9  1541
O16 	14895.1 	0.41415  1  -1404.39  6699
O16 	14895.1 	0.259024  1  -4949.29  10533
O16 	14895.1 	0.20168  1  -4655.13  10166
O16 	14895.1 	0.214987  1  -4944.64  10507
O16 	14895.1 	0.260213  1  -269.045  5466
O16 	14895.1 	0.519367  1  -4711.93  10272
O16 	14895.1 	1.48965  1  4613.85  392
O16 	14895.1 	0.236645  1  1588.39  3424
O16 	14895.1 	0.207891  1  -2226.62  7725
O16 	14895.1 	0.36384  1  -1566.72  6831
O16 	14895.1 	0.210979  1  556.444  4621
O16 	14895.1 	0.306153  1  -4398.63  9774
O16 	14895.1 	0.516641  1  -2179.7  7440
O16 	14895.1 	1.48778  1  -4600.38  10166
O16 	14895.1 	0.918003  1  3849.8  1128
O16 	14895.1 	0.252357  1  -1291.05  6636
O16 	14895.1 	0.282715  1  -1318.74  6552
O16 	14895.1 	0.787533  1  -4619.95  9977
O16 	14895.1 	1.62092  1  2695.46  2416
O16 	14895.1 	0.678184  1  2369.94  2687
O16 	14895.1 	0.227191  1  1801.95  3298
O16 	14895.1 	1.28118  1  -2386.55  7733
O16 	14895.1 	0.530647  1  3598.87  1459
O16 	14895.1 	0.217884  1  -733.784  6043
O16 	14895.1 	0.968579  1  -2660.03  8005
O16 	14895.1 	0.459909  1  117.816  5196
O16 	14895.1 	0.287588  1  -4765.93  10257
O16 	14895.1 	0.466417  1  167.232  5107
O16 	14895.1 	0.306818  1  3924.12  1144
O16 	14895.1 	0.630675  1  2337.09  2691
O16 	14895.1 	0.214228  1  81.5958  5177
O16 	14895.1 	0.758009  1  3595.72  1450
O16 	14895.1 	0.559075  1  -3335.33  8698
O16 	14895.1 	0.268284  1  -135.318  5304
O16 	14895.1 	0.209024  1  1256.18  3975
O16 	14895.1 	0.223985  1  -302.856  5650
O16 	14895.1 	0.365128  1  -2646.61  7823
O16 	14895.1 	0.507033  1  960.634  4232
O16 	14895.1 	0.367968  1  1943.33  3244
O16 	14895.1 	1.84053  1  1038.66  4162
O16 	14895.1 	0.190858  1  2699.15  2454
O16 	14895.1 	0.301712  1  -755.368  6025
O16 	14895.1 	0.219962  1  -201.886  5559
O16 	14895.1 	0.45239  1  -216.459  5472
O16 	14895.1 	0.301091  1  -828.847  6120
O16 	14895.1 	1.68846  1  -3264.89  8551
O16 	14895.1 	0.218709  1  132.343  5046
O16 	14895.1 	0.20315  1  -2385.72  7618
O16 	14895.1 	0.451483  1  -3019.64  8499
O16 	14895.1 	0.231268  1  -74.0838  5339
O16 	14895.1 	0.311043  1  -3336.01  8837
O16 	14895.1 	0.189199  1  -4065.84  9404
O16 	14895.1 	0.624299  1  -2529.52  7906
O16 	14895.1 	0.216929  1  -4793.3  10315
O16 	14895.1 	0.319105  1  -4523.62  9851
O16 	14895.1 	0.292763  1  1278.28  3969
O16 	14895.1 	0.941732  1  1924.24  3181
O16 	14895.1 	0.375851  1  3816.12  1248
O16 	14895.1 	1.08055  1  -889.752  6194
O16 	14895.1 	1.15213  1  -3035.7  8348
O16 	14895.1 	0.350239  1  403.222  4692
O16 	14895.1 	0.346399  1  2472.71  2654
O16 	14895.1 	0.353967  1  3953.84  1110
O16 	14895.1 	0.402029  1  -3658.47  9083
O16 	14895.1 	0.190887  1  454.061  4793
O16 	14895.1 	0.197577  1  3910.47  1136
O16 	14895.1 	0.240071  1  1418.32  3747
O16 	14895.1 	0.309867  1  -4698.05  10136
O16 	14895.1 	0.234243  1  35.7495  5214
O16 	14895.1 	0.383441  1  -2861.42  8278
O16 	14895.1 	0.2429  1  207.052  5160
O16 	14895.1 	0.542728  1  4848.57  159
O16 	14895.1 	0.240903  1  -2557.42  7851
O16 	14895.1 	0.476328  1  -1005.86  6413
O16 	14895.1 	2.15896  1  -1632.63  7101
O16 	14895.1 	0.234875  1  -26.8642  5278
O16 	14895.1 	0.371584  1  2295.96  2908
O16 	14895.1 	0.448573  1  -2923.08  8379
O16 	14895.1 	0.572684  1  4266.68  780
O16 	14895.1 	0.546626  1  -3666.68  9141
O16 	14895.1 	0.296879  1  2818.6  2226
O16 	14895.1 	0.255188  1  4884.31  109
O16 	14895.1 	0.57061  1  3466.28  1670
O16 	14895.1 	0.37661  1  4629.49  370
O16 	14895.1 	0.343046  1  4761.69  240
O16 	14895.1 	0.32007  1  -2843.02  8501
O16 	14895.1 	0.242083  1  3533.65  1529
O16 	14895.1 	0.36293  1  589.349  4659
O16 	14895.1 	0.359406  1  4874.28  119
O16 	14895.1 	0.214234  1  111.889  5182
O16 	14895.1 	0.481128  1  -3708.04  9064
O16 	14895.1 	0.20787  1  2297.05  2829
O16 	14895.1 	0.279209  1  -853.303  6253
O16 	14895.1 	0.401876  1  1843.57  3277
O16 	14895.1 	0.326483  1  -589.967  5776
O16 	14895.1 	0.259917  1  3693.09  1355
O16 	14895.1 	0.952883  1  4051.9  1055
O16 	14895.1 	0.373074  1  238.539  5052
O16 	14895.1 	0.512191  1  975.218  4302
O16 	14895.1 	0.948079  1  112.797  5118
O16 	14895.1 	0.282536  1  3219.72  1836
O16 	14895.1 	0.933034  1  1645  3454
O16 	14895.1 	0.629263  1  4296.98  728
O16 	14895.1 	0.349264  1  -2412.54  7692
O16 	14895.1 	1.14431  1  -2481.21  7847
O16 	14895.1 	0.324799  1  1527.41  3534
O16 	14895.1 	0.382514  1  -607.88  5744
O16 	14895.1 	0.259919  1  -2661.61  7873
O16 	14895.1 	0.208383  1  -4958.59  10523
O16 	14895.1 	0.424791  1  -2789.88  8211
O16 	14895.1 	0.431945  1  -2827.68  8255
O16 	14895.1 	0.268186  1  -4751.82  10128
O16 	14895.1 	0.685173  1  237.048  5021
O16 	14895.1 	0.435937  1  2002.24  3149
O16 	14895.1 	0.221299  1  -150.644  5374
O16 	14895.1 	0.405377  1  -4305.04  9727
O16 	14895.1 	0.23165  1  -975.594  6336
O16 	14895.1 	1.50469  1  2922.03  2225
O16 	14895.1 	0.197269  1  2648.64  2430
O16 	14895.1 	0.208457  1  1566.39  3676
O16 	14895.1 	0.198823  1  2759.88  2312
O16 	14895.1 	0.196529  1  -4894.29  10317
O16 	14895.1 	0.217023  1  709.598  4479
O16 	14895.1 	0.189399  1  -771.94  6029
O16 	14895.1 	0.221967  1  42.6657  5141
O16 	14895.1 	0.274696  1  -2683.99  8082
O16 	14895.1 	0.709337  1  -949.719  6262
O16 	14895.1 	0.338775  1  559.908  4750
O16 	14895.1 	1.02855  1  -728.453  5945
O16 	14895.1 	0.225171  1  -2215.23  7477
O16 	14895.1 	0.205713  1  4261.57  762
O16 	14895.1 	0.209065  1  -4188.08  9639
O16 	14895.1 	0.200385  1  -3193.5  8687
O16 	14895.1 	0.226184  1  -4388.87  9770
O16 	14895.1 	0.230867  1  1514.61  3623
O16 	14895.1 	0.228949  1  4704.49  281
O16 	14895.1 	0.213644  1  -1845.38  7145
O16 	14895.1 	0.22138  1  3668.87  1379
O16 	14895.1 	0.305542  1  -4199.1  9727
O16 	14895.1 	0.444788  1  2890.8  2191
O16 	14895.1 	0.211544  1  -2582.52  7868
O16 	14895.1 	4.27354  1  728.891  4294
O16 	14895.1 	0.293214  1  1552.28  3685
O16 	14895.1 	0.357451  1  -4588.29  9914
O16 	14895.1 	0.360595  1  -499.102  5733
O16 	14895.1 	0.351258  1  2716.88  2389
O16 	14895.1 	1.23613  1  2591.69  2511
O16 	14895.1 	0.470421  1  -4031.27  9634
O16 	14895.1 	0.739679  1  -4598.39  9916
O16 	14895.1 	0.657508  1  1063.71  3985
O16 	14895.1 	0.241703  1  1250.91  3931
O16 	14895.1 	0.254047  1  -1285.71  6555
O16 	14895.1 	0.237825  1  -4876.42  10266
O16 	14895.1 	0.617411  1  -2439.88  7687
O16 	14895.1 	1.6216  1  -2170.42  7631
O16 	14895.1 	0.200406  1  1459.76  3611
O16 	14895.1 	0.237282  1  -2345.72  7490
O16 	14895.1 	0.310667  1  -3005.81  8392
O16 	14895.1 	0.221948  1  -4769.88  10318
O16 	14895.1 	0.204755  1  4433.55  625
O16 	14895.1 	0.630995  1  1880.87  3249
O16 	14895.1 	0.331976  1  -2034.91  7307
O16 	14895.1 	0.37026  1  406.769  4800
O16 	14895.1 	0.265605  1  4526.48  468
O16 	14895.1 	0.307705  1  1035.87  4190
O16 	14895.1 	0.235651  1  -2930.46  8496
O16 	14895.1 	0.188605  1  2173.12  2950
O16 	14895.1 	0.417628  1  3783.65  1261
O16 	14895.1 	0.204195  1  -4037.14  9653
O16 	14895.1 	1.07807  1  417.269  4889
O16 	14895.1 	0.594736  1  97.7593  5144
O16 	14895.1 	0.404976  1  -869.328  6094
O16 	14895.1 	0.212316  1  3346.09  1713
O16 	14895.1 	0.577257  1  -1742.22  7052
O16 	14895.1 	0.332189  1  113.716  5189
O16 	14895.1 	0.250399  1  -1127.81  6340
O16 	14895.1 	0.382769  1  -1045.66  6283
O16 	14895.1 	0.21927  1  -1063.51  6427
O16 	14895.1 	0.763436  1  3040.06  2028
O16 	14895.1 	0.454891  1  -4100.72  9449
O16 	14895.1 	0.250527  1  -239.243  5515
O16 	14895.1 	0.439625  1  3440.17  1656
O16 	14895.1 	0.215065  1  4607.2  413
O16 	14895.1 	0.253627  1  -1987.08  7303
O16 	14895.1 	0.229088  1  2691.9  2392
O16 	14895.1 	0.193434  1  -168.517  5481
O16 	14895.1 	0.195722  1  1121.34  3972
O16 	14895.1 	0.307677  1  -3334.84  8648
O16 	14895.1 	0.268472  1  -889.236  6255
O16 	14895.1 	0.41062  1  3840.65  1201
O16 	14895.1 	1.06927  1  4119.97  936
O16 	14895.1 	0.605589  1  3982.04  1103
O16 	14895.1 	0.336889  1  -2147.75  7473
O16 	14895.1 	0.458503  1  -4802.38  10140
O16 	14895.1 	0.349654  1  -961.628  6183
O16 	14895.1 	0.259053  1  4723.62  300
O16 	14895.1 	0.990729  1  -3135.59  8489
O16 	14895.1 	0.22175  1  4306.73  722
O16 	14895.1 	0.634003  1  -4857.07  10422
O16 	14895.1 	0.867595  1  -106.492  5267
O16 	14895.1 	0.341165  1  1541.94  3628
O16 	14895.1 	0.22685  1  -1860.8  7085
O16 	14895.1 	0.368829  1  -3533.68  9015
O16 	14895.1 	0.364621  1  2305.81  2910
O16 	14895.1 	0.389942  1  1917.58  3274
O16 	14895.1 	0.312421  1  -1570.41  6795
O16 	14895.1 	0.221751  1  -1400.24  6742
O16 	14895.1 	0.482824  1  -936.072  6227
O16 	14895.1 	0.95289  1  -3621.47  9013
O16 	14895.1 	0.200602  1  1311.41  3958
O16 	14895.1 	0.205391  1  505.013  4776
O16 	14895.1 	0.218929  1  1140.12  4095
O16 	14895.1 	1.26988  1  -1978.98  7422
O16 	14895.1 	0.257231  1  -1967.34  7391
O16 	14895.1 	0.257502  1  -1316.64  6577
O16 	14895.1 	0.201333  1  680.881  4432
O16 	14895.1 	0.502951  1  2993.76  2053
O16 	14895.1 	0.241755  1  3877.97  1187
O16 	14895.1 	0.196953  1  -4154.87  9669
O16 	14895.1 	0.209573  1  2907.56  2152
O16 	14895.1 	0.26305  1  -1976  7243
O16 	14895.1 	0.271389  1  1342.82  3864
O16 	14895.1 	0.588487  1  -4077.74  9533
O16 	14895.1 	0.221332  1  2119.15  3000
O16 	14895.1 	0.20467  1  -3601.88  9037
O16 	14895.1 	0.562209  1  -3740.59  9178
O16 	14895.1 	0.266479  1  -438.201  5790
O16 	14895.1 	0.265553  1  4659.29  365
O16 	14895.1 	0.274722  1  -1193.8  6505
O16 	14895.1 	1.42207  1  -2393.69  7792
O16 	14895.1 	0.255206  1  3370.8  1738
O16 	14895.1 	0.289661  1  -741.018  6131
O16 	14895.1 	0.289622  1  4043.64  991
O16 	14895.1 	0.621638  1  -3608.55  9064
O16 	14895.1 	0.26165  1  1366.35  3772
O16 	14895.1 	0.724288  1  -793.194  6071
O16 	14895.1 	0.857427  1  1362.1  3747
O16 	14895.1 	0.274472  1  -3478.31  8943
O16 	14895.1 	0.343567  1  3714.8  1312
O16 	14895.1 	0.204333  1  3284.93  1833
O16 	14895.1 	1.44987  1  -1105.05  6386
O16 	14895.1 	0.201274  1  -1084.3  6262
O16 	14895.1 	0.23211  1  2667.1  2386
O16 	14895.1 	0.199096  1  -2711.12  8043
O16 	14895.1 	0.32204  1  -3370.47  8894
O16 	14895.1 	0.447933  1  -4017.36  9454
O16 	14895.1 	1.43191  1  -2722.6  8187
O16 	14895.1 	0.258205  1  -3960.64  9374
O16 	14895.1 	0.266546  1  -1254.89  6510
O16 	14895.1 	0.225446  1  -1419.65  6906
O16 	14895.1 	0.822112  1  1421.53  3799
O16 	14895.1 	0.754282  1  -1035.2  6428
O16 	14895.1 	0.329057  1  3418.7  1696
O16 	14895.1 	0.209515  1  2367.01  2717
O16 	14895.1 	0.224112  1  4580.35  432
O16 	14895.1 	0.294352  1  4649.93  368
O16 	14895.1 	0.295177  1  509.561  4700
O16 	14895.1 	0.235135  1  -259.718  5597
O16 	14895.1 	0.294419  1  615.738  4609
O16 	14895.1 	0.372248  1  522.68  4758
O16 	14895.1 	0.188948  1  3848.48  1135
O16 	14895.1 	0.293669  1  -2433.65  7721
O16 	14895.1 	0.310045  1  -4766.01  10091
O16 	14895.1 	5.05025  1  493.462  4781
O16 	14895.1 	0.272787  1  -4065.06  9574
O16 	14895.1 	0.726634  1  -3793.82  9215
O16 	14895.1 	0.313543  1  -2794.9  8253
O16 	14895.1 	0.199101  1  202.191  5055
O16 	14895.1 	1.08852  1  -1927.42  7414
O16 	14895.1 	0.22901  1  -1800.69  7163
O16 	14895.1 	0.381979  1  345.287  4761
O16 	14895.1 	0.291361  1  2817.49  2296
O16 	14895.1 	0.379288  1  2692.01  2389
O16 	14895.1 	0.392904  1  -138.965  5348
O16 	14895.1 	0.254742  1  3013.02  2133
O16 	14895.1 	0.2166  1  -1212.65  6649
O16 	14895.1 	0.510218  1  -2646.76  7780
O16 	14895.1 	0.201622  1  2778.23  2411
O16 	14895.1 	0.207523  1  -101.663  5351
O16 	14895.1 	2.02646  1  -1386.78  6637
O16 	14895.1 	0.481324  1  -3702.29  9257
O16 	14895.1 	0.452288  1  1237.15  4012
O16 	14895.1 	0.250481  1  2716.83  2375
O16 	14895.1 	0.322733  1  -3472.83  8908
O16 	14895.1 	1.12598  1  -4424.42  9959
O16 	14895.1 	0.257753  1  -3045.21  8287
O16 	14895.1 	2.43985  1  -3817.19  9273
O16 	14895.1 	0.226902  1  -297.429  5680
O16 	14895.1 	1.11428  1  -2166.12  7477
O16 	14895.1 	0.303486  1  3520.86  1585
O16 	14895.1 	0.774493  1  856.607  4371
O16 	14895.1 	0.188819  1  -2400.38  7782
O16 	14895.1 	0.299975  1  -2241.25  7679
O16 	14895.1 	0.364396  1  -3245.89  8761
O16 	14895.1 	0.25503  1  -4175.51  9610
O16 	14895.1 	0.238198  1  4875.63  121
O16 	14895.1 	0.33414  1  -2791.24  8223
O16 	14895.1 	0.86789  1  -773.612  6138
O16 	14895.1 	0.319185  1  -4146.19  9637
O16 	14895.1 	0.554074  1  4148.07  959
O16 	14895.1 	0.218846  1  3454.91  1621
O16 	14895.1 	0.643039  1  -2173.71  7402
O16 	14895.1 	0.190966  1  -4966.64  10336
O16 	14895.1 	0.381727  1  -3045.71  8541
O16 	14895.1 	0.33293  1  -3996.2  9491
O16 	14895.1 	0.194532  1  -2712.84  8028
O16 	14895.1 	0.334556  1  2127.82  3052
O16 	14895.1 	1.70898  1  -1402.77  6716
O16 	14895.1 	0.295868  1  1638.75  3513
O16 	14895.1 	0.295433  1  335.604  4863
O16 	14895.1 	0.197836  1  1104.83  3946
O16 	14895.1 	0.707461  1  -3122.78  8412
O16 	14895.1 	0.296353  1  -3144.24  8625
O16 	14895.1 	0.436682  1  -4671.64  10143
O16 	14895.1 	0.247127  1  -3324.86  8881
O16 	14895.1 	0.347371  1  -1324.21  6555
O16 	14895.1 	0.272398  1  2584.44  2532
O16 	14895.1 	0.189561  1  -1160.13  6487
O16 	14895.1 	0.424818  1  388.682  4968
O16 	14895.1 	0.240633  1  -3179.41  8470
O16 	14895.1 	0.251775  1  -3141.36  8524
O16 	14895.1 	0.218096  1  -1731.24  6952
O16 	14895.1 	0.220906  1  4615.75  417
O16 	14895.1 	0.246371  1  1254.72  3916
O16 	14895.1 	4.60729  1  -3055.02  8332
O16 	14895.1 	0.332501  1  -263.234  5522
O16 	14895.1 	0.419396  1  -2914.86  8335
O16 	14895.1 	0.398236  1  4846.43  168
O16 	14895.1 	0.202467  1  2003.37  3211
O16 	14895.1 	0.228163  1  -2041.63  7352
O16 	14895.1 	0.375896  1  4952.34  49
O16 	14895.1 	0.198228  1  -321.258  5549
O16 	14895.1 	0.480673  1  -1765.32  7206
O16 	14895.1 	0.517592  1  -2079.71  7364
O16 	14895.1 	0.263445  1  1023.75  4138
O16 	14895.1 	0.19873  1  638.847  4523
O16 	14895.1 	0.58023  1  1469.09  3736
O16 	14895.1 	0.224577  1  -2521.79  7855
O16 	14895.1 	0.200224  1  -1254.37  6504
O16 	14895.1 	0.275685  1  3085.01  2008
O16 	14895.1 	1.01078  1  -3632.47  9132
O16 	14895.1 	0.424402  1  4196.69  836
O16 	14895.1 	0.698135  1  4393.95  654
O16 	14895.1 	0.20348  1  -4406.71  9934
O16 	14895.1 	0.193142  1  -4018.7  9414
O16 	14895.1 	0.405595  1  -1865.35  7230
O16 	14895.1 	0.188653  1  -4462.86  9894
O16 	14895.1 	0.971989  1  -745.803  5823
O16 	14895.1 	0.253844  1  -2436.56  7571
O16 	14895.1 	0.278865  1  2658.38  2445
O16 	14895.1 	0.220716  1  -3363.63  8694
O16 	14895.1 	0.423878  1  -1424.57  6816
O16 	14895.1 	0.675179  1  3028.94  2033
O16 	14895.1 	0.284262  1  -2238.95  7569
O16 	14895.1 	0.450353  1  1471.07  3626
O16 	14895.1 	0.2043  1  -1252.17  6474
O16 	14895.1 	0.193534  1  2358.88  2783
O16 	14895.1 	0.928477  1  1434.33  3676
O16 	14895.1 	0.280552  1  -412.607  5786
O16 	14895.1 	0.264145  1  -708.147  6000
O16 	14895.1 	0.206529  1  -1246.04  6549
O16 	14895.1 	0.312146  1  -361.279  5582
O16 	14895.1 	0.201246  1  1681.55  3557
O16 	14895.1 	0.298986  1  1101.08  4051
O16 	14895.1 	0.192866  1  3041.27  2021
O16 	14895.1 	0.390941  1  -4390.34  9729
O16 	14895.1 	1.2658  1  -2539.38  8018
