O16 	14895.1 	0.502827  1  -2294.75  7604
O16 	14895.1 	0.230838  1  -1877.88  7172
O16 	14895.1 	0.209807  1  -1744  7155
O16 	14895.1 	0.366108  1  -2422.77  7875
O16 	14895.1 	0.215802  1  -242.697  5532
O16 	14895.1 	0.629645  1  -1385.75  6729
O16 	14895.1 	0.283928  1  4880.18  110
O16 	14895.1 	0.335051  1  4216.08  798
O16 	14895.1 	0.44054  1  614.891  4605
O16 	14895.1 	0.215049  1  -3794.78  9318
O16 	14895.1 	0.241472  1  -3626.19  9062
O16 	14895.1 	0.452916  1  2034.06  3098
O16 	14895.1 	0.232189  1  -2093.93  7432
O16 	14895.1 	0.196364  1  1651.82  3473
O16 	14895.1 	0.421304  1  2606.18  2531
O16 	14895.1 	2.0975  1  -1261.42  6600
O16 	14895.1 	0.270446  1  -4788.13  10363
O16 	14895.1 	0.991837  1  -4272.73  9763
O16 	14895.1 	0.275045  1  2695.37  2416
O16 	14895.1 	0.473074  1  944.182  4241
O16 	14895.1 	0.346887  1  -41.324  5408
O16 	14895.1 	0.339112  1  -210.247  5371
O16 	14895.1 	0.217285  1  4399.14  648
O16 	14895.1 	0.213882  1  4193.2  786
O16 	14895.1 	0.191163  1  2264.95  2917
O16 	14895.1 	0.674438  1  -3827.76  9291
O16 	14895.1 	0.247539  1  -738.407  6014
O16 	14895.1 	0.970855  1  -1844.36  7295
O16 	14895.1 	0.19053  1  -3019.5  8557
O16 	14895.1 	2.46892  1  -3175.96  8705
O16 	14895.1 	0.85232  1  -1155.7  6386
O16 	14895.1 	0.295645  1  2594.08  2505
O16 	14895.1 	0.365999  1  -3480.83  8898
O16 	14895.1 	1.19888  1  2502.41  2641
O16 	14895.1 	0.258716  1  3226.04  1846
O16 	14895.1 	0.243172  1  -1070.08  6382
O16 	14895.1 	0.256106  1  801.431  4381
O16 	14895.1 	0.21959  1  -4903.05  10548
O16 	14895.1 	0.620659  1  4331.95  700
O16 	14895.1 	0.392157  1  1909.05  3249
O16 	14895.1 	1.14268  1  3673.08  1398
O16 	14895.1 	0.234067  1  961.756  4236
O16 	14895.1 	0.309462  1  1793.77  3385
O16 	14895.1 	0.402819  1  4612.2  404
O16 	14895.1 	0.339656  1  -132.429  5325
O16 	14895.1 	0.412035  1  3071.53  2013
O16 	14895.1 	0.990262  1  -1402.14  6911
O16 	14895.1 	0.292119  1  1970.16  3247
O16 	14895.1 	1.58673  1  -1153.44  6500
O16 	14895.1 	0.200262  1  3487.8  1531
O16 	14895.1 	0.235634  1  -2369.92  8011
O16 	14895.1 	0.319608  1  -1239.32  6643
O16 	14895.1 	0.292763  1  3176.23  1875
O16 	14895.1 	0.344872  1  438.889  4848
O16 	14895.1 	0.195282  1  407.711  4882
O16 	14895.1 	0.392479  1  3648.3  1483
O16 	14895.1 	0.19624  1  1332.62  3928
O16 	14895.1 	0.411205  1  2690.23  2402
O16 	14895.1 	0.267405  1  4416.51  634
O16 	14895.1 	0.445399  1  2113.63  3038
O16 	14895.1 	0.1968  1  4390.5  665
O16 	14895.1 	0.312672  1  -890.781  6164
O16 	14895.1 	0.250571  1  -3504.53  9151
O16 	14895.1 	0.481751  1  -280.563  5549
O16 	14895.1 	2.78142  1  975.832  4123
O16 	14895.1 	0.193296  1  -3619.81  9156
O16 	14895.1 	0.246796  1  -1814.45  7145
O16 	14895.1 	0.439316  1  -3819.58  9179
O16 	14895.1 	0.464971  1  4277.72  730
O16 	14895.1 	0.287346  1  1395.73  3752
O16 	14895.1 	0.272299  1  3263.9  1818
O16 	14895.1 	0.406483  1  -2917.51  8272
O16 	14895.1 	0.285236  1  559.629  4593
O16 	14895.1 	0.211099  1  -4481.27  10167
O16 	14895.1 	1.58202  1  -1913.89  7257
O16 	14895.1 	0.240792  1  4756.35  239
O16 	14895.1 	0.206593  1  2789.05  2286
O16 	14895.1 	0.216887  1  4863.13  137
O16 	14895.1 	0.695147  1  4492.83  541
O16 	14895.1 	0.205134  1  -1254.84  6611
O16 	14895.1 	0.236786  1  3300.49  1823
O16 	14895.1 	0.219854  1  98.6353  5111
O16 	14895.1 	0.28065  1  -4699.61  10174
O16 	14895.1 	0.360985  1  -3145.95  8520
O16 	14895.1 	0.565429  1  272.207  5028
O16 	14895.1 	0.759928  1  -245.566  5509
O16 	14895.1 	0.58831  1  3846.62  1179
O16 	14895.1 	0.432891  1  -4148.83  9707
O16 	14895.1 	0.87599  1  3219.77  1824
O16 	14895.1 	0.461138  1  -4153.53  9582
O16 	14895.1 	0.210142  1  -4536.67  9979
O16 	14895.1 	1.02834  1  -689.223  5913
O16 	14895.1 	0.388013  1  -4620.39  10109
O16 	14895.1 	0.291751  1  -4332.6  9926
O16 	14895.1 	0.247773  1  3895.76  1200
O16 	14895.1 	0.196012  1  1790.87  3470
O16 	14895.1 	0.229893  1  -1208.66  6552
O16 	14895.1 	0.225062  1  -851.42  6147
O16 	14895.1 	0.246718  1  -1976.84  7232
O16 	14895.1 	0.203951  1  1545.5  3584
O16 	14895.1 	0.189124  1  3086.13  2031
O16 	14895.1 	0.359687  1  -1827.27  7031
O16 	14895.1 	0.433124  1  733.544  4482
O16 	14895.1 	0.207945  1  462.71  4806
O16 	14895.1 	0.269543  1  -3128.02  8501
O16 	14895.1 	0.218194  1  1005.97  4276
O16 	14895.1 	1.75008  1  -3360.21  8871
O16 	14895.1 	0.210016  1  4605.02  403
O16 	14895.1 	0.83849  1  292.798  4986
O16 	14895.1 	1.12655  1  -1834.35  7347
O16 	14895.1 	0.294367  1  1460.56  3790
O16 	14895.1 	0.198078  1  -3948.75  9506
O16 	14895.1 	0.238246  1  -4894.1  10493
O16 	14895.1 	0.319893  1  3764.84  1263
O16 	14895.1 	0.21038  1  -4887.17  10365
O16 	14895.1 	0.24214  1  -2725.74  8189
O16 	14895.1 	0.412815  1  -333.057  5658
O16 	14895.1 	0.420397  1  -1729.92  7138
O16 	14895.1 	0.200264  1  -4588.07  10010
O16 	14895.1 	0.239959  1  905.163  4332
O16 	14895.1 	0.290713  1  -3212.98  8719
O16 	14895.1 	0.304139  1  3501.48  1556
O16 	14895.1 	0.253951  1  1718.81  3489
O16 	14895.1 	0.221971  1  4395.35  621
O16 	14895.1 	0.207918  1  3960.17  1074
O16 	14895.1 	0.294346  1  3915.77  1126
O16 	14895.1 	0.611601  1  3320.19  1759
O16 	14895.1 	0.686493  1  -1822.99  7109
O16 	14895.1 	0.198239  1  1788.53  3437
O16 	14895.1 	0.213399  1  1998.84  3124
O16 	14895.1 	0.242768  1  1457.93  3714
O16 	14895.1 	0.548041  1  -4693.24  10338
O16 	14895.1 	0.260925  1  -1424.6  6760
O16 	14895.1 	0.212027  1  -3205.28  8516
O16 	14895.1 	0.422044  1  1994.45  3262
O16 	14895.1 	0.276868  1  -1295.89  6639
O16 	14895.1 	0.205009  1  2249.62  2950
O16 	14895.1 	0.372689  1  4526.04  510
O16 	14895.1 	0.256096  1  2434  2664
O16 	14895.1 	0.376939  1  1512.28  3647
O16 	14895.1 	0.278142  1  27.7507  5298
O16 	14895.1 	0.374633  1  3294.5  1711
O16 	14895.1 	0.421335  1  2565.17  2534
O16 	14895.1 	0.639194  1  546.807  4821
O16 	14895.1 	1.54885  1  3913.24  1156
O16 	14895.1 	0.219615  1  781.672  4519
O16 	14895.1 	0.233511  1  -14.7599  5295
O16 	14895.1 	0.257969  1  4391.27  650
O16 	14895.1 	0.222664  1  -1015.83  6415
O16 	14895.1 	0.224  1  545.931  4697
O16 	14895.1 	0.497361  1  4610.71  408
O16 	14895.1 	0.772747  1  -4188.53  9701
O16 	14895.1 	0.295305  1  781.876  4512
O16 	14895.1 	0.191759  1  -4112.58  9613
O16 	14895.1 	0.19829  1  -2481.45  7700
O16 	14895.1 	0.327946  1  2272.27  2781
O16 	14895.1 	0.2012  1  -955.88  6212
O16 	14895.1 	0.495878  1  2470.13  2669
O16 	14895.1 	0.663762  1  -1153.29  6554
O16 	14895.1 	2.54535  1  -2373.62  7718
O16 	14895.1 	0.354505  1  2225.49  2922
O16 	14895.1 	0.268493  1  -3906.4  9415
O16 	14895.1 	0.386578  1  1592.18  3560
O16 	14895.1 	0.297961  1  -3347.93  8871
O16 	14895.1 	0.252524  1  17.9593  5220
O16 	14895.1 	0.234928  1  -1909.34  7296
O16 	14895.1 	0.254491  1  -1952.36  7462
O16 	14895.1 	0.256752  1  1680.28  3531
O16 	14895.1 	0.466323  1  -836.307  6152
O16 	14895.1 	1.01323  1  3736.22  1325
O16 	14895.1 	0.371034  1  -1228.74  6393
O16 	14895.1 	0.333984  1  682.422  4514
O16 	14895.1 	0.277517  1  636.565  4550
O16 	14895.1 	0.291829  1  2871.6  2241
O16 	14895.1 	1.17008  1  -4815.03  10318
O16 	14895.1 	0.375912  1  4605.17  393
O16 	14895.1 	0.224777  1  -985.1  6366
O16 	14895.1 	0.229739  1  2736.96  2473
O16 	14895.1 	0.400805  1  4029.86  1016
O16 	14895.1 	0.253383  1  -4920.17  10271
O16 	14895.1 	0.40333  1  -210.036  5455
O16 	14895.1 	0.391186  1  -2294.66  7640
O16 	14895.1 	0.231758  1  4962.43  47
O16 	14895.1 	0.198599  1  4301.49  732
O16 	14895.1 	1.91628  1  -896.582  6329
O16 	14895.1 	0.630135  1  1358.24  3744
O16 	14895.1 	1.69455  1  4237.82  776
O16 	14895.1 	0.410159  1  3716.59  1363
O16 	14895.1 	0.295518  1  1.23247  5323
O16 	14895.1 	0.194767  1  -1278.34  6698
O16 	14895.1 	0.195797  1  -4076.57  9629
O16 	14895.1 	0.525125  1  -2855.87  8298
O16 	14895.1 	0.506771  1  4412.38  602
O16 	14895.1 	0.242612  1  -3365.84  8572
O16 	14895.1 	0.354136  1  4187.37  856
O16 	14895.1 	0.354504  1  370.156  4954
O16 	14895.1 	0.195455  1  3464.07  1668
O16 	14895.1 	0.316907  1  -438.673  5614
O16 	14895.1 	1.57641  1  3591.54  1403
O16 	14895.1 	1.04991  1  -167.613  5487
O16 	14895.1 	0.67212  1  -1759.04  7094
O16 	14895.1 	0.32653  1  91.1396  5013
O16 	14895.1 	0.285443  1  1976.66  3213
O16 	14895.1 	0.371154  1  -449.097  5567
O16 	14895.1 	0.212931  1  1782.59  3349
O16 	14895.1 	0.227939  1  -2128.75  7570
O16 	14895.1 	0.224201  1  -4406.8  9939
O16 	14895.1 	0.277997  1  1975.46  3257
O16 	14895.1 	0.45573  1  4637.05  386
O16 	14895.1 	0.346772  1  -617.181  6075
O16 	14895.1 	1.49734  1  467.378  4630
O16 	14895.1 	0.837778  1  -142.049  5226
O16 	14895.1 	0.239872  1  2604.14  2578
O16 	14895.1 	0.326221  1  -3503.38  9029
O16 	14895.1 	0.595941  1  -1028.45  6320
O16 	14895.1 	0.468013  1  -3559.62  9063
O16 	14895.1 	0.939486  1  4987.18  12
O16 	14895.1 	0.261382  1  1191.65  4044
O16 	14895.1 	0.223899  1  546.142  4701
O16 	14895.1 	0.211169  1  2899.95  2186
O16 	14895.1 	0.345317  1  1556.33  3626
O16 	14895.1 	0.20588  1  -39.6616  5242
O16 	14895.1 	0.317457  1  -3869.91  9401
O16 	14895.1 	0.262295  1  -4987.42  10590
O16 	14895.1 	0.263777  1  -2179.08  7619
O16 	14895.1 	0.96228  1  1610.99  3563
O16 	14895.1 	0.367264  1  -1024.4  6469
O16 	14895.1 	0.340055  1  3834.07  1246
O16 	14895.1 	0.322786  1  362.805  4761
O16 	14895.1 	0.245214  1  -653.156  5988
O16 	14895.1 	0.469498  1  -1702.09  6898
O16 	14895.1 	0.234046  1  2154.09  2916
O16 	14895.1 	0.215426  1  141.129  5129
O16 	14895.1 	0.334104  1  1409.09  3754
O16 	14895.1 	0.205975  1  2319.02  2766
O16 	14895.1 	0.250989  1  3828.52  1221
O16 	14895.1 	0.31693  1  2109.5  3028
O16 	14895.1 	0.416535  1  4702.31  338
O16 	14895.1 	0.438997  1  4039.54  1032
O16 	14895.1 	0.565501  1  1198.11  3986
O16 	14895.1 	0.795035  1  2019.6  3086
O16 	14895.1 	0.191159  1  3632.91  1445
O16 	14895.1 	0.298723  1  -828.122  6116
O16 	14895.1 	0.275651  1  3904.08  1210
O16 	14895.1 	0.818294  1  482.925  4741
O16 	14895.1 	0.228429  1  -408.485  5546
O16 	14895.1 	1.38437  1  -2411.23  7690
O16 	14895.1 	0.190279  1  -2888.97  8175
O16 	14895.1 	0.423617  1  -1504.49  6784
O16 	14895.1 	0.282509  1  2351.56  2911
O16 	14895.1 	0.668225  1  934.526  4329
O16 	14895.1 	0.270252  1  -519.857  5755
O16 	14895.1 	0.324839  1  -1916.35  7306
O16 	14895.1 	0.315254  1  1545.35  3598
O16 	14895.1 	0.207658  1  482.478  4682
O16 	14895.1 	0.194675  1  2585.68  2426
O16 	14895.1 	0.212215  1  2385.25  2729
O16 	14895.1 	0.308354  1  -3122.16  8523
O16 	14895.1 	0.396307  1  -586.228  5872
O16 	14895.1 	0.216059  1  -2387.71  7856
O16 	14895.1 	0.273899  1  -1978.28  7294
O16 	14895.1 	0.258465  1  -2584  7935
O16 	14895.1 	1.31108  1  -2963.13  8304
O16 	14895.1 	0.302067  1  1474.23  3676
O16 	14895.1 	0.370458  1  3171.49  2031
O16 	14895.1 	0.281604  1  4238.72  814
O16 	14895.1 	0.220304  1  -2761.61  8095
O16 	14895.1 	0.287136  1  -3850.9  9383
O16 	14895.1 	0.395226  1  -3761.19  9150
O16 	14895.1 	0.648321  1  1163.38  4010
O16 	14895.1 	0.220424  1  -269.973  5452
O16 	14895.1 	1.54649  1  1807.91  3396
O16 	14895.1 	0.334752  1  -4144.04  9634
O16 	14895.1 	0.381199  1  -3695.86  9088
O16 	14895.1 	1.12686  1  -3273.13  8600
O16 	14895.1 	0.228002  1  -1623.7  6932
O16 	14895.1 	0.58042  1  4812.14  222
O16 	14895.1 	0.351145  1  -771.299  6063
O16 	14895.1 	1.63261  1  1414.59  3751
O16 	14895.1 	0.29245  1  -2103.16  7426
O16 	14895.1 	0.735628  1  -2586.95  8041
O16 	14895.1 	0.319913  1  1243.66  3915
O16 	14895.1 	0.349791  1  -4539.53  9933
O16 	14895.1 	0.254323  1  4389.35  667
O16 	14895.1 	0.697092  1  2779.04  2341
O16 	14895.1 	0.376336  1  -2332.04  7530
O16 	14895.1 	0.749606  1  4461.56  573
O16 	14895.1 	0.368173  1  972.828  4296
O16 	14895.1 	0.278436  1  -471.179  5804
O16 	14895.1 	0.199095  1  151.563  5134
O16 	14895.1 	0.268174  1  3367.86  1691
O16 	14895.1 	0.237173  1  -1992.3  7317
O16 	14895.1 	4.75777  1  4053.28  1028
O16 	14895.1 	1.39108  1  -3306.19  8698
O16 	14895.1 	1.22685  1  -3833.94  9231
O16 	14895.1 	0.296798  1  1453.05  3668
O16 	14895.1 	0.318924  1  -2109.56  7557
O16 	14895.1 	0.213133  1  -1437.42  6961
O16 	14895.1 	0.332322  1  2443.82  2662
O16 	14895.1 	0.324826  1  -3428.89  8882
O16 	14895.1 	0.213279  1  4551.47  477
O16 	14895.1 	0.207682  1  -2490.97  7966
O16 	14895.1 	0.201635  1  411.618  4894
O16 	14895.1 	0.282183  1  -2117.77  7477
O16 	14895.1 	0.230652  1  -3100.44  8638
O16 	14895.1 	0.241466  1  1852.72  3215
O16 	14895.1 	0.26318  1  -3165.29  8450
O16 	14895.1 	1.17873  1  -3373.6  8871
O16 	14895.1 	1.69424  1  -1508.44  6675
O16 	14895.1 	0.459405  1  -4400.99  9816
O16 	14895.1 	0.259103  1  2693.92  2473
O16 	14895.1 	0.280201  1  3186.28  1855
O16 	14895.1 	0.204701  1  -2258.99  7678
O16 	14895.1 	0.250937  1  2477.39  2699
O16 	14895.1 	0.349413  1  -2639.17  8059
O16 	14895.1 	0.194002  1  1286.87  3951
O16 	14895.1 	0.270372  1  -1785.27  7166
O16 	14895.1 	7.9309  1  -50.6399  5387
O16 	14895.1 	0.85206  1  -3389.67  8827
O16 	14895.1 	0.549044  1  -3643.11  8992
O16 	14895.1 	0.331604  1  2105.91  3068
O16 	14895.1 	0.21944  1  -3915.88  9175
O16 	14895.1 	0.197772  1  2074.02  2951
O16 	14895.1 	0.205727  1  3021.44  2024
O16 	14895.1 	1.40485  1  -1325.23  6571
O16 	14895.1 	0.47992  1  387.503  4835
O16 	14895.1 	0.209397  1  1347.18  3881
O16 	14895.1 	0.299148  1  -3499.88  9068
O16 	14895.1 	2.71407  1  -2071.91  7390
O16 	14895.1 	1.10693  1  1837.62  3469
O16 	14895.1 	0.338746  1  -440.194  5684
O16 	14895.1 	0.36657  1  4573.2  482
O16 	14895.1 	0.221543  1  -411.436  5760
O16 	14895.1 	0.331708  1  -3181.25  8528
O16 	14895.1 	0.218253  1  -2313.77  7787
O16 	14895.1 	0.367123  1  -583.35  5919
O16 	14895.1 	0.37528  1  398.256  4916
O16 	14895.1 	0.251877  1  -4107.81  9599
O16 	14895.1 	0.249227  1  2366.76  2833
O16 	14895.1 	0.673363  1  -729.566  6025
O16 	14895.1 	0.67608  1  2189.17  3010
O16 	14895.1 	0.550862  1  -2186.15  7803
O16 	14895.1 	0.438227  1  -2334.8  7958
O16 	14895.1 	0.499665  1  -4995.15  10425
O16 	14895.1 	0.558048  1  467.866  4678
O16 	14895.1 	0.397687  1  1643.16  3621
O16 	14895.1 	0.234008  1  691.222  4634
O16 	14895.1 	0.406596  1  361.343  4976
O16 	14895.1 	0.406539  1  3692.33  1380
O16 	14895.1 	0.247124  1  3495.49  1557
O16 	14895.1 	0.620152  1  2540.58  2592
O16 	14895.1 	0.725431  1  2388.12  2670
O16 	14895.1 	0.259684  1  949.186  4289
O16 	14895.1 	0.21304  1  -4844.29  10457
O16 	14895.1 	0.24528  1  -862.877  6107
O16 	14895.1 	0.283141  1  4830.19  179
O16 	14895.1 	0.294243  1  -1626.53  7069
O16 	14895.1 	2.6001  1  -3295.55  8736
O16 	14895.1 	0.246318  1  -3242.25  8700
O16 	14895.1 	0.277905  1  -3112.56  8490
O16 	14895.1 	0.307479  1  -717.046  6238
O16 	14895.1 	0.296433  1  -1339.54  6545
O16 	14895.1 	0.19649  1  -3895.79  9158
O16 	14895.1 	0.253559  1  -3287.25  8837
O16 	14895.1 	0.215639  1  3094.99  1978
O16 	14895.1 	0.24467  1  -3398.42  8724
O16 	14895.1 	0.271597  1  3350.33  1762
O16 	14895.1 	0.236508  1  -3139.4  8623
O16 	14895.1 	0.230662  1  -4279.68  9689
O16 	14895.1 	0.250691  1  2282.66  2883
O16 	14895.1 	0.20805  1  3389.52  1704
O16 	14895.1 	0.199605  1  -4153.14  9770
O16 	14895.1 	0.269327  1  -508.056  5818
O16 	14895.1 	0.226126  1  -3004.31  8558
O16 	14895.1 	2.01135  1  -4290.64  9860
O16 	14895.1 	1.18298  1  -1990.06  7365
O16 	14895.1 	0.242883  1  -4581.42  10044
O16 	14895.1 	0.31287  1  1678.11  3542
O16 	14895.1 	0.20436  1  -3404.5  9011
O16 	14895.1 	3.53119  1  -2962.14  8348
O16 	14895.1 	0.367146  1  -385.362  5670
O16 	14895.1 	0.404559  1  2293.01  2862
O16 	14895.1 	0.240045  1  4935.04  57
O16 	14895.1 	0.808486  1  -4065.54  9509
O16 	14895.1 	0.436659  1  -4707.25  10067
O16 	14895.1 	0.788685  1  3236.66  1839
O16 	14895.1 	0.201799  1  43.1724  5303
O16 	14895.1 	0.194703  1  -3310.54  8775
O16 	14895.1 	0.27427  1  4989.82  12
O16 	14895.1 	0.499402  1  -2240.54  7648
O16 	14895.1 	0.431555  1  618.338  4579
O16 	14895.1 	0.240882  1  -2011.84  7412
O16 	14895.1 	0.347868  1  -1746.8  7020
O16 	14895.1 	1.36971  1  -764.645  6011
O16 	14895.1 	0.447105  1  -242.15  5567
O16 	14895.1 	0.292586  1  835.259  4349
O16 	14895.1 	1.68928  1  -2354.05  7676
O16 	14895.1 	0.679076  1  -1164.22  6583
O16 	14895.1 	0.191933  1  918.484  4307
O16 	14895.1 	0.593514  1  -4529.46  10072
O16 	14895.1 	0.225375  1  -4234.33  9870
O16 	14895.1 	0.309681  1  979.363  4115
O16 	14895.1 	0.211622  1  4693.04  321
O16 	14895.1 	0.251421  1  -1530.47  6816
O16 	14895.1 	0.261373  1  -3580.25  8978
O16 	14895.1 	0.219886  1  2942.3  2215
O16 	14895.1 	0.418598  1  746.253  4555
O16 	14895.1 	0.449771  1  -1.55863  5270
O16 	14895.1 	0.310886  1  -2526.96  7987
O16 	14895.1 	1.32247  1  -4219.42  9547
O16 	14895.1 	0.452349  1  -4279.94  9646
O16 	14895.1 	0.21616  1  1846.74  3250
O16 	14895.1 	0.313434  1  3670.73  1355
O16 	14895.1 	0.481919  1  1523.43  3714
O16 	14895.1 	0.344571  1  114.094  5156
O16 	14895.1 	0.20796  1  612.2  4558
O16 	14895.1 	0.2348  1  -2503.67  7877
O16 	14895.1 	1.0378  1  1253.69  3984
O16 	14895.1 	0.46742  1  -4866.48  10373
O16 	14895.1 	0.366469  1  175.398  5069
O16 	14895.1 	0.309013  1  443.784  4823
O16 	14895.1 	0.37554  1  -4464.25  10069
O16 	14895.1 	0.192968  1  -342.211  5683
O16 	14895.1 	0.502304  1  4179.21  844
O16 	14895.1 	0.217892  1  -1187.09  6389
O16 	14895.1 	0.41168  1  2170.61  2964
O16 	14895.1 	0.23108  1  -2938.25  8218
O16 	14895.1 	0.225219  1  -726.001  6009
O16 	14895.1 	0.288953  1  432.804  4813
O16 	14895.1 	1.07126  1  -3302.46  8718
O16 	14895.1 	0.502521  1  4792  229
O16 	14895.1 	0.196191  1  -3677.87  9071
O16 	14895.1 	0.206796  1  26.855  5138
O16 	14895.1 	0.298119  1  -3225.85  8494
O16 	14895.1 	0.246368  1  1416.72  3749
O16 	14895.1 	0.402596  1  716.882  4560
O16 	14895.1 	0.279093  1  -2633.73  7972
O16 	14895.1 	0.204975  1  -1132.34  6445
O16 	14895.1 	0.210471  1  -3590.82  9107
O16 	14895.1 	0.20259  1  -2425.72  7778
O16 	14895.1 	0.214802  1  2684.31  2432
O16 	14895.1 	0.270446  1  -1615.01  7136
O16 	14895.1 	0.316998  1  865.867  4325
O16 	14895.1 	0.243463  1  3902.67  1144
O16 	14895.1 	0.581807  1  -698.288  5901
O16 	14895.1 	0.267126  1  -1684.02  7123
O16 	14895.1 	0.301074  1  -4694.93  10150
O16 	14895.1 	0.507615  1  2508.35  2617
O16 	14895.1 	0.332082  1  534.845  4717
O16 	14895.1 	0.547336  1  2014.32  3149
O16 	14895.1 	0.219472  1  3141.8  1935
O16 	14895.1 	0.54553  1  1865.64  3276
O16 	14895.1 	0.259458  1  -1686.78  7087
O16 	14895.1 	0.602552  1  -2518.58  7993
O16 	14895.1 	0.245161  1  3006.32  2054
O16 	14895.1 	0.336309  1  1653.51  3473
O16 	14895.1 	0.212836  1  1453.27  3816
O16 	14895.1 	0.599397  1  -3178.77  8582
O16 	14895.1 	0.284583  1  1332.07  3820
O16 	14895.1 	0.250301  1  -4998.63  10446
O16 	14895.1 	2.41557  1  499.091  4820
O16 	14895.1 	0.2223  1  -3571.89  9137
O16 	14895.1 	0.482386  1  570.08  4715
O16 	14895.1 	0.268562  1  3278.04  1796
O16 	14895.1 	0.345058  1  2018.57  3289
O16 	14895.1 	0.484142  1  -2018.13  7437
O16 	14895.1 	0.523625  1  2544.72  2499
O16 	14895.1 	0.275638  1  -1019.72  6306
O16 	14895.1 	0.215712  1  -4394.92  10047
O16 	14895.1 	0.276424  1  -4795.2  10273
O16 	14895.1 	0.535105  1  -2893.9  8336
O16 	14895.1 	0.873264  1  -1152.01  6472
O16 	14895.1 	0.504114  1  2984.94  2132
O16 	14895.1 	0.591883  1  -602.803  5745
O16 	14895.1 	1.45506  1  1626.37  3517
O16 	14895.1 	0.195493  1  -4836.04  10179
O16 	14895.1 	0.241187  1  -561.172  5854
O16 	14895.1 	0.201748  1  -4065.89  9549
O16 	14895.1 	0.189647  1  -841.516  6146
O16 	14895.1 	0.281108  1  1905.83  3333
O16 	14895.1 	0.193396  1  -3137.76  8578
O16 	14895.1 	0.263997  1  1019.63  4164
O16 	14895.1 	0.195483  1  -3882.36  9118
O16 	14895.1 	0.407593  1  -2198.1  7571
O16 	14895.1 	0.237144  1  -2760.67  8068
O16 	14895.1 	0.202902  1  -1520.71  6762
O16 	14895.1 	0.31134  1  668.83  4578
O16 	14895.1 	0.430494  1  2036.97  3211
O16 	14895.1 	1.23525  1  3737.94  1305
O16 	14895.1 	0.358007  1  2043.17  3116
O16 	14895.1 	0.31703  1  824.028  4475
O16 	14895.1 	0.238809  1  4861.38  159
O16 	14895.1 	0.654296  1  -167.077  5402
O16 	14895.1 	0.194053  1  835.329  4377
O16 	14895.1 	0.30554  1  -3801.06  9239
O16 	14895.1 	0.229081  1  447.044  4856
O16 	14895.1 	0.203348  1  4388.03  643
O16 	14895.1 	1.13092  1  -1399.87  6764
O16 	14895.1 	0.341842  1  -2972.08  8442
O16 	14895.1 	0.203355  1  -170.488  5421
O16 	14895.1 	0.22675  1  3061.52  2095
O16 	14895.1 	0.376613  1  -603.28  5864
O16 	14895.1 	0.775044  1  106.864  5194
O16 	14895.1 	0.200369  1  2436.1  2626
O16 	14895.1 	0.276424  1  978.382  4290
O16 	14895.1 	0.19081  1  1398  3895
O16 	14895.1 	0.241239  1  -1717.61  6924
O16 	14895.1 	0.207467  1  4241.14  785
O16 	14895.1 	0.243385  1  -1526.95  6824
O16 	14895.1 	0.231405  1  4972.18  30
O16 	14895.1 	0.462522  1  -576.137  5946
O16 	14895.1 	2.00684  1  1634.23  3468
O16 	14895.1 	0.242889  1  3073.57  2132
O16 	14895.1 	0.629328  1  4360.93  667
O16 	14895.1 	0.521764  1  -2433.38  7793
O16 	14895.1 	0.481849  1  -1673.09  7149
O16 	14895.1 	0.246506  1  -4337.63  9822
O16 	14895.1 	0.258456  1  4661.7  396
O16 	14895.1 	0.235304  1  3693.27  1409
O16 	14895.1 	0.233725  1  2744.25  2471
O16 	14895.1 	0.296871  1  -1556.13  6875
O16 	14895.1 	0.278059  1  -1093.6  6469
O16 	14895.1 	0.689842  1  513.827  4701
O16 	14895.1 	0.545676  1  1862.76  3164
O16 	14895.1 	0.739765  1  3629.22  1426
O16 	14895.1 	0.264052  1  -555.452  5860
O16 	14895.1 	0.582304  1  1708.99  3489
O16 	14895.1 	0.952224  1  -1807.31  7074
O16 	14895.1 	0.251095  1  123.614  5138
O16 	14895.1 	0.194196  1  -2290.62  7625
O16 	14895.1 	0.213793  1  3435.23  1663
O16 	14895.1 	0.363099  1  -3357.77  8812
O16 	14895.1 	0.190183  1  4099.02  969
O16 	14895.1 	0.412608  1  404.34  4730
O16 	14895.1 	0.205122  1  -3621.16  8951
O16 	14895.1 	0.422693  1  -3267.69  8701
O16 	14895.1 	0.451677  1  1368.35  3774
O16 	14895.1 	0.292482  1  4946.66  70
O16 	14895.1 	0.346244  1  -2003.31  7360
O16 	14895.1 	0.610606  1  -4830.01  10365
O16 	14895.1 	0.814639  1  4434.51  591
O16 	14895.1 	0.472517  1  -117.588  5322
O16 	14895.1 	0.228532  1  2092.48  2984
O16 	14895.1 	2.61942  1  -1505.27  6769
O16 	14895.1 	0.327467  1  3933.63  1090
O16 	14895.1 	0.195847  1  -4359.67  10042
O16 	14895.1 	0.371989  1  502.322  4721
O16 	14895.1 	0.236757  1  -4363.37  9811
O16 	14895.1 	0.202695  1  2286.09  2939
O16 	14895.1 	0.250413  1  -3725.92  9011
O16 	14895.1 	0.336628  1  3624.92  1504
O16 	14895.1 	0.645478  1  2678.61  2459
O16 	14895.1 	0.862101  1  -4893.91  10148
O16 	14895.1 	0.304723  1  -3409.86  8925
O16 	14895.1 	0.234033  1  -4433.81  10065
O16 	14895.1 	0.210117  1  -1705.16  7028
O16 	14895.1 	0.606804  1  240.864  5032
O16 	14895.1 	0.19039  1  -2896.68  8178
O16 	14895.1 	0.235334  1  -2465.78  7745
O16 	14895.1 	0.211752  1  -2357.84  7743
O16 	14895.1 	0.281889  1  -4093.51  9543
O16 	14895.1 	0.203229  1  -446.59  5843
O16 	14895.1 	0.350364  1  -1055.29  6338
O16 	14895.1 	0.340841  1  -4342.65  9940
O16 	14895.1 	0.202778  1  3250.24  1902
O16 	14895.1 	0.207843  1  -3645.6  9100
O16 	14895.1 	0.553495  1  -3565.41  9117
O16 	14895.1 	0.196991  1  1383.2  3699
O16 	14895.1 	0.622416  1  4379.87  639
O16 	14895.1 	0.279108  1  1829.79  3262
O16 	14895.1 	0.220776  1  -1427.57  6743
O16 	14895.1 	0.409985  1  -2368.66  7708
O16 	14895.1 	0.32518  1  -1004.72  6078
O16 	14895.1 	0.24489  1  -1076.89  6424
O16 	14895.1 	0.333555  1  -2520.88  7940
O16 	14895.1 	6.34889  1  -3972.19  9323
O16 	14895.1 	0.271112  1  1098.29  4183
O16 	14895.1 	0.300988  1  3422.59  1655
O16 	14895.1 	0.773753  1  -2201.41  7468
O16 	14895.1 	0.194178  1  2033.17  3109
O16 	14895.1 	0.407748  1  1663.05  3612
O16 	14895.1 	0.18994  1  -649.721  5964
O16 	14895.1 	0.426598  1  -4632.28  10012
O16 	14895.1 	0.214248  1  -2786.64  8188
O16 	14895.1 	0.814011  1  1504.56  3770
O16 	14895.1 	0.366291  1  1899.72  3268
O16 	14895.1 	0.200258  1  1263.92  3810
O16 	14895.1 	0.196552  1  1554.83  3541
O16 	14895.1 	1.00796  1  2640.81  2477
O16 	14895.1 	0.212823  1  3084.58  2014
O16 	14895.1 	0.303805  1  1997.32  3147
O16 	14895.1 	0.271323  1  -1953  7312
O16 	14895.1 	0.283355  1  -3001.44  8341
O16 	14895.1 	0.276065  1  4045.93  1040
O16 	14895.1 	0.273848  1  4301.67  751
O16 	14895.1 	0.298692  1  -1132.59  6601
O16 	14895.1 	0.279129  1  -1153.92  6480
O16 	14895.1 	0.265536  1  629.025  4539
O16 	14895.1 	0.469331  1  -2353.86  7904
O16 	14895.1 	0.27594  1  -3256.88  8775
O16 	14895.1 	0.231303  1  -2742.67  8070
O16 	14895.1 	0.205916  1  4129.19  860
O16 	14895.1 	0.929573  1  -4100.51  9504
O16 	14895.1 	0.357936  1  3030.22  2073
O16 	14895.1 	0.577065  1  -2375.71  7809
O16 	14895.1 	0.229398  1  -4113.88  9609
O16 	14895.1 	0.331629  1  3918.9  1120
O16 	14895.1 	0.290924  1  -4418.32  9886
O16 	14895.1 	0.341094  1  469.219  4738
O16 	14895.1 	0.243717  1  -3398.89  8857
O16 	14895.1 	0.487514  1  2468.43  2733
O16 	14895.1 	0.274872  1  -2155.81  7661
O16 	14895.1 	0.209438  1  -1511.53  6914
O16 	14895.1 	0.256606  1  -2610.28  7953
O16 	14895.1 	0.327516  1  208.313  4935
O16 	14895.1 	0.607267  1  -3595.38  8767
O16 	14895.1 	0.204659  1  -934.695  6217
O16 	14895.1 	0.265878  1  1763.52  3464
O16 	14895.1 	0.225731  1  -2508.6  7779
O16 	14895.1 	0.444457  1  1941.83  3188
O16 	14895.1 	0.212278  1  262.402  4987
O16 	14895.1 	1.61023  1  1629  3567
O16 	14895.1 	0.479249  1  615.103  4687
O16 	14895.1 	0.802421  1  -606.958  5987
O16 	14895.1 	0.201228  1  -2142.26  7530
O16 	14895.1 	0.211138  1  -962.147  6363
O16 	14895.1 	0.543503  1  -2134.57  7537
O16 	14895.1 	0.608905  1  -4428.74  9752
O16 	14895.1 	0.214051  1  -3535  8827
O16 	14895.1 	0.437839  1  1211.59  4044
O16 	14895.1 	0.202895  1  -706.534  6033
O16 	14895.1 	0.246538  1  -3437.85  8760
O16 	14895.1 	0.194666  1  3583.51  1536
O16 	14895.1 	0.738545  1  2850.99  2220
O16 	14895.1 	0.790887  1  -661.833  6001
O16 	14895.1 	0.208773  1  185.912  5023
O16 	14895.1 	0.249206  1  -1036.58  6374
O16 	14895.1 	0.460129  1  2212.29  3014
O16 	14895.1 	0.547949  1  684.226  4633
O16 	14895.1 	0.29955  1  4211.47  809
O16 	14895.1 	0.589352  1  -4240.26  9796
O16 	14895.1 	0.23802  1  -1590.6  6993
O16 	14895.1 	0.294548  1  621.301  4601
O16 	14895.1 	0.406393  1  3363.59  1724
O16 	14895.1 	0.194756  1  -3716.28  9121
O16 	14895.1 	0.276783  1  -1271.75  6656
O16 	14895.1 	0.241393  1  -2999.44  8457
O16 	14895.1 	0.222208  1  -3205.12  8601
O16 	14895.1 	0.383982  1  2928.73  2166
O16 	14895.1 	0.198638  1  -4659.03  10262
O16 	14895.1 	0.203489  1  -4598.77  9957
O16 	14895.1 	0.226114  1  3106.76  1981
O16 	14895.1 	1.71817  1  2929.92  2209
O16 	14895.1 	0.243908  1  -701.177  6046
O16 	14895.1 	1.88296  1  930.702  4210
O16 	14895.1 	0.308052  1  -1728.17  7009
O16 	14895.1 	0.222307  1  -3551.5  9129
O16 	14895.1 	0.499118  1  1618.39  3613
O16 	14895.1 	0.644984  1  3278.42  1794
O16 	14895.1 	1.13399  1  -617.55  5920
O16 	14895.1 	0.314206  1  373.791  5002
O16 	14895.1 	0.333378  1  -686.154  5990
O16 	14895.1 	0.211574  1  1482.26  3653
O16 	14895.1 	1.65323  1  1404.97  3814
O16 	14895.1 	0.255632  1  -3388.13  8931
O16 	14895.1 	0.29844  1  -1213.58  6568
O16 	14895.1 	1.75466  1  -287.046  5565
O16 	14895.1 	0.35353  1  2533.42  2587
O16 	14895.1 	0.41177  1  4330.48  762
O16 	14895.1 	0.227445  1  983.347  4245
O16 	14895.1 	0.230398  1  705.074  4530
O16 	14895.1 	0.304472  1  -836.174  6120
O16 	14895.1 	0.627617  1  2114.99  3044
O16 	14895.1 	0.250518  1  -3308.21  8807
O16 	14895.1 	0.217224  1  -1830.03  7303
O16 	14895.1 	0.304783  1  -536.799  5858
O16 	14895.1 	0.200565  1  3698.17  1397
O16 	14895.1 	0.36271  1  4855.43  156
O16 	14895.1 	0.239682  1  4592.78  393
O16 	14895.1 	0.644166  1  1609.06  3595
O16 	14895.1 	0.237629  1  -746.027  6005
O16 	14895.1 	0.302321  1  2772.24  2341
O16 	14895.1 	0.456872  1  1734.91  3447
O16 	14895.1 	0.194931  1  515.385  4772
O16 	14895.1 	0.278361  1  1152.12  4124
O16 	14895.1 	0.295056  1  -409.623  5798
O16 	14895.1 	0.362321  1  -226.998  5469
O16 	14895.1 	0.263605  1  2118.56  3028
O16 	14895.1 	0.207166  1  12.3653  5213
O16 	14895.1 	0.226036  1  2431.7  2618
O16 	14895.1 	0.23645  1  -3879.34  9281
O16 	14895.1 	0.227979  1  3671.36  1372
O16 	14895.1 	0.234761  1  340.674  4731
O16 	14895.1 	0.402814  1  -4304.37  9897
O16 	14895.1 	0.195878  1  -3191.33  8694
O16 	14895.1 	0.670105  1  -2239.18  7605
O16 	14895.1 	0.338314  1  -3112.2  8631
O16 	14895.1 	0.228765  1  -639.69  5890
O16 	14895.1 	0.201847  1  922.58  4333
O16 	14895.1 	0.265353  1  2834.49  2273
O16 	14895.1 	0.206231  1  2938.61  2229
O16 	14895.1 	0.319579  1  711.253  4511
O16 	14895.1 	0.21377  1  -271.239  5628
O16 	14895.1 	0.321768  1  -2885.27  8159
O16 	14895.1 	1.05843  1  4747.92  255
O16 	14895.1 	1.61522  1  2674.18  2466
O16 	14895.1 	1.24486  1  -863.598  6139
O16 	14895.1 	0.365773  1  4502.23  559
O16 	14895.1 	0.343005  1  -1774.81  7197
O16 	14895.1 	0.324797  1  1187.65  4008
O16 	14895.1 	0.309866  1  -4563.66  10024
O16 	14895.1 	0.432534  1  3510.87  1533
O16 	14895.1 	0.623618  1  -841.522  6266
O16 	14895.1 	0.61728  1  482.807  4622
O16 	14895.1 	0.541654  1  -2345.63  7708
O16 	14895.1 	0.223255  1  -2159.88  7461
O16 	14895.1 	0.472868  1  1492.85  3675
O16 	14895.1 	0.499845  1  -2666.11  8069
O16 	14895.1 	0.234485  1  1086.38  4000
O16 	14895.1 	0.474862  1  713.607  4396
O16 	14895.1 	10.0904  1  1560.46  3569
O16 	14895.1 	0.54787  1  1695.35  3464
O16 	14895.1 	0.364677  1  3609.22  1426
O16 	14895.1 	0.243243  1  -1634.22  7026
O16 	14895.1 	0.247258  1  -4380.37  9986
O16 	14895.1 	0.591209  1  -4511.11  10071
O16 	14895.1 	0.235969  1  538.085  4663
O16 	14895.1 	0.227664  1  -3362.63  8742
O16 	14895.1 	0.815125  1  3614.9  1422
O16 	14895.1 	0.366546  1  395.362  4766
O16 	14895.1 	0.755593  1  1164.25  3962
O16 	14895.1 	0.392307  1  11.475  5285
O16 	14895.1 	0.19904  1  -3382.3  8691
O16 	14895.1 	0.236473  1  4086.29  995
O16 	14895.1 	0.19348  1  2688.01  2483
O16 	14895.1 	0.406956  1  -49.2101  5344
O16 	14895.1 	0.487888  1  -3438.95  9035
O16 	14895.1 	0.563112  1  -1939.74  7269
O16 	14895.1 	0.387986  1  -3884.8  9473
O16 	14895.1 	0.612106  1  -1301.62  6713
O16 	14895.1 	0.196483  1  3434.09  1688
O16 	14895.1 	0.227433  1  233.345  5060
O16 	14895.1 	0.55207  1  4509.66  544
O16 	14895.1 	0.225646  1  1096.06  4184
O16 	14895.1 	0.71338  1  -1862.54  7213
O16 	14895.1 	0.427897  1  -181.393  5435
O16 	14895.1 	0.319302  1  -3616.61  8949
O16 	14895.1 	0.451207  1  -235.089  5574
O16 	14895.1 	0.248497  1  201.737  4911
O16 	14895.1 	0.192343  1  -2397.18  7876
O16 	14895.1 	0.632061  1  4890.13  108
O16 	14895.1 	0.364527  1  4680.3  325
O16 	14895.1 	0.94652  1  3779.16  1342
O16 	14895.1 	0.228778  1  -3197.04  8720
O16 	14895.1 	5.80549  1  -2219.87  7651
O16 	14895.1 	0.470808  1  1724.38  3310
O16 	14895.1 	0.256506  1  -1500.58  6933
O16 	14895.1 	2.35974  1  3097.97  1979
O16 	14895.1 	0.244725  1  -3443.64  8827
O16 	14895.1 	0.312827  1  2406.06  2784
O16 	14895.1 	0.247198  1  -2466.66  7844
O16 	14895.1 	0.293625  1  4760.25  250
O16 	14895.1 	0.206114  1  -1906.5  7388
O16 	14895.1 	0.218598  1  2524.42  2620
O16 	14895.1 	0.274955  1  -3241.9  8676
O16 	14895.1 	0.797983  1  -3032.12  8681
O16 	14895.1 	0.306208  1  2899.62  2160
O16 	14895.1 	0.288483  1  -2915.11  8231
O16 	14895.1 	0.248187  1  -3913.5  9384
O16 	14895.1 	0.94259  1  -1387.8  6728
O16 	14895.1 	0.411751  1  -4774.49  10345
O16 	14895.1 	0.421438  1  3116.98  1961
O16 	14895.1 	0.33674  1  -1430.33  6814
O16 	14895.1 	0.189218  1  502.521  4801
O16 	14895.1 	0.567538  1  -4974.06  10385
O16 	14895.1 	1.03917  1  -3909.19  9425
O16 	14895.1 	0.224131  1  -3544.43  9007
O16 	14895.1 	0.193683  1  -1033.78  6301
O16 	14895.1 	0.290784  1  -2089.24  7500
O16 	14895.1 	1.49328  1  2516.76  2662
O16 	14895.1 	0.36312  1  -2142.32  7489
O16 	14895.1 	0.250964  1  73.7535  5091
O16 	14895.1 	2.34537  1  1246.64  3884
O16 	14895.1 	0.47025  1  4298.01  753
O16 	14895.1 	0.509289  1  980.015  4239
O16 	14895.1 	0.305048  1  -1827.39  7184
O16 	14895.1 	0.366068  1  -334.958  5801
O16 	14895.1 	2.09837  1  2032.48  3115
O16 	14895.1 	0.256074  1  -360.65  5640
O16 	14895.1 	0.857196  1  -4543.03  10224
O16 	14895.1 	1.2185  1  354.535  4859
O16 	14895.1 	1.50057  1  985.416  4182
O16 	14895.1 	0.18886  1  3660.48  1403
O16 	14895.1 	0.689808  1  2699.83  2377
O16 	14895.1 	0.383507  1  4463.23  564
O16 	14895.1 	0.547482  1  -254.49  5443
O16 	14895.1 	0.244862  1  3545.8  1518
O16 	14895.1 	0.208559  1  -3382.53  8728
O16 	14895.1 	1.11718  1  -2979.77  8442
O16 	14895.1 	0.24644  1  4106.5  978
O16 	14895.1 	0.198002  1  -993.483  6230
O16 	14895.1 	0.865743  1  612.636  4624
O16 	14895.1 	0.258233  1  3782.29  1228
O16 	14895.1 	0.244846  1  463.695  4773
O16 	14895.1 	0.267251  1  2198.6  2946
O16 	14895.1 	0.253167  1  -2.6692  5296
O16 	14895.1 	0.254815  1  -1233.07  6517
O16 	14895.1 	0.222838  1  -3860.19  9455
O16 	14895.1 	0.369087  1  -4833.72  10241
O16 	14895.1 	0.350016  1  3189.02  1903
O16 	14895.1 	0.323216  1  959.221  4238
O16 	14895.1 	0.222668  1  -549.326  5751
O16 	14895.1 	0.283386  1  -34.347  5348
O16 	14895.1 	1.02103  1  371.315  4866
O16 	14895.1 	0.770723  1  4771.89  248
O16 	14895.1 	0.411983  1  40.465  5170
O16 	14895.1 	0.209398  1  -678.291  5868
O16 	14895.1 	0.603069  1  -1156.42  6564
O16 	14895.1 	0.409326  1  2619.36  2502
O16 	14895.1 	0.633579  1  -454.204  5807
O16 	14895.1 	0.896595  1  -391.129  5664
O16 	14895.1 	0.344703  1  3559.39  1578
O16 	14895.1 	1.43086  1  4023.06  1036
O16 	14895.1 	0.577691  1  1021.18  4177
O16 	14895.1 	0.258966  1  321.448  5154
O16 	14895.1 	0.425478  1  -941.695  6308
O16 	14895.1 	0.440176  1  3167.77  1971
O16 	14895.1 	0.308154  1  3473.64  1613
O16 	14895.1 	0.798015  1  -2049.27  7421
O16 	14895.1 	0.548629  1  -620.293  5876
O16 	14895.1 	0.58545  1  3591.56  1494
O16 	14895.1 	0.251112  1  364.833  4838
O16 	14895.1 	0.713719  1  -2637.41  7901
O16 	14895.1 	0.699792  1  4664.16  389
O16 	14895.1 	0.393895  1  3557.27  1488
O16 	14895.1 	0.263545  1  2001.31  3195
O16 	14895.1 	0.709488  1  -3316.18  8609
O16 	14895.1 	0.395236  1  2219.61  2811
O16 	14895.1 	0.243376  1  -1073.21  6307
O16 	14895.1 	0.262883  1  -2672.71  8201
O16 	14895.1 	0.262779  1  -3322.68  8749
O16 	14895.1 	0.376988  1  1931.3  3318
O16 	14895.1 	0.389766  1  -492.141  5801
O16 	14895.1 	0.937104  1  -52.727  5197
O16 	14895.1 	0.353435  1  -1561.15  6925
O16 	14895.1 	3.78182  1  996.045  4079
O16 	14895.1 	0.252919  1  2900.98  2227
O16 	14895.1 	0.33619  1  -1831.79  7159
O16 	14895.1 	0.501639  1  -1093.25  6386
O16 	14895.1 	0.348503  1  -4158.78  9446
O16 	14895.1 	0.316385  1  -838.824  6065
O16 	14895.1 	0.268413  1  195.672  5029
O16 	14895.1 	0.543365  1  -1195.72  6490
O16 	14895.1 	0.21847  1  95.3541  5249
O16 	14895.1 	0.280773  1  746.3  4479
O16 	14895.1 	0.520653  1  -4391.97  9922
O16 	14895.1 	0.209641  1  -4907.73  10347
O16 	14895.1 	0.295231  1  -1987.54  7248
O16 	14895.1 	0.316229  1  1028.29  4128
O16 	14895.1 	0.528399  1  2215.96  2867
O16 	14895.1 	0.194059  1  1456.62  3780
O16 	14895.1 	0.537958  1  -1296.05  6703
O16 	14895.1 	0.919707  1  -2760.1  8204
O16 	14895.1 	0.476688  1  2150.33  3013
O16 	14895.1 	0.246464  1  -4493.9  9890
O16 	14895.1 	0.543767  1  -3695.91  9179
O16 	14895.1 	0.302939  1  1425.27  3760
O16 	14895.1 	0.257373  1  -1690.45  7008
O16 	14895.1 	0.30058  1  -3118.52  8541
O16 	14895.1 	0.213608  1  4835.57  137
O16 	14895.1 	0.232471  1  1195.81  3980
O16 	14895.1 	0.246878  1  -575.83  5953
O16 	14895.1 	1.43782  1  4858.56  147
O16 	14895.1 	0.284229  1  -3837.47  9240
O16 	14895.1 	0.292028  1  3153.65  1984
O16 	14895.1 	0.193525  1  -4798.5  10383
O16 	14895.1 	0.494099  1  43.7028  5254
O16 	14895.1 	0.371646  1  -3524.89  9129
O16 	14895.1 	0.358452  1  4019.71  1007
O16 	14895.1 	0.343858  1  -2363.68  7767
O16 	14895.1 	0.331753  1  -2961.36  8424
O16 	14895.1 	0.21068  1  -3845.24  9397
O16 	14895.1 	0.201368  1  3039.53  2010
O16 	14895.1 	0.305507  1  3842.44  1257
O16 	14895.1 	0.252222  1  2360.12  2773
O16 	14895.1 	0.456397  1  -4648.7  9967
O16 	14895.1 	0.477814  1  4916.47  85
O16 	14895.1 	0.204294  1  -339.499  5373
O16 	14895.1 	0.211862  1  2124.94  2991
O16 	14895.1 	0.704924  1  2652.41  2397
O16 	14895.1 	1.15416  1  -2891.75  8263
O16 	14895.1 	0.256791  1  -4629.36  9931
O16 	14895.1 	0.625727  1  2826.62  2329
O16 	14895.1 	0.215101  1  2402.15  2736
O16 	14895.1 	0.217926  1  -763.945  6062
O16 	14895.1 	0.230827  1  -3574.38  8968
O16 	14895.1 	0.458904  1  3027.58  1982
O16 	14895.1 	0.873522  1  -221.083  5511
O16 	14895.1 	0.969995  1  -4487.01  9976
O16 	14895.1 	0.297895  1  1041.11  4168
O16 	14895.1 	0.481003  1  -1115.1  6486
O16 	14895.1 	0.20916  1  -191.985  5404
O16 	14895.1 	0.2141  1  2213.21  2915
O16 	14895.1 	0.388018  1  -2448.22  7933
O16 	14895.1 	0.438465  1  665.98  4646
O16 	14895.1 	3.50981  1  4566.63  453
O16 	14895.1 	0.512755  1  935.497  4241
O16 	14895.1 	0.191554  1  -4113.27  9669
O16 	14895.1 	0.482425  1  1144.26  4030
O16 	14895.1 	0.316769  1  941.087  4247
O16 	14895.1 	0.810063  1  4042.01  1025
O16 	14895.1 	0.230031  1  -752.165  6051
O16 	14895.1 	0.190683  1  -1034.13  6298
O16 	14895.1 	0.20799  1  -2260.41  7716
O16 	14895.1 	0.302949  1  44.1927  5200
O16 	14895.1 	0.242839  1  4654.2  353
O16 	14895.1 	0.317182  1  -4027.2  9495
O16 	14895.1 	0.234184  1  -1963.58  7211
O16 	14895.1 	0.272489  1  1706.08  3475
O16 	14895.1 	0.252362  1  880.413  4406
O16 	14895.1 	0.291526  1  -1612.43  6910
O16 	14895.1 	0.303344  1  1415.02  3676
O16 	14895.1 	0.44876  1  804.795  4430
O16 	14895.1 	0.218213  1  1833.01  3248
O16 	14895.1 	0.221621  1  -3430.77  8817
O16 	14895.1 	0.336688  1  3349.7  1757
O16 	14895.1 	0.239685  1  -1721.94  7075
O16 	14895.1 	0.213889  1  -3362.69  9036
O16 	14895.1 	4.57691  1  -156.363  5441
O16 	14895.1 	0.340169  1  4909.55  105
O16 	14895.1 	0.240805  1  -2057.12  7366
O16 	14895.1 	0.930361  1  3904.8  1164
O16 	14895.1 	0.205448  1  -2445.32  7793
O16 	14895.1 	0.474042  1  -3827.43  9284
O16 	14895.1 	0.411334  1  4334.71  749
O16 	14895.1 	0.355112  1  -207.558  5562
O16 	14895.1 	0.372549  1  4503.84  488
O16 	14895.1 	0.647689  1  -4153.62  9582
O16 	14895.1 	1.73609  1  -4007.09  9431
O16 	14895.1 	0.552353  1  -1983  7297
O16 	14895.1 	0.613966  1  1565.45  3543
O16 	14895.1 	0.248091  1  -148.051  5472
O16 	14895.1 	1.24739  1  -1202.94  6571
O16 	14895.1 	0.211561  1  -2865.36  8357
O16 	14895.1 	0.231318  1  1812.38  3409
O16 	14895.1 	0.233019  1  707.133  4522
O16 	14895.1 	0.213795  1  2764.53  2321
O16 	14895.1 	0.215929  1  1261.04  3872
O16 	14895.1 	0.205727  1  -3620.89  8969
O16 	14895.1 	0.21921  1  2601.98  2558
O16 	14895.1 	0.294989  1  4743.03  291
O16 	14895.1 	0.754583  1  1472.29  3669
O16 	14895.1 	0.785356  1  -937.429  6142
O16 	14895.1 	0.194921  1  3556  1510
O16 	14895.1 	0.332835  1  -2845.77  8298
O16 	14895.1 	0.210981  1  -2186.7  7467
O16 	14895.1 	0.188213  1  3557.22  1509
O16 	14895.1 	0.192014  1  -574.724  5848
O16 	14895.1 	0.285517  1  3603.08  1428
O16 	14895.1 	0.685519  1  1921.43  3313
O16 	14895.1 	0.43075  1  4798  209
O16 	14895.1 	0.750182  1  1472.26  3821
O16 	14895.1 	1.43339  1  1102.53  4235
O16 	14895.1 	0.199433  1  -4080.6  9517
O16 	14895.1 	0.387974  1  210.904  4939
O16 	14895.1 	0.269134  1  4358.71  689
O16 	14895.1 	0.585589  1  3794.85  1353
O16 	14895.1 	3.92577  1  -2683.34  8092
O16 	14895.1 	0.409495  1  -1703.54  6950
O16 	14895.1 	0.358648  1  -1862.51  7263
O16 	14895.1 	0.296937  1  1766.72  3469
O16 	14895.1 	0.205063  1  3886.87  1134
O16 	14895.1 	0.208961  1  -299.729  5485
O16 	14895.1 	0.196647  1  -2649.09  8029
O16 	14895.1 	0.427386  1  -3051.77  8486
O16 	14895.1 	0.217147  1  -1022.82  6265
O16 	14895.1 	0.485334  1  -1992.46  7437
O16 	14895.1 	0.395083  1  -2860.86  8129
O16 	14895.1 	0.756834  1  -4176.27  9747
O16 	14895.1 	0.245214  1  -998.429  6240
O16 	14895.1 	0.385235  1  465.955  4941
O16 	14895.1 	0.32708  1  -393.631  5614
O16 	14895.1 	0.245753  1  -3336.22  8800
O16 	14895.1 	0.297658  1  2976.8  2110
O16 	14895.1 	0.309415  1  3221.03  1825
O16 	14895.1 	0.188843  1  -1839.13  7171
O16 	14895.1 	0.18818  1  -4804.41  10464
O16 	14895.1 	0.292061  1  -1777.53  7162
O16 	14895.1 	0.543524  1  -3048.11  8284
O16 	14895.1 	0.464323  1  797.159  4495
O16 	14895.1 	0.253695  1  1892.36  3288
O16 	14895.1 	0.459315  1  -216.938  5259
O16 	14895.1 	0.504313  1  3181.3  1834
O16 	14895.1 	0.293355  1  -4036.65  9395
O16 	14895.1 	0.249848  1  -2947.56  8313
O16 	14895.1 	0.411463  1  -3402.35  8702
O16 	14895.1 	0.205447  1  4590.28  399
O16 	14895.1 	0.34572  1  -2363.49  7744
O16 	14895.1 	1.71003  1  772.843  4502
O16 	14895.1 	0.27462  1  549.701  4681
O16 	14895.1 	0.443203  1  2735.11  2438
O16 	14895.1 	0.883147  1  -4725.47  10225
O16 	14895.1 	0.247468  1  4942.35  68
O16 	14895.1 	0.578143  1  -3212.73  8601
O16 	14895.1 	0.262357  1  -4132.78  9506
O16 	14895.1 	0.771418  1  4323.63  703
O16 	14895.1 	0.380596  1  -193.406  5339
O16 	14895.1 	0.337231  1  -717.238  5935
O16 	14895.1 	0.227813  1  3425.04  1656
O16 	14895.1 	0.286312  1  -1889.54  7161
O16 	14895.1 	1.77258  1  3707.93  1361
O16 	14895.1 	0.336691  1  1541.42  3696
O16 	14895.1 	0.291474  1  4792.22  193
O16 	14895.1 	0.188483  1  4635.08  409
O16 	14895.1 	0.444846  1  -892.681  6247
O16 	14895.1 	0.213903  1  4879.16  127
O16 	14895.1 	0.707338  1  -4794.07  10174
O16 	14895.1 	0.23575  1  1076.18  4176
O16 	14895.1 	1.07302  1  1957.9  3217
O16 	14895.1 	0.32059  1  4125.19  918
O16 	14895.1 	0.310536  1  -1959.34  7317
O16 	14895.1 	0.428852  1  -1885.15  7342
O16 	14895.1 	0.308657  1  3099.33  2047
O16 	14895.1 	1.79277  1  -3226.32  8605
O16 	14895.1 	0.239858  1  -4675.98  10157
O16 	14895.1 	0.221998  1  1865.17  3378
O16 	14895.1 	0.801187  1  337.528  4876
O16 	14895.1 	0.242973  1  1844.91  3257
O16 	14895.1 	0.27147  1  1409.19  3726
O16 	14895.1 	0.229291  1  3506.58  1581
O16 	14895.1 	0.494027  1  -1138.7  6446
O16 	14895.1 	0.244532  1  -1196.87  6489
O16 	14895.1 	0.302336  1  3335.32  1787
O16 	14895.1 	0.292505  1  2485.63  2653
O16 	14895.1 	0.231057  1  -2092.93  7561
O16 	14895.1 	0.424517  1  -1345.88  6652
O16 	14895.1 	0.477216  1  3832.4  1233
O16 	14895.1 	1.15231  1  1099.35  4288
O16 	14895.1 	0.195918  1  187.893  5038
O16 	14895.1 	0.30062  1  -1528.06  6898
O16 	14895.1 	0.839421  1  1846.94  3309
O16 	14895.1 	0.317014  1  4668.56  355
O16 	14895.1 	0.293615  1  3245.21  1858
O16 	14895.1 	0.237514  1  910.352  4269
O16 	14895.1 	1.03173  1  -4405.06  9766
O16 	14895.1 	0.285099  1  2612  2538
O16 	14895.1 	0.564729  1  1397.78  3715
O16 	14895.1 	0.210941  1  -3881.44  9254
O16 	14895.1 	0.750251  1  4492.13  522
O16 	14895.1 	1.02756  1  -307.777  5466
O16 	14895.1 	0.255992  1  -4648.61  10082
O16 	14895.1 	0.214808  1  -4008.64  9577
O16 	14895.1 	0.607815  1  1880.19  3256
O16 	14895.1 	0.295295  1  -2194.99  7530
O16 	14895.1 	0.18864  1  -3364.99  8742
O16 	14895.1 	1.60806  1  106.168  5154
O16 	14895.1 	0.304459  1  2161.58  2978
O16 	14895.1 	0.549891  1  3691.48  1420
O16 	14895.1 	0.259936  1  -175.703  5408
O16 	14895.1 	0.445256  1  4097.48  945
O16 	14895.1 	0.694401  1  -1384.13  6580
O16 	14895.1 	0.61887  1  -4191.67  9713
O16 	14895.1 	0.553171  1  -4208.98  9731
O16 	14895.1 	0.611879  1  4396.07  604
O16 	14895.1 	0.341387  1  -3590.05  8999
O16 	14895.1 	0.20962  1  -1634.57  6939
O16 	14895.1 	0.193432  1  2850.23  2270
O16 	14895.1 	0.408332  1  -2365.15  7834
O16 	14895.1 	0.268458  1  -24.8873  5280
O16 	14895.1 	0.282561  1  -2387.28  7903
O16 	14895.1 	1.17982  1  -3331.39  8685
O16 	14895.1 	0.458936  1  4739.4  289
O16 	14895.1 	0.314651  1  -2039.48  7569
O16 	14895.1 	0.248407  1  -1642.45  6998
O16 	14895.1 	0.309405  1  -2505.55  7740
O16 	14895.1 	0.29317  1  4633.77  358
O16 	14895.1 	2.66463  1  -4795.08  10414
O16 	14895.1 	0.459802  1  -4962.76  10547
O16 	14895.1 	0.517936  1  4786.33  216
O16 	14895.1 	0.528644  1  1290.7  3885
O16 	14895.1 	0.399843  1  -3708.5  9132
O16 	14895.1 	0.20412  1  1949.66  3305
O16 	14895.1 	0.316754  1  -2715.38  8183
O16 	14895.1 	0.734963  1  -1906.18  7406
O16 	14895.1 	0.320756  1  -912.977  6226
O16 	14895.1 	0.243876  1  4854.3  155
O16 	14895.1 	0.294354  1  -2153.61  7526
O16 	14895.1 	0.218958  1  4906.55  97
O16 	14895.1 	0.198699  1  1952.42  3099
O16 	14895.1 	0.228489  1  -2979.03  8398
O16 	14895.1 	0.997957  1  429.744  4821
O16 	14895.1 	0.569652  1  427.265  4824
O16 	14895.1 	1.69648  1  -2226.91  7740
O16 	14895.1 	0.358771  1  -2271.87  7621
O16 	14895.1 	0.347789  1  299.336  4911
O16 	14895.1 	0.53721  1  4709.82  314
O16 	14895.1 	0.222356  1  641.636  4602
O16 	14895.1 	0.291129  1  -2378.45  7816
O16 	14895.1 	0.266996  1  -4246.35  9871
O16 	14895.1 	0.356909  1  -4636.85  10076
O16 	14895.1 	0.643106  1  -1206.11  6558
O16 	14895.1 	0.359884  1  1494.15  3638
O16 	14895.1 	0.242231  1  3111.2  2060
O16 	14895.1 	0.259984  1  -2648.02  7971
O16 	14895.1 	0.406465  1  -1087  6454
O16 	14895.1 	1.11167  1  -4321.34  9820
O16 	14895.1 	0.310581  1  2289.4  2915
O16 	14895.1 	0.207009  1  3883.44  1229
O16 	14895.1 	0.354191  1  2746.16  2447
O16 	14895.1 	0.413663  1  1932.4  3373
O16 	14895.1 	0.273246  1  816.318  4550
O16 	14895.1 	0.423158  1  -2583.75  8024
O16 	14895.1 	3.63311  1  -2547.79  8039
O16 	14895.1 	0.315988  1  -577.888  5921
O16 	14895.1 	0.467998  1  -643.315  5975
O16 	14895.1 	0.904414  1  -981.001  6202
O16 	14895.1 	0.308233  1  -2709.4  8168
O16 	14895.1 	0.204482  1  -2499.7  7865
O16 	14895.1 	0.613824  1  -2736.39  8228
O16 	14895.1 	0.309916  1  -3721.82  9041
O16 	14895.1 	0.377628  1  -2867.72  8216
O16 	14895.1 	4.69807  1  -4798.46  10246
O16 	14895.1 	0.344826  1  -2724.66  8117
O16 	14895.1 	0.304141  1  -1102.76  6374
O16 	14895.1 	0.215171  1  -1530.1  6857
O16 	14895.1 	0.448217  1  -2941.91  8341
O16 	14895.1 	0.257071  1  -4087.6  9499
O16 	14895.1 	0.404697  1  3637.46  1391
O16 	14895.1 	0.816379  1  1434.64  3706
O16 	14895.1 	0.625993  1  -271.024  5565
O16 	14895.1 	0.29692  1  -590.292  5902
O16 	14895.1 	0.189448  1  770.482  4348
O16 	14895.1 	0.211137  1  -476.515  5677
O16 	14895.1 	0.293468  1  -3703.87  9088
O16 	14895.1 	0.282754  1  -3122.71  8412
O16 	14895.1 	0.199537  1  -3285.17  8563
O16 	14895.1 	0.47805  1  761.81  4468
O16 	14895.1 	0.316844  1  3420.65  1707
O16 	14895.1 	0.212015  1  -4432.91  10001
O16 	14895.1 	0.23337  1  460.088  4798
O16 	14895.1 	0.465095  1  2679.13  2481
O16 	14895.1 	0.205317  1  -3395.83  8881
O16 	14895.1 	0.444734  1  -2164.03  7453
O16 	14895.1 	0.329347  1  -2985.89  8378
O16 	14895.1 	0.192599  1  -3594.36  8950
O16 	14895.1 	0.336807  1  2015.66  3096
O16 	14895.1 	0.199309  1  -2286.94  7626
O16 	14895.1 	0.351632  1  1524.14  3678
O16 	14895.1 	0.265966  1  -917.949  6105
O16 	14895.1 	0.40509  1  -1439.82  6642
O16 	14895.1 	0.353455  1  -4192.33  9616
O16 	14895.1 	0.319172  1  1122.13  4085
O16 	14895.1 	0.205363  1  -1758.76  7194
O16 	14895.1 	0.345781  1  4008.79  1061
O16 	14895.1 	0.204182  1  2979.77  2122
O16 	14895.1 	0.359149  1  1252.39  3994
O16 	14895.1 	0.47839  1  -4804  10368
O16 	14895.1 	0.285104  1  2276.48  2972
O16 	14895.1 	0.437483  1  4152.67  903
O16 	14895.1 	0.406415  1  -740.225  6037
O16 	14895.1 	1.4336  1  2085.86  2971
O16 	14895.1 	0.62009  1  3286.4  1838
O16 	14895.1 	0.740696  1  -3661.24  9086
O16 	14895.1 	0.20351  1  4955.1  41
O16 	14895.1 	0.202763  1  3420.3  1639
O16 	14895.1 	0.685457  1  3357.96  1697
O16 	14895.1 	0.426047  1  -321.52  5503
O16 	14895.1 	0.220236  1  -4081.77  9471
O16 	14895.1 	0.279967  1  -3571.48  9013
O16 	14895.1 	0.278064  1  -4451.08  9935
O16 	14895.1 	0.523708  1  3278.35  1843
O16 	14895.1 	0.56848  1  -4086.31  9790
O16 	14895.1 	0.268505  1  -2664.62  8049
O16 	14895.1 	0.284382  1  2374.34  2682
O16 	14895.1 	1.6244  1  -4259.33  9896
O16 	14895.1 	0.243958  1  2213.04  2953
O16 	14895.1 	0.261826  1  3043.02  2094
O16 	14895.1 	0.370294  1  -1483.87  6949
O16 	14895.1 	0.315452  1  -4586.56  10008
O16 	14895.1 	0.257628  1  3914.56  1129
O16 	14895.1 	0.231864  1  1247.22  3966
O16 	14895.1 	0.298011  1  -3674.37  8998
O16 	14895.1 	1.7474  1  -1035.97  6377
O16 	14895.1 	0.236633  1  -2279.61  7759
O16 	14895.1 	0.364399  1  4862.91  164
O16 	14895.1 	0.316416  1  -3600.32  9196
O16 	14895.1 	0.192244  1  -1698.35  6926
O16 	14895.1 	0.257647  1  -1874.24  7319
O16 	14895.1 	0.217954  1  -4742  10414
O16 	14895.1 	0.201677  1  13.1774  5313
O16 	14895.1 	2.42312  1  2621.24  2496
O16 	14895.1 	0.299696  1  -4072.23  9470
O16 	14895.1 	0.197608  1  713.363  4450
O16 	14895.1 	0.212701  1  -565.345  5718
O16 	14895.1 	0.419389  1  3743.72  1362
O16 	14895.1 	0.479819  1  -1852.46  7153
O16 	14895.1 	0.215409  1  -1001.84  6210
O16 	14895.1 	0.256736  1  -3167.18  8630
O16 	14895.1 	0.208896  1  4494.15  519
O16 	14895.1 	0.301211  1  -401.951  5686
O16 	14895.1 	0.630679  1  -4565.11  10046
O16 	14895.1 	0.215894  1  -2534.57  7980
O16 	14895.1 	0.224291  1  2626.95  2507
O16 	14895.1 	1.12336  1  -3541.22  9031
O16 	14895.1 	0.197955  1  -66.4999  5296
O16 	14895.1 	0.191006  1  3342.31  1669
O16 	14895.1 	0.376826  1  2776.76  2218
O16 	14895.1 	0.205049  1  -2760.24  8104
O16 	14895.1 	0.211625  1  503.446  4622
O16 	14895.1 	0.51161  1  3730.23  1360
O16 	14895.1 	0.225006  1  -4887.19  10132
O16 	14895.1 	0.207157  1  -2956.19  8454
O16 	14895.1 	0.784591  1  -1870.79  7033
O16 	14895.1 	0.258599  1  -3100.5  8302
O16 	14895.1 	0.57802  1  249.728  5062
O16 	14895.1 	0.248229  1  950.094  4265
O16 	14895.1 	0.188265  1  4304.02  788
O16 	14895.1 	0.232465  1  -3211.1  8653
O16 	14895.1 	0.260258  1  -2248.42  7669
O16 	14895.1 	0.392901  1  3357  1728
O16 	14895.1 	1.98754  1  2512.35  2614
O16 	14895.1 	0.233095  1  4999.66  2
O16 	14895.1 	0.407087  1  -2660.44  7985
O16 	14895.1 	1.90287  1  -4780.99  10369
O16 	14895.1 	1.06078  1  -2566.75  7931
O16 	14895.1 	0.797362  1  1814.97  3352
O16 	14895.1 	0.264913  1  3263.09  1840
O16 	14895.1 	0.189823  1  -1869.05  7254
O16 	14895.1 	0.190317  1  4868.66  151
O16 	14895.1 	0.399186  1  -851.383  6216
O16 	14895.1 	0.655168  1  -983.226  6285
O16 	14895.1 	0.306831  1  -3132.09  8523
O16 	14895.1 	0.219065  1  3332.2  1766
O16 	14895.1 	2.00084  1  -782.885  5951
O16 	14895.1 	0.209205  1  1559.92  3660
O16 	14895.1 	0.261422  1  3807.29  1281
O16 	14895.1 	0.274169  1  3382.45  1727
O16 	14895.1 	0.418051  1  -11.9052  5140
O16 	14895.1 	0.608745  1  1151.41  3955
O16 	14895.1 	0.503385  1  2359.69  2795
O16 	14895.1 	0.19049  1  -2876.77  8237
O16 	14895.1 	0.367058  1  -606.4  5779
O16 	14895.1 	1.6685  1  4461.78  614
O16 	14895.1 	0.210302  1  2086.6  3023
O16 	14895.1 	0.236542  1  -3048.62  8471
O16 	14895.1 	0.28978  1  516.354  4658
O16 	14895.1 	0.19104  1  212.481  4938
O16 	14895.1 	2.76487  1  -446.323  5650
O16 	14895.1 	0.229432  1  822.587  4408
O16 	14895.1 	0.52785  1  -3229.64  8614
O16 	14895.1 	0.214396  1  -2581.53  7963
O16 	14895.1 	1.10406  1  1852.86  3246
O16 	14895.1 	0.300007  1  -392.833  5729
O16 	14895.1 	0.288712  1  -2893.05  8360
O16 	14895.1 	0.34502  1  4596.77  407
O16 	14895.1 	0.316869  1  -1111.03  6458
O16 	14895.1 	0.241689  1  -2583.63  7978
O16 	14895.1 	0.212467  1  3541.98  1504
O16 	14895.1 	1.26274  1  2852.78  2210
O16 	14895.1 	0.257177  1  -1121.24  6540
O16 	14895.1 	0.299501  1  2797.13  2324
O16 	14895.1 	1.07891  1  -3903.32  9325
O16 	14895.1 	0.744677  1  -3750.59  9154
O16 	14895.1 	0.274642  1  3495.32  1626
O16 	14895.1 	0.343858  1  4360.19  648
O16 	14895.1 	0.351391  1  2836.89  2254
O16 	14895.1 	0.25362  1  3819.34  1270
O16 	14895.1 	0.285949  1  3880.36  1188
O16 	14895.1 	0.432818  1  4156.75  899
O16 	14895.1 	0.564506  1  4422.29  614
O16 	14895.1 	0.289076  1  -3021.58  8614
O16 	14895.1 	0.234549  1  -2282.19  7747
O16 	14895.1 	0.255229  1  -3484.01  8947
O16 	14895.1 	1.93935  1  -1611.52  6796
O16 	14895.1 	0.296424  1  -4734.92  10137
O16 	14895.1 	0.214779  1  -2537.53  7888
O16 	14895.1 	0.330234  1  -3090.81  8560
O16 	14895.1 	0.823188  1  -3574.22  8945
O16 	14895.1 	0.326731  1  1237.29  3978
O16 	14895.1 	0.202879  1  4904.69  107
O16 	14895.1 	0.498884  1  994.722  4226
O16 	14895.1 	0.361119  1  24.5541  5228
O16 	14895.1 	0.397298  1  -3398.37  8833
O16 	14895.1 	0.245671  1  -2117.74  7474
O16 	14895.1 	0.321614  1  -4762.79  10026
O16 	14895.1 	0.510102  1  -3781.82  9217
O16 	14895.1 	1.30907  1  -734.617  6035
O16 	14895.1 	0.465129  1  -1616.82  6931
O16 	14895.1 	0.256615  1  -1380.78  6597
O16 	14895.1 	0.246846  1  944.404  4262
O16 	14895.1 	0.708512  1  -3912.67  9470
O16 	14895.1 	0.469408  1  -3773.76  9390
O16 	14895.1 	0.280039  1  -1742.99  7089
O16 	14895.1 	0.57773  1  3221.14  1899
O16 	14895.1 	0.345833  1  -4361.15  9789
O16 	14895.1 	0.857014  1  -2587.69  8015
O16 	14895.1 	1.25982  1  1990.68  3185
O16 	14895.1 	0.254984  1  -1590.19  7044
O16 	14895.1 	0.437163  1  1320.11  3947
O16 	14895.1 	0.447624  1  1957.94  3239
O16 	14895.1 	0.364443  1  -1324.07  6738
O16 	14895.1 	0.366289  1  -908.507  6180
O16 	14895.1 	0.710257  1  -1819.95  7141
O16 	14895.1 	0.242534  1  -2051.14  7381
O16 	14895.1 	0.210346  1  -2087.78  7525
O16 	14895.1 	0.274218  1  -2652.99  7987
O16 	14895.1 	0.285702  1  -4939.9  10348
O16 	14895.1 	0.468821  1  -503.474  5637
O16 	14895.1 	1.62243  1  -3836.78  9435
O16 	14895.1 	0.438279  1  993.93  4250
O16 	14895.1 	0.413645  1  4446.94  588
O16 	14895.1 	1.41957  1  -2164.14  7635
O16 	14895.1 	0.27936  1  -4898.92  10205
O16 	14895.1 	0.789067  1  -1442.53  6718
O16 	14895.1 	0.246074  1  2432.1  2767
O16 	14895.1 	0.259407  1  2591.63  2526
O16 	14895.1 	1.22444  1  1784.51  3455
O16 	14895.1 	0.380208  1  -2665.17  8103
O16 	14895.1 	3.31966  1  -4375.1  9700
O16 	14895.1 	0.191423  1  4496.73  529
O16 	14895.1 	0.21482  1  2234.93  2926
O16 	14895.1 	0.300799  1  1528.93  3735
O16 	14895.1 	0.211045  1  564.198  4745
O16 	14895.1 	0.224794  1  3246.18  1810
O16 	14895.1 	0.392195  1  4440.46  622
O16 	14895.1 	0.272954  1  989.474  4241
O16 	14895.1 	0.267513  1  -1119.99  6481
O16 	14895.1 	0.422129  1  3694.6  1288
O16 	14895.1 	0.289981  1  2043.75  3142
O16 	14895.1 	0.384154  1  -4811.71  10450
O16 	14895.1 	2.06904  1  -3612.18  9226
O16 	14895.1 	0.298222  1  -1965.42  7334
O16 	14895.1 	3.85343  1  6.10184  5237
O16 	14895.1 	1.24975  1  2893.11  2211
O16 	14895.1 	0.358608  1  914.823  4283
O16 	14895.1 	1.19137  1  3240.25  1870
O16 	14895.1 	0.21537  1  2602.92  2539
O16 	14895.1 	0.256869  1  4300.44  754
O16 	14895.1 	0.208134  1  1294.66  3988
O16 	14895.1 	0.222537  1  -3386  8794
O16 	14895.1 	0.253743  1  1276.64  3915
O16 	14895.1 	1.74578  1  -2915.18  8232
O16 	14895.1 	0.197012  1  4306.35  746
O16 	14895.1 	0.206513  1  -3366.18  8753
O16 	14895.1 	0.274127  1  4587.69  419
O16 	14895.1 	0.310434  1  4803.23  201
O16 	14895.1 	0.694893  1  3271.14  1859
O16 	14895.1 	0.301563  1  3402.58  1673
O16 	14895.1 	0.202644  1  2954.43  2117
O16 	14895.1 	0.40196  1  4314.05  744
O16 	14895.1 	0.306741  1  -2821.83  8221
O16 	14895.1 	0.189395  1  735.579  4485
O16 	14895.1 	0.617794  1  -2357.03  7875
O16 	14895.1 	0.457394  1  3283.74  1830
O16 	14895.1 	0.246539  1  -539.357  5827
O16 	14895.1 	0.218394  1  2414.53  2655
O16 	14895.1 	0.258874  1  486.476  4861
O16 	14895.1 	0.472805  1  4778.92  244
O16 	14895.1 	0.73378  1  4891.3  114
O16 	14895.1 	0.240432  1  -4462.17  9881
O16 	14895.1 	0.23395  1  -1404.78  6795
O16 	14895.1 	0.251209  1  -3825.74  9294
O16 	14895.1 	0.293944  1  -1674  7153
O16 	14895.1 	0.217888  1  3399.76  1611
O16 	14895.1 	1.93487  1  1308.59  3882
O16 	14895.1 	0.417965  1  3875.85  1216
O16 	14895.1 	0.212522  1  2858.4  2300
O16 	14895.1 	3.22831  1  -2357.02  7661
O16 	14895.1 	0.264733  1  -2626.98  7989
O16 	14895.1 	0.265365  1  2050.41  3093
O16 	14895.1 	0.287443  1  1067.21  4046
O16 	14895.1 	0.22284  1  2641.28  2584
O16 	14895.1 	0.215564  1  4670.15  350
O16 	14895.1 	0.518387  1  934.053  4301
O16 	14895.1 	0.929327  1  27.9361  5195
O16 	14895.1 	0.247179  1  -3375.57  8688
O16 	14895.1 	0.192659  1  2589.48  2455
O16 	14895.1 	0.377936  1  4502.42  539
O16 	14895.1 	0.284277  1  -2528.63  7997
O16 	14895.1 	0.225532  1  -4100.12  9659
O16 	14895.1 	0.268307  1  -1789.53  7198
O16 	14895.1 	0.489896  1  3509.63  1573
O16 	14895.1 	0.437579  1  243.003  4977
O16 	14895.1 	0.431172  1  1014.19  4127
O16 	14895.1 	0.4561  1  -2294.73  7581
O16 	14895.1 	0.334279  1  2800.6  2275
O16 	14895.1 	0.384982  1  2927.7  2179
O16 	14895.1 	4.00356  1  4333.78  703
O16 	14895.1 	0.599904  1  -2788.8  8207
O16 	14895.1 	0.338847  1  1145.53  4150
O16 	14895.1 	2.13678  1  -2525.59  7872
O16 	14895.1 	0.425973  1  4441.82  548
O16 	14895.1 	0.194778  1  2088.78  3008
O16 	14895.1 	0.272855  1  1006.8  4195
O16 	14895.1 	0.318234  1  4020.33  1033
O16 	14895.1 	1.78779  1  -4630.9  10287
O16 	14895.1 	0.263028  1  3065.75  1988
O16 	14895.1 	0.204321  1  31.7235  5160
O16 	14895.1 	0.915838  1  -2491.9  7842
O16 	14895.1 	0.421753  1  -4933.44  10582
O16 	14895.1 	0.354143  1  -1466.62  6639
O16 	14895.1 	0.440543  1  -4955.55  10609
O16 	14895.1 	0.258043  1  -4896.15  10358
O16 	14895.1 	0.232057  1  3992.8  1058
O16 	14895.1 	0.659172  1  2780.41  2439
O16 	14895.1 	0.230079  1  -1560.97  6953
O16 	14895.1 	0.35652  1  3356.76  1709
O16 	14895.1 	0.7054  1  -2676.54  8029
O16 	14895.1 	0.263704  1  -4328.38  9863
O16 	14895.1 	0.24225  1  -1091.23  6310
O16 	14895.1 	0.518668  1  1814.15  3365
O16 	14895.1 	0.239361  1  -1969.2  7326
O16 	14895.1 	0.471445  1  -1741.91  7008
O16 	14895.1 	0.278325  1  -648.432  6005
O16 	14895.1 	0.217942  1  4859.13  150
O16 	14895.1 	0.218013  1  -4164.14  9653
O16 	14895.1 	0.226476  1  -4457.95  9854
O16 	14895.1 	0.222171  1  -1378.76  6663
O16 	14895.1 	0.429515  1  3129.27  1925
O16 	14895.1 	0.272051  1  -1253.97  6506
O16 	14895.1 	0.34166  1  -2549.86  7846
O16 	14895.1 	0.320977  1  -4250.38  9700
O16 	14895.1 	1.09563  1  -684.778  5961
O16 	14895.1 	0.18903  1  -2499.62  7882
O16 	14895.1 	0.417083  1  1937.99  3206
O16 	14895.1 	0.219028  1  -966.751  6271
O16 	14895.1 	0.326379  1  1964.22  3173
O16 	14895.1 	0.249216  1  -1186.36  6443
O16 	14895.1 	0.411551  1  -2056.89  7382
O16 	14895.1 	0.486215  1  -1904.12  7231
O16 	14895.1 	0.195503  1  -346.909  5477
O16 	14895.1 	0.402293  1  -51.6554  5375
O16 	14895.1 	0.508883  1  -2207.68  7473
O16 	14895.1 	1.38088  1  -4789.98  10373
O16 	14895.1 	0.333091  1  -4092.24  9634
O16 	14895.1 	0.391039  1  -3193.67  8785
O16 	14895.1 	0.206286  1  1973.07  3185
O16 	14895.1 	0.22384  1  -3884.26  9423
O16 	14895.1 	0.269062  1  4333.14  685
O16 	14895.1 	0.299575  1  2036.33  3091
O16 	14895.1 	0.482995  1  1375.22  3787
O16 	14895.1 	0.197221  1  -3384.12  8874
O16 	14895.1 	0.290704  1  3742.12  1304
O16 	14895.1 	0.22438  1  517.215  4687
O16 	14895.1 	0.222539  1  2900.65  2209
O16 	14895.1 	0.215289  1  -531.596  5848
O16 	14895.1 	0.439398  1  -4397.32  9901
O16 	14895.1 	0.221037  1  -2118.58  7381
O16 	14895.1 	0.192063  1  -1635.43  7053
O16 	14895.1 	0.243391  1  298.013  5043
O16 	14895.1 	0.194554  1  -4088.73  9608
O16 	14895.1 	0.198699  1  -461.585  5614
O16 	14895.1 	0.250008  1  630.202  4523
O16 	14895.1 	0.327607  1  -4856.39  10239
O16 	14895.1 	0.219662  1  2982.64  2121
O16 	14895.1 	10.5943  1  3855.29  1213
O16 	14895.1 	0.513787  1  -3084.85  8383
O16 	14895.1 	0.248292  1  3517.81  1513
O16 	14895.1 	5.85007  1  4118.71  932
O16 	14895.1 	0.632483  1  -4971.52  10431
O16 	14895.1 	0.223916  1  -2408.25  7889
O16 	14895.1 	0.237417  1  1882.01  3294
O16 	14895.1 	0.427076  1  1344.84  3814
O16 	14895.1 	0.285764  1  -4268.11  9862
O16 	14895.1 	0.193384  1  -1783.47  7170
O16 	14895.1 	0.323215  1  -2033.91  7438
O16 	14895.1 	0.585376  1  4984.45  17
O16 	14895.1 	0.554392  1  -3338.73  8651
O16 	14895.1 	0.225345  1  -977.634  6232
O16 	14895.1 	0.393417  1  574.458  4600
O16 	14895.1 	1.51955  1  2233.81  2870
O16 	14895.1 	0.258496  1  -4320.03  9915
O16 	14895.1 	0.659967  1  -4734.26  10373
O16 	14895.1 	0.4385  1  -4884.25  10230
O16 	14895.1 	0.229336  1  1016.14  4243
O16 	14895.1 	0.219283  1  -3819.48  9319
O16 	14895.1 	0.582525  1  3048.76  2076
O16 	14895.1 	0.341971  1  -2495.56  7942
O16 	14895.1 	0.624493  1  908.059  4374
O16 	14895.1 	0.753274  1  -4421.19  9836
O16 	14895.1 	0.962262  1  -892.715  6258
O16 	14895.1 	0.188665  1  1573.39  3531
O16 	14895.1 	0.195699  1  -2580.32  8067
O16 	14895.1 	0.387658  1  4242.53  791
O16 	14895.1 	0.310778  1  1882.84  3361
O16 	14895.1 	0.19289  1  855.534  4403
O16 	14895.1 	0.253397  1  2210.35  2969
O16 	14895.1 	0.188235  1  723.219  4433
O16 	14895.1 	0.439192  1  680.847  4478
O16 	14895.1 	0.788019  1  -234.517  5417
O16 	14895.1 	0.200214  1  1639.61  3531
O16 	14895.1 	0.229067  1  -1235.03  6467
O16 	14895.1 	0.36449  1  -2968.21  8327
O16 	14895.1 	1.35845  1  2322.72  2751
O16 	14895.1 	0.26373  1  -3648.27  9076
O16 	14895.1 	0.253622  1  -2983.64  8428
O16 	14895.1 	0.31381  1  -4215.35  9868
O16 	14895.1 	0.364439  1  4774.51  222
O16 	14895.1 	0.214219  1  -1773.73  7140
O16 	14895.1 	0.191219  1  1305.02  3973
O16 	14895.1 	0.202068  1  -4775.73  10333
O16 	14895.1 	0.235307  1  -4384.66  9958
O16 	14895.1 	0.24369  1  190.61  5129
O16 	14895.1 	0.281086  1  3666.31  1379
O16 	14895.1 	0.244712  1  -3662.5  8992
O16 	14895.1 	1.14196  1  645.126  4575
O16 	14895.1 	0.194204  1  26.6537  5224
O16 	14895.1 	2.02861  1  27.198  5293
O16 	14895.1 	0.364601  1  -2731.11  8146
O16 	14895.1 	0.377019  1  -310.199  5771
O16 	14895.1 	0.22786  1  -2958.19  8428
O16 	14895.1 	0.374133  1  -1142.69  6438
O16 	14895.1 	0.198458  1  4254.2  816
O16 	14895.1 	0.225423  1  -762.806  6142
O16 	14895.1 	0.265639  1  2430.96  2706
O16 	14895.1 	0.275033  1  -1680.61  7076
O16 	14895.1 	0.250353  1  -3335.92  8676
O16 	14895.1 	6.69241  1  -2780.24  8082
O16 	14895.1 	0.567231  1  4693.93  345
O16 	14895.1 	0.19067  1  -4741.42  10043
O16 	14895.1 	0.197799  1  -4101.74  9456
O16 	14895.1 	0.248208  1  -3376.21  8685
O16 	14895.1 	0.195318  1  -4615.36  10088
O16 	14895.1 	0.506055  1  150.327  5100
O16 	14895.1 	0.519198  1  4098.82  946
O16 	14895.1 	0.5039  1  -3460.02  9040
O16 	14895.1 	0.197722  1  -2410.65  7799
O16 	14895.1 	0.315382  1  4609.68  429
O16 	14895.1 	0.577926  1  -964.979  6304
O16 	14895.1 	0.237735  1  -681.95  5970
O16 	14895.1 	0.59792  1  -2055.78  7325
O16 	14895.1 	0.801715  1  1556.06  3464
O16 	14895.1 	0.331171  1  1962.68  3360
O16 	14895.1 	0.361294  1  -3793.11  9257
O16 	14895.1 	0.709269  1  3193.05  1897
O16 	14895.1 	0.462454  1  -467.346  5643
O16 	14895.1 	0.321686  1  4642.23  397
O16 	14895.1 	0.59226  1  -2199.52  7525
O16 	14895.1 	0.212972  1  337.809  4895
O16 	14895.1 	0.807651  1  4912.77  89
O16 	14895.1 	0.289167  1  -1556.71  7035
O16 	14895.1 	0.385711  1  2959.03  2191
O16 	14895.1 	0.245033  1  -4839.04  10313
O16 	14895.1 	0.221752  1  4612.72  383
O16 	14895.1 	0.482809  1  -3886.35  9270
O16 	14895.1 	0.309648  1  458.818  4740
O16 	14895.1 	0.228163  1  -87.5664  5326
O16 	14895.1 	0.472847  1  -2635.17  8144
O16 	14895.1 	0.41538  1  -3348.34  8741
O16 	14895.1 	0.411277  1  652.944  4516
O16 	14895.1 	0.268416  1  -3247.22  8574
O16 	14895.1 	0.406258  1  -2511.18  7979
O16 	14895.1 	0.281221  1  4095.23  985
O16 	14895.1 	0.665328  1  3281.13  1782
O16 	14895.1 	0.202278  1  -1919.07  7366
O16 	14895.1 	0.322951  1  863.289  4476
O16 	14895.1 	0.204836  1  3227.6  1802
O16 	14895.1 	0.367879  1  -1492.35  6845
O16 	14895.1 	0.249039  1  1320.94  3794
O16 	14895.1 	0.274575  1  -3589.7  9013
O16 	14895.1 	0.211505  1  16.1612  5259
O16 	14895.1 	0.268512  1  2541.89  2586
O16 	14895.1 	0.343383  1  -865.473  6179
O16 	14895.1 	0.313267  1  2928.03  2242
O16 	14895.1 	0.537156  1  -4920.33  10387
O16 	14895.1 	0.584307  1  4259  792
O16 	14895.1 	0.901725  1  1934.08  3258
O16 	14895.1 	0.232319  1  4391.32  654
O16 	14895.1 	0.375677  1  -1340.61  6583
O16 	14895.1 	0.706604  1  2784.23  2369
O16 	14895.1 	0.437535  1  -317.556  5595
O16 	14895.1 	0.480158  1  -1355.26  6639
O16 	14895.1 	0.25365  1  3848.32  1184
O16 	14895.1 	1.55095  1  1120.94  4049
O16 	14895.1 	0.234485  1  4607.87  418
O16 	14895.1 	0.788447  1  -3014.65  8506
O16 	14895.1 	0.240251  1  -2158.34  7504
O16 	14895.1 	0.712772  1  2010.26  3177
O16 	14895.1 	0.624726  1  -129.665  5346
O16 	14895.1 	1.94206  1  -4590.38  10067
O16 	14895.1 	0.219052  1  -2832.85  8374
O16 	14895.1 	0.339758  1  -1867.63  7167
O16 	14895.1 	0.382459  1  670.415  4595
O16 	14895.1 	1.44568  1  -3320.64  8852
O16 	14895.1 	0.195277  1  -178.849  5456
O16 	14895.1 	1.33544  1  -849.76  6245
O16 	14895.1 	0.197115  1  -1133.75  6437
O16 	14895.1 	0.322706  1  -2599.3  7979
O16 	14895.1 	0.191871  1  3149.13  1982
O16 	14895.1 	0.28643  1  442.459  4756
O16 	14895.1 	0.275246  1  1137.3  4106
O16 	14895.1 	0.291905  1  4236.89  824
O16 	14895.1 	0.206981  1  1071.14  4059
O16 	14895.1 	0.210663  1  1349.63  3853
O16 	14895.1 	0.37137  1  -2406.28  7868
O16 	14895.1 	4.04649  1  2353.31  2768
O16 	14895.1 	0.188228  1  -2641.4  8069
O16 	14895.1 	0.365163  1  -4250.21  9763
O16 	14895.1 	0.274631  1  4250.35  746
O16 	14895.1 	0.190107  1  -4056.89  9609
