O16 	14895.1 	1.14515  1  1237.47  4079
O16 	14895.1 	0.215788  1  -1964.93  7272
O16 	14895.1 	0.314915  1  2002.01  3123
O16 	14895.1 	0.936236  1  63.6589  5150
O16 	14895.1 	3.79938  1  -2308.67  7762
O16 	14895.1 	0.372869  1  -4677.28  10184
O16 	14895.1 	0.268407  1  2391.71  2787
O16 	14895.1 	0.526821  1  4481.83  532
O16 	14895.1 	0.217673  1  -3252.68  8619
O16 	14895.1 	0.807978  1  2160.54  2969
O16 	14895.1 	0.342773  1  -1297.13  6570
O16 	14895.1 	0.211721  1  -360.165  5673
O16 	14895.1 	0.843433  1  561.008  4730
O16 	14895.1 	0.439519  1  3523.37  1565
O16 	14895.1 	0.227058  1  -3799.51  9304
O16 	14895.1 	0.205031  1  -3093.1  8665
O16 	14895.1 	0.441548  1  661.469  4594
O16 	14895.1 	0.220767  1  2401.54  2806
O16 	14895.1 	0.326899  1  -3463.36  8870
O16 	14895.1 	0.484972  1  -4.59661  5179
O16 	14895.1 	0.335051  1  -1625.93  6888
O16 	14895.1 	0.226347  1  -4292.4  9623
O16 	14895.1 	0.282414  1  -3848.25  9186
O16 	14895.1 	0.221621  1  -1357.95  6524
O16 	14895.1 	0.706532  1  -2967.11  8371
O16 	14895.1 	3.38799  1  -4556.13  9893
O16 	14895.1 	0.257274  1  -3015.95  8555
O16 	14895.1 	0.283144  1  -3776.84  9210
O16 	14895.1 	0.208106  1  -3101.92  8455
O16 	14895.1 	0.340721  1  3990.15  1030
O16 	14895.1 	0.580419  1  -2789.19  8354
O16 	14895.1 	0.626771  1  -94.789  5289
O16 	14895.1 	0.26786  1  -2070.56  7359
O16 	14895.1 	0.66656  1  -405.878  5719
O16 	14895.1 	0.253286  1  -2842.76  8047
O16 	14895.1 	0.225084  1  426.61  4786
O16 	14895.1 	0.52451  1  -2823.29  8224
O16 	14895.1 	0.54393  1  -3121.18  8551
O16 	14895.1 	0.461519  1  -407.578  5644
O16 	14895.1 	0.189645  1  1762.66  3461
O16 	14895.1 	0.188691  1  312.642  4957
O16 	14895.1 	0.738944  1  4751.25  273
O16 	14895.1 	0.400363  1  1549.82  3559
O16 	14895.1 	0.223776  1  -1911.34  7165
O16 	14895.1 	0.259499  1  3869.04  1247
O16 	14895.1 	0.292703  1  3948.9  1087
O16 	14895.1 	1.92094  1  2106.03  2980
O16 	14895.1 	0.951936  1  -1108.79  6471
O16 	14895.1 	0.559703  1  -60.2586  5355
O16 	14895.1 	0.307145  1  4016.36  973
O16 	14895.1 	0.192719  1  -3754.71  9143
O16 	14895.1 	0.474131  1  -2136.63  7516
O16 	14895.1 	0.213716  1  -1945.43  7191
O16 	14895.1 	0.211961  1  3512.22  1576
O16 	14895.1 	0.226323  1  -4059.78  9613
O16 	14895.1 	1.1285  1  1400.88  3794
O16 	14895.1 	0.251637  1  3344.87  1720
O16 	14895.1 	0.361773  1  2489.6  2684
O16 	14895.1 	0.266971  1  337.41  4963
O16 	14895.1 	0.327891  1  -3235.11  8685
O16 	14895.1 	0.37573  1  2094.82  2903
O16 	14895.1 	0.567823  1  -4042.31  9574
O16 	14895.1 	0.260093  1  -2298.36  7631
O16 	14895.1 	0.201592  1  -2306.7  7721
O16 	14895.1 	0.686318  1  -4553.52  10112
O16 	14895.1 	1.05867  1  4099.75  880
O16 	14895.1 	0.25597  1  1407.31  3764
O16 	14895.1 	0.596751  1  -4357.51  9600
O16 	14895.1 	0.665604  1  -7.19836  5224
O16 	14895.1 	0.344273  1  -2448.02  7565
O16 	14895.1 	0.203557  1  3524.43  1531
O16 	14895.1 	0.35871  1  2626.05  2494
O16 	14895.1 	0.234347  1  2527.29  2587
O16 	14895.1 	0.369956  1  102.41  5192
O16 	14895.1 	0.284688  1  694.763  4561
O16 	14895.1 	1.58351  1  -3480.26  8906
O16 	14895.1 	0.227276  1  -2101.37  7317
O16 	14895.1 	1.88808  1  -3391.75  8653
O16 	14895.1 	0.698468  1  3592.04  1404
O16 	14895.1 	6.70695  1  4892.6  117
O16 	14895.1 	0.219091  1  3465.15  1639
O16 	14895.1 	0.367393  1  -1001.02  6379
O16 	14895.1 	0.663756  1  -3233.94  8466
O16 	14895.1 	0.47588  1  -2868.15  8285
O16 	14895.1 	0.293736  1  2843.78  2179
O16 	14895.1 	0.645512  1  -73.7098  5337
O16 	14895.1 	0.255146  1  1914.33  3255
O16 	14895.1 	0.209127  1  471.869  4708
O16 	14895.1 	0.960818  1  13.9417  5140
O16 	14895.1 	0.189606  1  2916.21  2187
O16 	14895.1 	0.197069  1  2012.34  3116
O16 	14895.1 	0.289916  1  4477.39  581
O16 	14895.1 	0.542426  1  -3887.56  9328
O16 	14895.1 	0.732281  1  -533.376  5852
O16 	14895.1 	0.193858  1  751.866  4415
O16 	14895.1 	0.373681  1  -4174.72  9573
O16 	14895.1 	0.314616  1  4638.77  411
O16 	14895.1 	0.370099  1  1734.33  3349
O16 	14895.1 	0.194219  1  -1720.26  6992
O16 	14895.1 	0.593109  1  4462.5  607
O16 	14895.1 	0.477664  1  4036.77  1034
O16 	14895.1 	0.245979  1  3594  1539
O16 	14895.1 	1.91526  1  3360.87  1752
O16 	14895.1 	0.202817  1  4625.51  384
O16 	14895.1 	0.725724  1  1323.99  3882
O16 	14895.1 	0.275309  1  2077.94  3120
O16 	14895.1 	0.215088  1  3861.94  1214
O16 	14895.1 	0.32771  1  3708.38  1299
O16 	14895.1 	1.46511  1  304.225  4898
O16 	14895.1 	0.558772  1  1121.89  4062
O16 	14895.1 	2.62595  1  3754.35  1332
O16 	14895.1 	0.208152  1  4501.03  573
O16 	14895.1 	0.191483  1  -3845.36  9355
O16 	14895.1 	0.203202  1  -4313.21  9545
O16 	14895.1 	0.875703  1  -2375.03  7781
O16 	14895.1 	0.399071  1  -983.885  6216
O16 	14895.1 	0.191712  1  169.267  5041
O16 	14895.1 	0.276901  1  4177.04  852
O16 	14895.1 	1.8263  1  -164.18  5316
O16 	14895.1 	0.306024  1  -1604.41  6868
O16 	14895.1 	0.280227  1  -2595.83  7967
O16 	14895.1 	0.397191  1  59.241  5164
O16 	14895.1 	0.299925  1  288.941  4998
O16 	14895.1 	0.293023  1  4305.19  756
O16 	14895.1 	0.280373  1  1008.55  4133
O16 	14895.1 	0.654202  1  -4697.05  10046
O16 	14895.1 	0.896302  1  3245.19  1871
O16 	14895.1 	0.520042  1  -1023.6  6379
O16 	14895.1 	0.414503  1  -3404.92  8668
O16 	14895.1 	0.436599  1  -1762.06  7041
O16 	14895.1 	0.242115  1  -372.589  5612
O16 	14895.1 	0.249566  1  3188.98  1859
O16 	14895.1 	1.00295  1  -2111.62  7511
O16 	14895.1 	0.348929  1  4612.83  394
O16 	14895.1 	0.287329  1  2041.54  3121
O16 	14895.1 	0.241332  1  1589.67  3626
O16 	14895.1 	0.193432  1  1162.94  4089
O16 	14895.1 	0.216676  1  -4658.9  10168
O16 	14895.1 	0.326988  1  3939.4  1110
O16 	14895.1 	0.233849  1  4805.4  215
O16 	14895.1 	0.379965  1  912.494  4220
O16 	14895.1 	0.193234  1  922.092  4237
O16 	14895.1 	0.411229  1  180.895  5021
O16 	14895.1 	0.223667  1  4502.75  552
O16 	14895.1 	8.94242  1  4683.49  350
O16 	14895.1 	0.207903  1  -3044.62  8489
O16 	14895.1 	0.373739  1  -969.167  6258
O16 	14895.1 	0.233863  1  3061.28  1934
O16 	14895.1 	5.08394  1  -3773.53  9047
O16 	14895.1 	0.273824  1  -1890.04  7226
O16 	14895.1 	0.298989  1  2514.94  2654
O16 	14895.1 	0.362173  1  -2665.78  8166
O16 	14895.1 	0.42592  1  2013.8  3096
O16 	14895.1 	8.62694  1  96.3611  5102
O16 	14895.1 	0.227022  1  668.445  4547
O16 	14895.1 	0.251518  1  -2259.81  7692
O16 	14895.1 	0.617264  1  -3749.76  9165
O16 	14895.1 	0.378378  1  -614.41  5863
O16 	14895.1 	0.258455  1  1329.02  3863
O16 	14895.1 	0.416641  1  -263.538  5393
O16 	14895.1 	0.260102  1  2121.69  2953
O16 	14895.1 	0.840041  1  -1714.08  6934
O16 	14895.1 	0.339677  1  -3356.61  8729
O16 	14895.1 	0.278815  1  -4499.26  9968
O16 	14895.1 	1.87449  1  -4806.43  10332
O16 	14895.1 	0.297024  1  1131.77  4096
O16 	14895.1 	0.316147  1  -81.6884  5499
O16 	14895.1 	0.341527  1  2993  2122
O16 	14895.1 	0.527717  1  -1263.57  6546
O16 	14895.1 	0.985294  1  375.854  4775
O16 	14895.1 	0.820205  1  -161.234  5449
O16 	14895.1 	0.228231  1  2994.73  2146
O16 	14895.1 	0.247785  1  -879.963  6201
O16 	14895.1 	0.37663  1  3861.34  1231
O16 	14895.1 	1.08464  1  4268.21  792
O16 	14895.1 	0.441564  1  4389.52  652
O16 	14895.1 	0.192934  1  28.9172  5178
O16 	14895.1 	0.204103  1  -4183.13  9665
O16 	14895.1 	0.204987  1  -4119.61  9431
O16 	14895.1 	0.19743  1  -3849.59  9204
O16 	14895.1 	0.242032  1  1131.8  4061
O16 	14895.1 	0.414228  1  2414.08  2722
O16 	14895.1 	0.268438  1  -224.013  5458
O16 	14895.1 	0.190955  1  -1445.09  6652
O16 	14895.1 	0.243692  1  3483.15  1643
O16 	14895.1 	0.78728  1  4705.7  274
O16 	14895.1 	0.993304  1  2873.59  2202
O16 	14895.1 	0.314553  1  3091.05  1979
O16 	14895.1 	0.266898  1  832.025  4293
O16 	14895.1 	0.277559  1  3265.08  1864
O16 	14895.1 	0.216361  1  1182.69  3997
O16 	14895.1 	0.212771  1  671.409  4481
O16 	14895.1 	0.347496  1  4263.07  793
O16 	14895.1 	0.32402  1  -984.802  6298
O16 	14895.1 	0.32557  1  3604.15  1503
O16 	14895.1 	0.423842  1  -3140.51  8638
O16 	14895.1 	0.214257  1  585.578  4643
O16 	14895.1 	0.201526  1  4796.72  235
O16 	14895.1 	0.471873  1  4472.57  531
O16 	14895.1 	0.240652  1  -70.0088  5284
O16 	14895.1 	0.20808  1  2995.08  2098
O16 	14895.1 	0.203955  1  -3884.74  9352
O16 	14895.1 	0.576784  1  4162.65  887
O16 	14895.1 	2.08436  1  3939.65  1169
O16 	14895.1 	0.845164  1  -3122.9  8542
O16 	14895.1 	0.782636  1  -1027.01  6379
O16 	14895.1 	0.283066  1  1113.11  4063
O16 	14895.1 	0.219287  1  -3261.49  8670
O16 	14895.1 	0.908878  1  1347.03  3785
O16 	14895.1 	0.450235  1  -942.383  6017
O16 	14895.1 	0.265113  1  2893.02  2356
O16 	14895.1 	0.419965  1  -1314.23  6696
O16 	14895.1 	0.318869  1  698.428  4463
O16 	14895.1 	0.750391  1  -4442.65  9989
O16 	14895.1 	0.499321  1  -1178.14  6296
O16 	14895.1 	0.38351  1  1648.59  3475
O16 	14895.1 	0.321109  1  -1223.66  6459
O16 	14895.1 	0.745939  1  -171.887  5348
O16 	14895.1 	0.242464  1  -2372.22  7687
O16 	14895.1 	0.268633  1  -2879.78  8327
O16 	14895.1 	0.244248  1  2054.28  3098
O16 	14895.1 	0.243307  1  -1198.86  6579
O16 	14895.1 	0.291827  1  -941.748  6174
O16 	14895.1 	0.415774  1  177.724  5049
O16 	14895.1 	0.316084  1  -2022.89  7383
O16 	14895.1 	0.462933  1  3257.57  1690
O16 	14895.1 	0.455225  1  -2178.44  7585
O16 	14895.1 	0.272882  1  1348.42  3733
O16 	14895.1 	0.515935  1  -2221.9  7494
O16 	14895.1 	0.202355  1  4400.77  624
O16 	14895.1 	0.228726  1  -1465.08  6722
O16 	14895.1 	0.747721  1  2813.02  2212
O16 	14895.1 	0.269385  1  -413.804  5724
O16 	14895.1 	0.391131  1  -2086.8  7421
O16 	14895.1 	0.271234  1  -3655.33  9085
O16 	14895.1 	0.232747  1  -3786.94  9213
O16 	14895.1 	0.374036  1  -3163.2  8407
O16 	14895.1 	0.302242  1  307.032  4915
O16 	14895.1 	0.309238  1  3702.33  1365
O16 	14895.1 	0.202081  1  4018.78  1033
O16 	14895.1 	0.239281  1  986.159  4235
O16 	14895.1 	0.237738  1  4519.97  508
O16 	14895.1 	0.200309  1  4664.95  363
O16 	14895.1 	0.248181  1  1754.88  3419
O16 	14895.1 	0.232573  1  4056.83  987
O16 	14895.1 	0.365448  1  4076.2  958
O16 	14895.1 	1.00067  1  838.569  4437
O16 	14895.1 	2.38019  1  4633.17  398
O16 	14895.1 	0.285721  1  -1699.44  6927
O16 	14895.1 	0.508668  1  -739.511  5998
O16 	14895.1 	0.728525  1  -1317.59  6687
O16 	14895.1 	0.280945  1  811.603  4517
O16 	14895.1 	0.211023  1  -4880.35  10333
O16 	14895.1 	0.190557  1  2286.62  2852
O16 	14895.1 	0.247474  1  -1825.17  7142
O16 	14895.1 	0.239687  1  2106.52  3062
O16 	14895.1 	1.04517  1  2319.71  2788
O16 	14895.1 	0.366963  1  2721.57  2468
O16 	14895.1 	0.352485  1  -4975.7  10539
O16 	14895.1 	0.348494  1  2018.19  3101
O16 	14895.1 	0.271917  1  -3741.53  9281
O16 	14895.1 	0.847238  1  1987.64  3100
O16 	14895.1 	0.356431  1  2658.64  2543
O16 	14895.1 	1.4667  1  -1532.52  6849
O16 	14895.1 	0.188292  1  4465.62  530
O16 	14895.1 	0.557311  1  1514.84  3554
O16 	14895.1 	0.493367  1  -4015.83  9371
O16 	14895.1 	0.554642  1  -2751.11  8277
O16 	14895.1 	0.266633  1  -3217.73  8632
O16 	14895.1 	0.678229  1  630.923  4730
O16 	14895.1 	0.250047  1  -3313.22  8793
O16 	14895.1 	0.443338  1  -294.527  5467
O16 	14895.1 	0.511202  1  -966.184  6096
O16 	14895.1 	0.21188  1  -766.343  6190
O16 	14895.1 	0.335448  1  -1144.78  6360
O16 	14895.1 	0.489269  1  4978.96  28
O16 	14895.1 	0.23973  1  543.496  4683
O16 	14895.1 	0.571159  1  4521.89  524
O16 	14895.1 	0.580514  1  579.66  4605
O16 	14895.1 	0.251489  1  4634.76  389
O16 	14895.1 	0.361026  1  -2067.4  7357
O16 	14895.1 	0.21725  1  -3114.27  8467
O16 	14895.1 	0.397485  1  -1726.6  7015
O16 	14895.1 	0.302743  1  -4148.61  9441
O16 	14895.1 	0.401659  1  4694.63  290
O16 	14895.1 	0.279514  1  3225.24  1820
O16 	14895.1 	0.896694  1  3681.72  1399
O16 	14895.1 	0.702436  1  -4217.56  9734
O16 	14895.1 	0.317904  1  -2379.7  7854
O16 	14895.1 	1.55345  1  -4374.92  9778
O16 	14895.1 	0.210399  1  -2322.47  7813
O16 	14895.1 	0.25275  1  4335.24  686
O16 	14895.1 	0.260486  1  -2920.56  8295
O16 	14895.1 	0.611216  1  -1491.51  6712
O16 	14895.1 	0.241612  1  3993.31  1081
O16 	14895.1 	0.459889  1  1122.22  4062
O16 	14895.1 	0.229314  1  -4706.64  10245
O16 	14895.1 	0.408364  1  -3328.81  8709
O16 	14895.1 	0.302345  1  3105.4  1998
O16 	14895.1 	0.190524  1  4827.98  177
O16 	14895.1 	0.211258  1  -1971.54  7174
O16 	14895.1 	0.325802  1  -4142.92  9267
O16 	14895.1 	5.49858  1  925.643  4238
O16 	14895.1 	0.445123  1  -1503.98  6810
O16 	14895.1 	0.782294  1  958.284  4263
O16 	14895.1 	0.19453  1  2083.5  3094
O16 	14895.1 	7.1512  1  -1082.71  6352
O16 	14895.1 	0.210035  1  -1332.35  6571
O16 	14895.1 	0.316925  1  -1372.93  6672
O16 	14895.1 	0.273906  1  2478.8  2689
O16 	14895.1 	0.230377  1  -649.429  6125
O16 	14895.1 	3.56056  1  -1988.72  7302
O16 	14895.1 	0.436107  1  -408.95  5609
O16 	14895.1 	0.269076  1  -4780.86  10260
O16 	14895.1 	0.261174  1  1000.05  4161
O16 	14895.1 	1.57372  1  -2998.7  8431
O16 	14895.1 	0.579418  1  1437.01  3679
O16 	14895.1 	0.429761  1  -2198.74  7568
O16 	14895.1 	0.198257  1  -3671.84  9102
O16 	14895.1 	0.232134  1  -1466.36  6760
O16 	14895.1 	0.299857  1  1132.94  4080
O16 	14895.1 	0.552144  1  2994.47  2055
O16 	14895.1 	1.11448  1  2173.63  2965
O16 	14895.1 	0.302869  1  2537.63  2623
O16 	14895.1 	0.352128  1  1378.2  3748
O16 	14895.1 	0.256235  1  -3909.87  9227
O16 	14895.1 	0.416476  1  831.151  4300
O16 	14895.1 	0.353128  1  -2423.38  7798
O16 	14895.1 	0.273266  1  -4954.31  10562
O16 	14895.1 	0.275344  1  1845.59  3327
O16 	14895.1 	0.364838  1  -498.276  5773
O16 	14895.1 	0.232482  1  -2118.89  7518
O16 	14895.1 	0.203709  1  -499.783  5728
O16 	14895.1 	0.358824  1  -389.277  5590
O16 	14895.1 	0.435589  1  2976.29  2137
O16 	14895.1 	0.19916  1  -71.8989  5295
O16 	14895.1 	0.197036  1  -3321.67  8651
O16 	14895.1 	0.750955  1  2629.57  2573
O16 	14895.1 	2.07024  1  -3638.99  9061
O16 	14895.1 	0.284887  1  -439.551  5715
O16 	14895.1 	0.425968  1  -1813.2  7171
O16 	14895.1 	1.29763  1  3196.96  1906
O16 	14895.1 	0.485828  1  3357.96  1705
O16 	14895.1 	0.339118  1  -893.231  5810
O16 	14895.1 	0.194047  1  3662.72  1451
O16 	14895.1 	0.211656  1  -532.64  5670
O16 	14895.1 	1.13146  1  1547.8  3668
O16 	14895.1 	0.306306  1  176.828  4995
O16 	14895.1 	0.238802  1  1935.72  3232
O16 	14895.1 	0.305321  1  749.767  4427
O16 	14895.1 	1.82463  1  2873.42  2299
O16 	14895.1 	0.221928  1  3512.54  1600
O16 	14895.1 	0.223567  1  3443.19  1588
O16 	14895.1 	0.192034  1  2686.75  2415
O16 	14895.1 	0.234224  1  1213.07  4060
O16 	14895.1 	0.214653  1  1077.48  4102
O16 	14895.1 	0.7116  1  21.3213  5220
O16 	14895.1 	0.227174  1  -3647.25  9052
O16 	14895.1 	0.413142  1  -1642.39  6951
O16 	14895.1 	0.192215  1  4898.51  104
O16 	14895.1 	0.198459  1  -756.558  5884
O16 	14895.1 	0.228698  1  2783.81  2331
O16 	14895.1 	1.1427  1  -1834.06  7254
O16 	14895.1 	0.790204  1  4127.97  929
O16 	14895.1 	0.243018  1  -1716.23  7057
O16 	14895.1 	0.671182  1  3790.93  1289
O16 	14895.1 	0.539262  1  1572.29  3673
O16 	14895.1 	0.277766  1  3981.77  1066
O16 	14895.1 	0.34418  1  -1094.31  6298
O16 	14895.1 	0.631719  1  78.3485  5139
O16 	14895.1 	1.42508  1  3647.4  1406
O16 	14895.1 	0.390928  1  -2799.56  8082
O16 	14895.1 	0.243366  1  -2646.95  8061
O16 	14895.1 	0.729217  1  4389.24  616
O16 	14895.1 	0.276198  1  -3522.59  9119
O16 	14895.1 	0.301244  1  -2915.04  8271
O16 	14895.1 	0.295604  1  -1996.14  7343
O16 	14895.1 	0.233845  1  -4825.62  10269
O16 	14895.1 	0.403102  1  -1101.13  6357
O16 	14895.1 	0.297885  1  -4645.26  10173
O16 	14895.1 	0.259192  1  1818.14  3359
O16 	14895.1 	0.415235  1  -4239.92  9716
O16 	14895.1 	0.254106  1  -215.258  5514
O16 	14895.1 	0.388925  1  -2209.86  7540
O16 	14895.1 	0.190757  1  -1909.42  7299
O16 	14895.1 	0.385693  1  3838.42  1229
O16 	14895.1 	0.543778  1  -4030.87  9423
O16 	14895.1 	0.428608  1  3240.83  1905
O16 	14895.1 	0.668657  1  1076.53  4086
O16 	14895.1 	0.298293  1  -2290.55  7643
O16 	14895.1 	1.2415  1  3682.9  1405
O16 	14895.1 	0.32732  1  -543.741  5787
O16 	14895.1 	0.3565  1  -1399.82  6722
O16 	14895.1 	0.269683  1  -394.967  5729
O16 	14895.1 	0.273137  1  -4998.83  10623
O16 	14895.1 	0.304414  1  -4520.63  10033
O16 	14895.1 	0.311176  1  3336.23  1734
O16 	14895.1 	0.665207  1  -2288.9  7583
O16 	14895.1 	0.295674  1  -3881.1  9357
O16 	14895.1 	0.228401  1  -4672.43  10049
O16 	14895.1 	0.250215  1  3039.75  2014
O16 	14895.1 	0.253562  1  3945.72  1169
O16 	14895.1 	0.277879  1  -4200.01  9565
O16 	14895.1 	0.341207  1  880.604  4305
O16 	14895.1 	0.454588  1  4247.56  799
O16 	14895.1 	0.559487  1  3502.79  1539
O16 	14895.1 	0.239969  1  84.9795  5295
O16 	14895.1 	0.208959  1  3773.89  1318
O16 	14895.1 	0.25873  1  -253.002  5562
O16 	14895.1 	0.412842  1  -3995.13  9428
O16 	14895.1 	5.84345  1  3074.06  1978
O16 	14895.1 	0.203071  1  1458.39  3648
O16 	14895.1 	0.916561  1  1882.72  3266
O16 	14895.1 	0.761851  1  -3432.9  8850
O16 	14895.1 	0.348649  1  302.036  4949
O16 	14895.1 	0.21651  1  989.948  4253
O16 	14895.1 	0.195344  1  1404.56  3830
O16 	14895.1 	0.195418  1  1199.4  3994
O16 	14895.1 	0.223774  1  -4101.42  9622
O16 	14895.1 	0.275993  1  150.975  5126
O16 	14895.1 	0.491879  1  2926.84  2185
O16 	14895.1 	2.75773  1  -3733.46  9140
O16 	14895.1 	0.275418  1  -50.8917  5204
O16 	14895.1 	0.197927  1  1949.9  3183
O16 	14895.1 	1.7385  1  505.585  4743
O16 	14895.1 	0.261822  1  -4022.69  9431
O16 	14895.1 	0.288172  1  -1078.43  6344
O16 	14895.1 	0.202373  1  4595.12  433
O16 	14895.1 	0.34845  1  2482.78  2630
O16 	14895.1 	0.192707  1  -672.975  5967
O16 	14895.1 	0.343045  1  -592.787  5683
O16 	14895.1 	0.444958  1  1349.05  3767
O16 	14895.1 	5.64197  1  342.35  4893
O16 	14895.1 	0.272506  1  1811.1  3342
O16 	14895.1 	0.207312  1  -219.069  5545
O16 	14895.1 	0.315037  1  1943.45  3264
O16 	14895.1 	0.437034  1  -4278.47  9667
O16 	14895.1 	0.566168  1  -3930.6  9411
O16 	14895.1 	1.01087  1  -2322  7595
O16 	14895.1 	0.310702  1  874.969  4411
O16 	14895.1 	0.379259  1  -1399.89  6807
O16 	14895.1 	0.309018  1  2631.09  2456
O16 	14895.1 	0.190745  1  -1352.43  6635
O16 	14895.1 	0.197699  1  -3331.63  8562
O16 	14895.1 	0.271689  1  -3538.7  9018
O16 	14895.1 	0.266376  1  -1084.59  6353
O16 	14895.1 	0.593192  1  -4280.57  9794
O16 	14895.1 	0.229197  1  4787.27  244
O16 	14895.1 	0.217505  1  -4456.7  9845
O16 	14895.1 	1.01202  1  2777.36  2385
O16 	14895.1 	19.5414  1  -160.113  5455
O16 	14895.1 	0.229107  1  3619.26  1366
O16 	14895.1 	0.380739  1  -4917.46  10408
O16 	14895.1 	0.253723  1  3426.68  1638
O16 	14895.1 	0.222507  1  -4880.09  10527
O16 	14895.1 	1.39029  1  3397.05  1705
O16 	14895.1 	0.30756  1  2344.76  2773
O16 	14895.1 	0.308977  1  1132.67  3936
O16 	14895.1 	0.565283  1  -3308.05  8717
O16 	14895.1 	0.374884  1  4228.63  826
O16 	14895.1 	0.48951  1  -4239.15  9563
O16 	14895.1 	1.33607  1  -2029.58  7342
O16 	14895.1 	0.27914  1  2139.27  3034
O16 	14895.1 	1.28552  1  1728.25  3426
O16 	14895.1 	0.604303  1  -2801.23  8371
O16 	14895.1 	0.477382  1  949.64  4245
O16 	14895.1 	0.896228  1  -2666.44  8044
O16 	14895.1 	0.516198  1  2905.68  2132
O16 	14895.1 	0.199029  1  -1160.32  6391
O16 	14895.1 	0.288958  1  2124.86  3002
O16 	14895.1 	0.20854  1  -3436.04  8736
O16 	14895.1 	0.309323  1  4119.13  932
O16 	14895.1 	0.902767  1  -4920.36  10406
O16 	14895.1 	0.40716  1  -1736.52  7039
O16 	14895.1 	0.190141  1  -504.542  5789
O16 	14895.1 	0.425063  1  -3323.2  8724
O16 	14895.1 	0.205993  1  4804.75  204
O16 	14895.1 	2.74014  1  -1635.71  6985
O16 	14895.1 	0.20417  1  -4776.13  10388
O16 	14895.1 	0.193287  1  -4953.88  10309
O16 	14895.1 	0.278304  1  4533.68  493
O16 	14895.1 	0.208585  1  -4456.53  10016
O16 	14895.1 	0.204657  1  2893.18  2208
O16 	14895.1 	0.338215  1  3160.98  1886
O16 	14895.1 	0.213576  1  939.352  4255
O16 	14895.1 	0.811477  1  -4220.45  9559
O16 	14895.1 	0.286447  1  -2509.61  7728
O16 	14895.1 	0.211577  1  2588.44  2469
O16 	14895.1 	0.299162  1  -3815.72  9228
O16 	14895.1 	0.416569  1  -988.197  6175
O16 	14895.1 	0.212622  1  -4519.75  9803
O16 	14895.1 	0.327392  1  -3592.23  8971
O16 	14895.1 	0.203224  1  -3405.36  8821
O16 	14895.1 	0.596592  1  -369.566  5637
O16 	14895.1 	0.771047  1  -1677.63  7095
O16 	14895.1 	3.06668  1  -1229.39  6605
O16 	14895.1 	0.228495  1  -1457.75  6774
O16 	14895.1 	0.340909  1  4859.01  163
O16 	14895.1 	0.519525  1  3169.01  1970
O16 	14895.1 	0.188245  1  -2263.89  7698
O16 	14895.1 	0.455046  1  3917.77  1123
O16 	14895.1 	0.670871  1  341.228  4831
O16 	14895.1 	0.266512  1  3787.67  1193
O16 	14895.1 	0.196316  1  -2085.36  7424
O16 	14895.1 	0.261813  1  557.645  4678
O16 	14895.1 	0.293519  1  -850.774  6072
O16 	14895.1 	0.327968  1  1702.06  3475
O16 	14895.1 	0.28944  1  -4071.26  9644
O16 	14895.1 	1.3802  1  3258.38  1776
O16 	14895.1 	0.230935  1  -932.675  6221
O16 	14895.1 	1.60408  1  -2639.92  8056
O16 	14895.1 	0.807739  1  -3389.56  8683
O16 	14895.1 	0.405323  1  -4477.44  10065
O16 	14895.1 	0.193032  1  -2348.56  7530
O16 	14895.1 	0.191106  1  4986.1  17
O16 	14895.1 	0.341743  1  852.475  4271
O16 	14895.1 	0.279685  1  -3417.64  8835
O16 	14895.1 	0.23837  1  1586.51  3515
O16 	14895.1 	0.192912  1  -4130.42  9605
O16 	14895.1 	0.234088  1  -2122.04  7506
O16 	14895.1 	0.765707  1  -4328.74  9740
O16 	14895.1 	0.229697  1  -3598.63  9214
O16 	14895.1 	0.210476  1  -1228  6623
O16 	14895.1 	1.03957  1  -3404.72  8742
O16 	14895.1 	0.310497  1  -2612.73  7920
O16 	14895.1 	0.229355  1  -1548.4  6940
O16 	14895.1 	0.534345  1  -4438.03  9971
O16 	14895.1 	0.352566  1  3867.48  1216
O16 	14895.1 	0.306738  1  -3799.43  9205
O16 	14895.1 	0.292365  1  -114.644  5433
O16 	14895.1 	0.189859  1  -4002.91  9365
O16 	14895.1 	0.719269  1  3534.9  1548
O16 	14895.1 	0.19608  1  -804.694  6037
O16 	14895.1 	0.429044  1  -344.674  5565
O16 	14895.1 	0.214749  1  -980.264  6310
O16 	14895.1 	0.256137  1  1155.94  4121
O16 	14895.1 	0.202013  1  -3506.59  8829
O16 	14895.1 	0.197823  1  1438.17  3705
O16 	14895.1 	0.263146  1  1694.91  3381
O16 	14895.1 	0.196292  1  282.658  4998
O16 	14895.1 	0.259299  1  -2561.92  7952
O16 	14895.1 	0.209811  1  -1600.68  6956
O16 	14895.1 	0.350238  1  559.365  4702
O16 	14895.1 	0.30294  1  -4279.57  9685
O16 	14895.1 	0.252961  1  1461.31  3680
O16 	14895.1 	0.211188  1  1553.57  3638
O16 	14895.1 	0.479082  1  3325.87  1860
O16 	14895.1 	0.598989  1  3960.36  1101
O16 	14895.1 	0.309847  1  2312.44  2810
O16 	14895.1 	0.50336  1  -1850.54  7075
O16 	14895.1 	0.727577  1  -1627.18  7022
O16 	14895.1 	0.463279  1  3950.22  1086
O16 	14895.1 	0.300209  1  -2300.9  7613
O16 	14895.1 	0.201704  1  -3515.29  8926
O16 	14895.1 	0.329658  1  3862  1164
O16 	14895.1 	0.649556  1  -1115.69  6336
O16 	14895.1 	0.228947  1  -4052.88  9676
O16 	14895.1 	0.336555  1  4492.11  525
O16 	14895.1 	0.660739  1  -1759.67  7171
O16 	14895.1 	0.426777  1  2913.93  2199
O16 	14895.1 	0.482651  1  -3207.25  8431
O16 	14895.1 	0.302419  1  1928.17  3228
O16 	14895.1 	0.246488  1  -1386.94  6634
O16 	14895.1 	0.392338  1  4623.54  424
O16 	14895.1 	0.217778  1  2788.52  2382
O16 	14895.1 	0.313032  1  1532.63  3672
O16 	14895.1 	0.227781  1  -4521.01  10027
O16 	14895.1 	0.236032  1  -1225.52  6432
O16 	14895.1 	0.258302  1  -1570.93  6789
O16 	14895.1 	0.269529  1  -264.962  5444
O16 	14895.1 	1.32482  1  -1212.31  6526
O16 	14895.1 	0.267803  1  -2390.97  7670
O16 	14895.1 	0.418623  1  574.87  4661
O16 	14895.1 	0.190859  1  -3155.03  8616
O16 	14895.1 	0.207231  1  1588.57  3562
O16 	14895.1 	0.318117  1  961.98  4319
O16 	14895.1 	0.291146  1  -2877.39  8251
O16 	14895.1 	1.23345  1  -321.232  5594
O16 	14895.1 	1.5962  1  3013.49  2129
O16 	14895.1 	0.406676  1  2512.47  2652
O16 	14895.1 	0.401509  1  -4954.94  10372
O16 	14895.1 	0.464585  1  -2637.68  7993
O16 	14895.1 	0.404731  1  496.895  4732
O16 	14895.1 	0.211701  1  -960.023  6333
O16 	14895.1 	0.470557  1  4941.04  67
O16 	14895.1 	0.23567  1  -2448.29  7824
O16 	14895.1 	0.33542  1  3663.58  1477
O16 	14895.1 	0.388791  1  -325.396  5506
O16 	14895.1 	0.304321  1  2938.23  2129
O16 	14895.1 	0.285568  1  4877.85  154
O16 	14895.1 	0.692295  1  4072.13  946
O16 	14895.1 	0.3922  1  -2094.21  7543
O16 	14895.1 	0.553419  1  1146.85  3942
O16 	14895.1 	0.511909  1  3809.71  1197
O16 	14895.1 	0.343386  1  3733.79  1274
O16 	14895.1 	0.308006  1  -3105.2  8541
O16 	14895.1 	0.344262  1  4480.5  543
O16 	14895.1 	0.313932  1  1858.04  3339
O16 	14895.1 	0.277097  1  -4522.74  9954
O16 	14895.1 	2.47098  1  1103.34  4043
O16 	14895.1 	0.487362  1  3538.47  1520
O16 	14895.1 	0.54529  1  1842.36  3333
O16 	14895.1 	1.18363  1  -4979.45  10324
O16 	14895.1 	0.394601  1  -1381.04  6635
O16 	14895.1 	0.316553  1  -2968.47  8335
O16 	14895.1 	0.38373  1  -1964.2  7081
O16 	14895.1 	0.317304  1  -4792.65  10327
O16 	14895.1 	0.325661  1  -2255.37  7557
O16 	14895.1 	0.63301  1  1272.9  3727
O16 	14895.1 	0.579338  1  -411.735  5738
O16 	14895.1 	0.31725  1  1062.2  4123
O16 	14895.1 	0.250082  1  2495.41  2604
O16 	14895.1 	0.277363  1  -2079.84  7352
O16 	14895.1 	0.274724  1  -383.731  5570
O16 	14895.1 	0.91691  1  760.254  4432
O16 	14895.1 	0.68384  1  -4853.3  10250
O16 	14895.1 	4.42863  1  -680.154  5935
O16 	14895.1 	0.555271  1  -1860.5  7124
O16 	14895.1 	0.436032  1  -2111.59  7385
O16 	14895.1 	0.301703  1  -4417.42  9956
O16 	14895.1 	0.620039  1  -2398.55  7944
O16 	14895.1 	0.329994  1  -3643.31  8866
O16 	14895.1 	0.233902  1  1549.16  3632
O16 	14895.1 	0.364858  1  -152.536  5424
O16 	14895.1 	0.331978  1  543.388  4653
O16 	14895.1 	0.354916  1  -1459.29  6885
O16 	14895.1 	0.370858  1  4038.12  968
O16 	14895.1 	0.294516  1  3461.96  1559
O16 	14895.1 	0.205993  1  1743.16  3347
O16 	14895.1 	0.703947  1  -2726.45  7984
O16 	14895.1 	0.19118  1  4042.92  1014
O16 	14895.1 	0.272979  1  -4836.1  10365
O16 	14895.1 	0.324895  1  2922.71  2140
O16 	14895.1 	0.278317  1  3825.44  1251
O16 	14895.1 	0.249554  1  989.605  4283
O16 	14895.1 	0.211145  1  -3331.3  8851
O16 	14895.1 	0.405556  1  -3352.56  8861
O16 	14895.1 	0.286212  1  -3496.43  8993
O16 	14895.1 	0.274969  1  -2011.04  7395
O16 	14895.1 	0.30666  1  -1060.91  6365
O16 	14895.1 	0.295943  1  1182.42  3999
O16 	14895.1 	0.246552  1  2497.11  2576
O16 	14895.1 	0.192584  1  -2142.02  7620
O16 	14895.1 	0.203673  1  -3139.96  8439
O16 	14895.1 	0.200756  1  1934.36  3184
O16 	14895.1 	0.284532  1  923.485  4293
O16 	14895.1 	0.389494  1  -3440.01  9008
O16 	14895.1 	0.2171  1  1740.55  3427
O16 	14895.1 	0.198673  1  -93.2475  5421
O16 	14895.1 	0.256367  1  1382.94  3765
O16 	14895.1 	0.282256  1  2537.44  2540
O16 	14895.1 	0.203086  1  3078.17  1989
O16 	14895.1 	0.276052  1  -1018.9  6392
O16 	14895.1 	0.671197  1  -4487.33  9951
O16 	14895.1 	0.254728  1  -997.869  6317
O16 	14895.1 	1.09671  1  -1009.14  6392
O16 	14895.1 	1.88891  1  2533.32  2629
O16 	14895.1 	0.405706  1  -284.699  5598
O16 	14895.1 	0.706555  1  3517.8  1548
O16 	14895.1 	0.215451  1  -3563.18  9059
O16 	14895.1 	0.245092  1  -2024.01  7327
O16 	14895.1 	0.206812  1  194.134  5048
O16 	14895.1 	0.191045  1  3869.19  1133
O16 	14895.1 	0.492156  1  -298.523  5452
O16 	14895.1 	0.273295  1  2334.45  2845
O16 	14895.1 	0.616993  1  3606.99  1413
O16 	14895.1 	0.248117  1  304.073  4938
O16 	14895.1 	0.245421  1  -1543.94  6806
O16 	14895.1 	0.315758  1  3775.5  1277
O16 	14895.1 	0.976847  1  4382.22  621
O16 	14895.1 	0.346108  1  1929.38  3160
O16 	14895.1 	0.45091  1  -3751.78  9201
O16 	14895.1 	0.380303  1  -1548.77  6887
O16 	14895.1 	0.220976  1  -4170.92  9571
O16 	14895.1 	0.684763  1  -314.687  5567
O16 	14895.1 	0.270388  1  397.336  4753
O16 	14895.1 	0.257452  1  -103.597  5487
O16 	14895.1 	0.189606  1  4829.5  184
O16 	14895.1 	0.651212  1  4061.77  971
O16 	14895.1 	0.233908  1  -737.194  6091
O16 	14895.1 	0.234051  1  20.4023  5147
O16 	14895.1 	0.221431  1  -722.658  5932
O16 	14895.1 	0.358999  1  -2189.68  7369
O16 	14895.1 	0.365027  1  -2099.5  7383
O16 	14895.1 	0.696086  1  -1415.73  6738
O16 	14895.1 	0.240423  1  -4665.06  9880
O16 	14895.1 	0.325574  1  3463.15  1575
O16 	14895.1 	0.436752  1  2866.24  2196
O16 	14895.1 	0.537238  1  1396.72  3848
O16 	14895.1 	0.404069  1  4929.15  78
O16 	14895.1 	0.232884  1  -2495.8  7987
O16 	14895.1 	0.495002  1  -2808.42  8260
O16 	14895.1 	0.445242  1  2212.47  2822
O16 	14895.1 	0.401038  1  4568.68  511
O16 	14895.1 	0.288844  1  -1495.72  6880
O16 	14895.1 	0.252911  1  4532.36  501
O16 	14895.1 	0.368418  1  1148.96  4096
O16 	14895.1 	0.561081  1  256.437  4933
O16 	14895.1 	0.787762  1  195.684  4980
O16 	14895.1 	0.838563  1  -756.02  5982
O16 	14895.1 	0.26634  1  3271.69  1821
O16 	14895.1 	0.59194  1  1953.9  3261
O16 	14895.1 	0.188439  1  -219.432  5466
O16 	14895.1 	0.311888  1  -2928.86  8348
O16 	14895.1 	0.890122  1  2371.04  2829
O16 	14895.1 	0.370968  1  -433.34  5733
O16 	14895.1 	0.424588  1  4147.98  908
O16 	14895.1 	0.23683  1  2015.61  3158
O16 	14895.1 	1.06289  1  -3007.87  8468
O16 	14895.1 	0.630846  1  1367.44  3772
O16 	14895.1 	0.42982  1  -4740.48  10331
O16 	14895.1 	0.233721  1  3301.29  1803
O16 	14895.1 	0.455423  1  2606.5  2442
O16 	14895.1 	0.202459  1  2810.26  2335
O16 	14895.1 	6.94485  1  -1116.06  6392
O16 	14895.1 	0.379688  1  4232.75  841
O16 	14895.1 	0.270268  1  972.643  4252
O16 	14895.1 	0.224016  1  67.5509  5148
O16 	14895.1 	0.196919  1  -1471.89  6778
O16 	14895.1 	0.212941  1  4685.95  317
O16 	14895.1 	0.289376  1  4588.12  463
O16 	14895.1 	0.325318  1  -4168.29  9645
O16 	14895.1 	0.261426  1  2704.13  2410
O16 	14895.1 	0.196049  1  -4286.45  9689
O16 	14895.1 	0.251443  1  -3158.83  8538
O16 	14895.1 	1.0085  1  2113.9  3024
O16 	14895.1 	0.20931  1  1981.05  3182
O16 	14895.1 	0.199327  1  -4691.85  10354
O16 	14895.1 	0.315267  1  -742.538  5955
O16 	14895.1 	0.400853  1  -2793.87  8156
O16 	14895.1 	0.252207  1  3229.44  1847
O16 	14895.1 	0.366182  1  -2128.77  7564
O16 	14895.1 	0.249313  1  -3795.89  9203
O16 	14895.1 	0.229269  1  1181.27  4056
O16 	14895.1 	0.262152  1  3865.63  1173
O16 	14895.1 	0.397537  1  463.258  4817
O16 	14895.1 	0.32799  1  4496.95  518
O16 	14895.1 	0.270882  1  -130.586  5351
O16 	14895.1 	0.230462  1  -1378.56  6831
O16 	14895.1 	0.251698  1  1372.6  3713
O16 	14895.1 	1.07374  1  -2869.24  8306
O16 	14895.1 	0.349037  1  -4193.13  9664
O16 	14895.1 	0.222093  1  -57.6441  5322
O16 	14895.1 	0.236693  1  -3670.43  9154
O16 	14895.1 	1.537  1  -4129.8  9627
O16 	14895.1 	0.442507  1  1751.78  3354
O16 	14895.1 	0.278137  1  -4333.68  9738
O16 	14895.1 	0.205433  1  1270.9  4012
O16 	14895.1 	0.272028  1  -1611.78  6787
O16 	14895.1 	0.80891  1  -762.956  6129
O16 	14895.1 	0.211239  1  -2263.24  7615
O16 	14895.1 	0.479859  1  3922.99  1165
O16 	14895.1 	0.436636  1  -1616.38  6790
O16 	14895.1 	0.20132  1  -4131.53  9381
O16 	14895.1 	1.17644  1  599.958  4711
O16 	14895.1 	0.247789  1  3132.46  1921
O16 	14895.1 	0.220227  1  4323.19  727
O16 	14895.1 	0.272958  1  1501.61  3749
O16 	14895.1 	0.361598  1  1092.44  4090
O16 	14895.1 	0.258458  1  -4756.26  10158
O16 	14895.1 	1.84162  1  -3382.51  8674
O16 	14895.1 	0.255951  1  -1699.46  6962
O16 	14895.1 	0.292929  1  3312.98  1823
O16 	14895.1 	0.254114  1  1436.17  3689
O16 	14895.1 	0.534233  1  -812.745  6211
O16 	14895.1 	0.350629  1  872.558  4309
O16 	14895.1 	0.403758  1  -2129.1  7576
O16 	14895.1 	1.19009  1  4062.95  1044
O16 	14895.1 	0.22516  1  -3214.13  8697
O16 	14895.1 	0.570807  1  -3497.47  8995
O16 	14895.1 	0.201738  1  -1320.27  6680
O16 	14895.1 	0.305112  1  843.219  4345
O16 	14895.1 	0.202874  1  -2452.83  7770
O16 	14895.1 	0.196426  1  -1400.51  6777
O16 	14895.1 	0.331378  1  -3791.45  9277
O16 	14895.1 	0.759496  1  60.8445  5167
O16 	14895.1 	0.399634  1  379.569  4834
O16 	14895.1 	0.359608  1  -1188.42  6478
O16 	14895.1 	0.281667  1  25.63  5327
O16 	14895.1 	0.334844  1  -4884.3  10341
O16 	14895.1 	0.223251  1  -600.236  5871
O16 	14895.1 	0.737977  1  -4549.99  10010
O16 	14895.1 	0.233648  1  848.73  4337
O16 	14895.1 	1.21095  1  -2740.78  8131
O16 	14895.1 	0.240291  1  2370.66  2868
O16 	14895.1 	0.235928  1  -4077.69  9461
O16 	14895.1 	0.198827  1  -3255.64  8635
O16 	14895.1 	0.215068  1  -4618.94  10284
O16 	14895.1 	0.248697  1  -1108.77  6491
O16 	14895.1 	0.789765  1  -4364.5  9830
O16 	14895.1 	0.282771  1  -905.637  6161
O16 	14895.1 	0.260019  1  3971.18  1033
O16 	14895.1 	0.1912  1  3891.54  1159
O16 	14895.1 	0.557273  1  4851.49  163
O16 	14895.1 	0.391605  1  3534.83  1558
O16 	14895.1 	0.20062  1  1565.61  3589
O16 	14895.1 	0.235251  1  2061.94  3081
O16 	14895.1 	0.397498  1  -3058.05  8498
O16 	14895.1 	0.200134  1  1314.17  3890
O16 	14895.1 	0.604763  1  -3900.68  9423
O16 	14895.1 	0.188851  1  446.489  4851
O16 	14895.1 	0.33777  1  -1045.21  6394
O16 	14895.1 	0.324687  1  -382.437  5738
O16 	14895.1 	0.235003  1  1830.61  3354
O16 	14895.1 	2.4524  1  4359.35  694
O16 	14895.1 	0.188755  1  -117.21  5383
O16 	14895.1 	1.00128  1  1770.16  3400
O16 	14895.1 	0.810526  1  87.6141  5213
O16 	14895.1 	0.380926  1  -1775.18  7089
O16 	14895.1 	0.542304  1  956.469  4237
O16 	14895.1 	0.283415  1  -1252.09  6553
O16 	14895.1 	0.298357  1  -3663.35  9155
O16 	14895.1 	0.396032  1  3961.44  1071
O16 	14895.1 	0.36174  1  4641.84  394
O16 	14895.1 	1.65834  1  3144.77  1936
O16 	14895.1 	0.269209  1  -3864.25  9138
O16 	14895.1 	0.203036  1  -3620.83  9153
O16 	14895.1 	0.314461  1  3924.9  1104
O16 	14895.1 	1.28838  1  -1966.04  7337
O16 	14895.1 	0.253109  1  4524.66  503
O16 	14895.1 	0.219838  1  3068.35  2066
O16 	14895.1 	0.35054  1  -1013.21  6271
O16 	14895.1 	0.826604  1  -3222.6  8526
O16 	14895.1 	0.26269  1  -2111.12  7436
O16 	14895.1 	0.386472  1  734.557  4473
O16 	14895.1 	0.596035  1  3435.4  1638
O16 	14895.1 	0.324962  1  -2794.4  8027
O16 	14895.1 	0.86679  1  4672.71  321
O16 	14895.1 	0.452295  1  207.705  5001
O16 	14895.1 	0.213392  1  1450.49  3868
O16 	14895.1 	0.387692  1  1989.67  3139
O16 	14895.1 	0.225118  1  4783.34  244
O16 	14895.1 	0.404982  1  -4248.35  9745
O16 	14895.1 	1.42738  1  -1797.95  7081
O16 	14895.1 	0.188807  1  1257.26  4023
O16 	14895.1 	0.534976  1  1711.88  3366
O16 	14895.1 	0.333277  1  -3497.55  8881
O16 	14895.1 	0.280332  1  4448.56  589
O16 	14895.1 	0.212792  1  -1230.59  6633
O16 	14895.1 	0.432523  1  -1514.72  7008
O16 	14895.1 	0.335678  1  -2934.13  8303
O16 	14895.1 	7.6495  1  2987.65  2175
O16 	14895.1 	0.741797  1  -4093.27  9457
O16 	14895.1 	0.969076  1  2601.71  2585
O16 	14895.1 	0.325455  1  -1034.44  6419
O16 	14895.1 	0.239322  1  2717.54  2370
O16 	14895.1 	0.765662  1  -4542.09  10050
O16 	14895.1 	0.273079  1  4765.68  231
O16 	14895.1 	0.294711  1  2407.78  2778
O16 	14895.1 	0.196188  1  -3395.11  8747
O16 	14895.1 	1.74094  1  -699.918  5932
O16 	14895.1 	0.284947  1  -628.831  5860
O16 	14895.1 	0.427741  1  3911.19  1103
O16 	14895.1 	0.26815  1  -2971.14  8462
O16 	14895.1 	0.495196  1  490.92  4769
O16 	14895.1 	0.487422  1  600.364  4689
O16 	14895.1 	0.446164  1  -2126.73  7561
O16 	14895.1 	0.325122  1  2202.32  2931
O16 	14895.1 	0.485004  1  3025.63  2031
O16 	14895.1 	0.26035  1  1715.08  3400
O16 	14895.1 	0.254795  1  -3946.86  9579
O16 	14895.1 	0.214591  1  -2236.62  7501
O16 	14895.1 	0.395296  1  2869.62  2238
O16 	14895.1 	0.488633  1  -4327.88  9862
O16 	14895.1 	0.345456  1  2026.19  3165
O16 	14895.1 	0.193246  1  -1998.94  7157
O16 	14895.1 	1.03947  1  216.233  4961
O16 	14895.1 	1.18271  1  2845.75  2278
O16 	14895.1 	0.344012  1  -33.9044  5389
O16 	14895.1 	0.29857  1  -2436.48  7641
O16 	14895.1 	0.202955  1  -4567.18  10138
O16 	14895.1 	0.244774  1  501.187  4653
O16 	14895.1 	0.235311  1  -2106.19  7459
O16 	14895.1 	0.485754  1  -545.155  5654
O16 	14895.1 	0.207388  1  -4539.77  9943
O16 	14895.1 	0.304001  1  -4912.47  10490
O16 	14895.1 	0.480129  1  106.153  5136
O16 	14895.1 	0.307512  1  4893.17  120
O16 	14895.1 	0.320783  1  -3731.28  9311
O16 	14895.1 	0.372449  1  2328.11  2782
O16 	14895.1 	0.489154  1  1705.66  3434
O16 	14895.1 	0.283592  1  -3751.06  9260
O16 	14895.1 	1.31753  1  -4427.02  9898
O16 	14895.1 	0.252763  1  -2191.06  7615
O16 	14895.1 	0.2395  1  3631.79  1420
O16 	14895.1 	0.321  1  485.694  4866
O16 	14895.1 	0.226648  1  -4124.88  9603
O16 	14895.1 	0.250296  1  1439.54  3731
O16 	14895.1 	0.191238  1  -4125.9  9618
O16 	14895.1 	0.276461  1  -2592.69  8094
O16 	14895.1 	0.465249  1  -117.17  5493
O16 	14895.1 	0.621904  1  -1277.9  6635
O16 	14895.1 	0.359916  1  -1626.02  6898
O16 	14895.1 	0.198015  1  393.459  4790
O16 	14895.1 	0.190772  1  1599.88  3589
O16 	14895.1 	0.306979  1  3382.74  1641
O16 	14895.1 	0.302123  1  -302.961  5601
O16 	14895.1 	0.271627  1  500.532  4670
O16 	14895.1 	0.209767  1  -3567.47  9037
O16 	14895.1 	0.199277  1  -3752.69  9158
O16 	14895.1 	0.247692  1  577.331  4666
O16 	14895.1 	0.329807  1  3355.58  1718
O16 	14895.1 	0.30517  1  -3021.8  8418
O16 	14895.1 	0.375705  1  -1631.8  6823
O16 	14895.1 	0.271657  1  -2012.12  7259
O16 	14895.1 	0.290538  1  -845.434  6126
O16 	14895.1 	0.200078  1  4413.94  647
O16 	14895.1 	0.230465  1  562.162  4722
O16 	14895.1 	0.212209  1  3861.41  1126
O16 	14895.1 	0.271681  1  3177.26  2001
O16 	14895.1 	0.233492  1  2247.31  2827
O16 	14895.1 	0.193982  1  -628.008  5884
O16 	14895.1 	1.39093  1  162.762  4988
O16 	14895.1 	0.315321  1  152.562  5075
O16 	14895.1 	0.574967  1  -388.038  5622
O16 	14895.1 	0.205822  1  3683.38  1328
O16 	14895.1 	0.210742  1  -2207  7645
O16 	14895.1 	0.27439  1  2028.99  3123
O16 	14895.1 	0.404781  1  -4575.17  10100
O16 	14895.1 	0.227304  1  -2544.83  8004
O16 	14895.1 	0.336505  1  1985.9  3251
O16 	14895.1 	0.219065  1  4509.12  543
O16 	14895.1 	0.361254  1  3173.57  1935
O16 	14895.1 	0.296081  1  -1251.23  6628
O16 	14895.1 	0.524229  1  282.432  4879
O16 	14895.1 	0.192199  1  2414.03  2618
O16 	14895.1 	0.210116  1  -4315.49  9873
O16 	14895.1 	2.61582  1  4136.37  915
O16 	14895.1 	0.31317  1  -2960.6  8262
O16 	14895.1 	0.423633  1  2439.69  2621
O16 	14895.1 	0.249604  1  -90.1526  5373
O16 	14895.1 	0.540112  1  -785.369  6096
O16 	14895.1 	0.705605  1  -4113.09  9407
O16 	14895.1 	0.196229  1  -4451.52  9837
O16 	14895.1 	0.515465  1  4596.72  431
O16 	14895.1 	0.49966  1  2763.56  2376
O16 	14895.1 	0.232312  1  -4287.87  9881
O16 	14895.1 	0.310285  1  -4255.84  9665
O16 	14895.1 	0.196591  1  3967.83  1093
O16 	14895.1 	0.790513  1  4338.9  688
O16 	14895.1 	0.263932  1  1209.07  3940
O16 	14895.1 	0.230995  1  4248.57  802
O16 	14895.1 	0.208538  1  -3864.52  9475
O16 	14895.1 	0.527819  1  -4060.8  9592
O16 	14895.1 	0.280846  1  107.522  5171
O16 	14895.1 	0.293658  1  3558.51  1490
O16 	14895.1 	0.357613  1  -93.7388  5503
O16 	14895.1 	0.38745  1  -4769.3  10248
O16 	14895.1 	0.541117  1  4746.13  258
O16 	14895.1 	0.488996  1  -2310.25  7688
O16 	14895.1 	0.286367  1  1841.36  3289
O16 	14895.1 	0.587675  1  -4346.78  9897
O16 	14895.1 	0.275309  1  3680.48  1371
O16 	14895.1 	0.309669  1  1887.1  3217
O16 	14895.1 	0.21567  1  3798.99  1262
O16 	14895.1 	0.502219  1  -66.0709  5208
O16 	14895.1 	0.642195  1  874.96  4243
O16 	14895.1 	0.763877  1  918.052  4319
O16 	14895.1 	0.875498  1  2785.67  2353
O16 	14895.1 	0.583129  1  -3983.3  9315
O16 	14895.1 	0.224116  1  -2616.87  7961
O16 	14895.1 	0.268192  1  776.92  4455
O16 	14895.1 	0.415545  1  248.619  4999
O16 	14895.1 	0.378419  1  4136.14  887
O16 	14895.1 	0.451036  1  3447.89  1655
O16 	14895.1 	0.190189  1  -4888.77  10224
O16 	14895.1 	0.321897  1  4175.97  835
O16 	14895.1 	0.267922  1  -1487.35  6774
O16 	14895.1 	0.285664  1  4547.09  451
O16 	14895.1 	0.485513  1  3599.21  1433
O16 	14895.1 	0.291618  1  -4245.48  9719
O16 	14895.1 	0.463367  1  -3968.84  9592
O16 	14895.1 	0.285277  1  2467.39  2689
O16 	14895.1 	0.679992  1  1359.85  3856
O16 	14895.1 	0.464746  1  23.2648  5253
O16 	14895.1 	0.426389  1  -1725.14  7125
O16 	14895.1 	1.33006  1  -1757.14  7099
O16 	14895.1 	0.771252  1  -670.031  6076
O16 	14895.1 	0.640611  1  -4824.32  10327
O16 	14895.1 	0.298419  1  -2242.81  7610
O16 	14895.1 	0.381702  1  -4868.81  10436
O16 	14895.1 	0.659206  1  2593.94  2489
O16 	14895.1 	0.229002  1  -3603.26  9147
O16 	14895.1 	0.619485  1  -440.213  5684
O16 	14895.1 	3.13716  1  -3273.54  8789
O16 	14895.1 	0.437784  1  -1210.49  6538
O16 	14895.1 	0.413628  1  -4839.87  10353
O16 	14895.1 	0.391468  1  -4975.56  10498
O16 	14895.1 	0.271706  1  -2106.81  7435
O16 	14895.1 	0.218457  1  -1923.57  7275
O16 	14895.1 	0.316748  1  -4107.8  9584
O16 	14895.1 	0.379595  1  -4287.39  9776
O16 	14895.1 	0.32041  1  4412.48  561
O16 	14895.1 	0.382821  1  2639.44  2565
O16 	14895.1 	0.332862  1  -3204.46  8612
O16 	14895.1 	0.260453  1  -789.128  6118
O16 	14895.1 	0.270707  1  1208.89  3916
O16 	14895.1 	0.215383  1  -1811.37  7083
O16 	14895.1 	0.206533  1  -376.057  5633
O16 	14895.1 	1.08121  1  204.629  4903
O16 	14895.1 	0.484739  1  -3396.89  8882
O16 	14895.1 	2.28969  1  -702.71  5997
O16 	14895.1 	0.231909  1  4144.65  895
O16 	14895.1 	0.360179  1  4841.02  137
O16 	14895.1 	0.33913  1  -3808.94  9048
O16 	14895.1 	0.219072  1  590.656  4626
O16 	14895.1 	0.377179  1  -1644.21  6898
O16 	14895.1 	0.339611  1  4316.41  675
O16 	14895.1 	0.362348  1  -2925.98  8319
O16 	14895.1 	0.433994  1  -560.213  5991
O16 	14895.1 	0.213135  1  2951.38  2090
O16 	14895.1 	0.539064  1  462.333  4793
O16 	14895.1 	0.193977  1  320.638  4933
O16 	14895.1 	0.201401  1  -4170.87  9417
O16 	14895.1 	0.228168  1  3182.31  1908
O16 	14895.1 	0.230603  1  4785.15  226
O16 	14895.1 	0.195435  1  -3596.16  8958
O16 	14895.1 	0.43599  1  4330.19  660
O16 	14895.1 	0.518201  1  1201.62  3921
O16 	14895.1 	0.252079  1  3564.53  1425
O16 	14895.1 	0.408327  1  -3350.07  8840
O16 	14895.1 	0.190154  1  -1480.97  6892
O16 	14895.1 	0.460869  1  -140.843  5593
O16 	14895.1 	0.265568  1  -2428.44  7796
O16 	14895.1 	0.207721  1  -286.607  5417
O16 	14895.1 	0.223782  1  1286.53  3959
O16 	14895.1 	0.811681  1  2945.8  2159
O16 	14895.1 	0.280168  1  -2610.69  7953
O16 	14895.1 	0.442855  1  -4800.51  10217
O16 	14895.1 	0.379108  1  -1949.26  7335
O16 	14895.1 	0.202533  1  -48.4681  5364
O16 	14895.1 	0.205199  1  1176.51  4033
O16 	14895.1 	0.259864  1  2244.27  2769
O16 	14895.1 	0.36075  1  4150.74  915
O16 	14895.1 	0.212532  1  -1597.97  6909
O16 	14895.1 	0.883576  1  3931.32  1150
O16 	14895.1 	0.204202  1  4775.53  244
O16 	14895.1 	1.3254  1  3210.01  1964
O16 	14895.1 	0.472775  1  1513.23  3606
O16 	14895.1 	5.4533  1  1519.34  3606
O16 	14895.1 	0.282537  1  4178.64  819
O16 	14895.1 	1.276  1  3242.39  1835
O16 	14895.1 	0.222213  1  -1907.68  7228
O16 	14895.1 	0.488035  1  1992.99  3049
O16 	14895.1 	0.365266  1  1783.16  3268
O16 	14895.1 	0.40838  1  -3399.16  8753
O16 	14895.1 	0.350578  1  4801.7  221
O16 	14895.1 	0.279576  1  1140.44  4042
O16 	14895.1 	0.320782  1  3564.03  1467
O16 	14895.1 	0.349633  1  2134.91  3052
O16 	14895.1 	0.239063  1  4654.42  375
O16 	14895.1 	0.23311  1  4312.59  720
O16 	14895.1 	0.367619  1  -1103.43  6432
O16 	14895.1 	0.188187  1  -3069.32  8525
O16 	14895.1 	0.207937  1  -1602.7  6780
O16 	14895.1 	0.302434  1  -4613.58  10219
O16 	14895.1 	0.202526  1  3963.61  1030
O16 	14895.1 	0.237046  1  2268.96  2859
O16 	14895.1 	0.732943  1  -924.923  6250
O16 	14895.1 	0.444733  1  4888.97  122
O16 	14895.1 	0.211656  1  2910.56  2193
O16 	14895.1 	0.434248  1  -4973.97  10361
O16 	14895.1 	0.283802  1  3569.7  1434
O16 	14895.1 	0.317882  1  -3019.28  8434
O16 	14895.1 	0.439465  1  3085.02  2012
O16 	14895.1 	0.268164  1  -4317.37  9714
O16 	14895.1 	0.244653  1  4533.53  485
O16 	14895.1 	0.204789  1  859.739  4360
O16 	14895.1 	0.261081  1  1101.89  4033
O16 	14895.1 	1.13043  1  -3725.35  9012
O16 	14895.1 	0.388453  1  517.555  4670
O16 	14895.1 	0.233398  1  -59.289  5327
O16 	14895.1 	0.212724  1  -3647.52  8915
O16 	14895.1 	0.352645  1  3021.17  2067
O16 	14895.1 	0.232145  1  -759.183  6071
O16 	14895.1 	0.23826  1  -4887.93  10398
O16 	14895.1 	0.322637  1  3777.14  1251
O16 	14895.1 	0.315816  1  1859.4  3354
O16 	14895.1 	0.236642  1  -2408.25  7741
O16 	14895.1 	0.241766  1  4213.15  846
O16 	14895.1 	0.386584  1  -1630.9  6963
O16 	14895.1 	0.203039  1  1355.68  3868
O16 	14895.1 	0.259182  1  -3284.51  8667
O16 	14895.1 	0.235729  1  42.4779  5156
O16 	14895.1 	0.232614  1  1428.48  3757
O16 	14895.1 	0.295172  1  4370.38  662
O16 	14895.1 	0.28319  1  3270.99  1867
O16 	14895.1 	0.329444  1  -3628.18  9147
O16 	14895.1 	0.333689  1  -4158.49  9507
O16 	14895.1 	0.242442  1  3657.8  1410
O16 	14895.1 	0.306279  1  -2138.67  7249
O16 	14895.1 	0.20812  1  1001.5  4037
O16 	14895.1 	0.204592  1  -265.767  5556
O16 	14895.1 	0.306319  1  1262.25  4039
O16 	14895.1 	0.287653  1  -4143.5  9333
O16 	14895.1 	0.416561  1  374.175  4864
O16 	14895.1 	0.309717  1  2666.11  2523
O16 	14895.1 	0.413721  1  336.123  4914
O16 	14895.1 	0.661064  1  -2128.83  7500
O16 	14895.1 	0.28304  1  -3591.37  9009
O16 	14895.1 	0.216781  1  -2524.73  7831
O16 	14895.1 	0.196281  1  1764.49  3354
O16 	14895.1 	0.437815  1  3782.02  1249
O16 	14895.1 	0.225607  1  282.794  5084
O16 	14895.1 	0.999179  1  -4450.8  9927
O16 	14895.1 	0.720381  1  -899.893  6164
O16 	14895.1 	0.45291  1  2706.96  2398
O16 	14895.1 	0.383851  1  -3856.09  9404
O16 	14895.1 	0.221214  1  -1996.21  7248
O16 	14895.1 	0.836636  1  -965.434  6419
O16 	14895.1 	0.921276  1  -3557.86  9029
O16 	14895.1 	0.198965  1  3586.89  1574
O16 	14895.1 	0.743708  1  -606.571  5843
O16 	14895.1 	0.198116  1  3231.03  1751
O16 	14895.1 	0.206715  1  609.899  4657
O16 	14895.1 	0.216897  1  4072.64  976
O16 	14895.1 	1.79274  1  3828.91  1243
O16 	14895.1 	0.193108  1  -207.07  5600
O16 	14895.1 	0.323468  1  1669.55  3572
O16 	14895.1 	0.462752  1  649.254  4601
O16 	14895.1 	1.32791  1  -1054.64  6283
O16 	14895.1 	0.411544  1  -979.327  6174
O16 	14895.1 	0.193621  1  64.5231  5151
O16 	14895.1 	0.240509  1  3576.44  1480
O16 	14895.1 	0.28228  1  -1954.79  7354
O16 	14895.1 	0.508115  1  88.0628  5189
O16 	14895.1 	0.536628  1  -4136  9555
O16 	14895.1 	0.223066  1  3103.23  1961
O16 	14895.1 	0.247599  1  1255.51  3932
O16 	14895.1 	1.38524  1  4637.65  365
O16 	14895.1 	0.268074  1  -4237.38  9588
O16 	14895.1 	0.320785  1  -2814.74  8185
O16 	14895.1 	0.313892  1  -4607.76  10013
O16 	14895.1 	0.3283  1  -2416.4  7630
O16 	14895.1 	0.383518  1  4258.21  787
O16 	14895.1 	0.349572  1  2976.95  2145
O16 	14895.1 	0.275866  1  349.85  4909
O16 	14895.1 	0.195008  1  -3479.02  8938
O16 	14895.1 	0.196702  1  -4981.19  10414
O16 	14895.1 	0.625032  1  2561.99  2519
O16 	14895.1 	0.302013  1  -1418.44  6832
O16 	14895.1 	0.835092  1  1541.96  3651
O16 	14895.1 	0.896842  1  -1329.11  6653
O16 	14895.1 	0.4942  1  -2199.79  7500
O16 	14895.1 	0.222312  1  -1018.07  6330
O16 	14895.1 	0.280546  1  4914.98  73
O16 	14895.1 	0.254739  1  -1551.12  6887
O16 	14895.1 	1.33169  1  -1508.76  6971
O16 	14895.1 	0.380586  1  -2616.6  7966
O16 	14895.1 	0.315927  1  -2920.39  8280
O16 	14895.1 	0.357617  1  246.215  5079
O16 	14895.1 	0.27467  1  -720.466  6069
O16 	14895.1 	0.244941  1  -4681.41  10152
O16 	14895.1 	0.68838  1  1852.84  3312
O16 	14895.1 	0.204941  1  -1566.67  6867
O16 	14895.1 	0.349872  1  1275.77  3945
O16 	14895.1 	0.456522  1  891.216  4309
O16 	14895.1 	0.23711  1  2980.05  2095
O16 	14895.1 	0.253221  1  -2878.03  8166
O16 	14895.1 	0.356623  1  -4745.86  10307
O16 	14895.1 	0.289151  1  3800.32  1293
O16 	14895.1 	0.413095  1  -2514.18  7773
O16 	14895.1 	0.330441  1  4453.49  549
O16 	14895.1 	0.340719  1  3870.05  1221
O16 	14895.1 	0.641354  1  -2954.99  8496
O16 	14895.1 	0.220992  1  -1657.71  6929
O16 	14895.1 	0.266125  1  1783.44  3473
O16 	14895.1 	0.212292  1  -778.902  6081
O16 	14895.1 	0.219284  1  -4866.83  10328
O16 	14895.1 	0.968812  1  1170.88  4085
O16 	14895.1 	0.265048  1  -2553.63  7985
O16 	14895.1 	0.281864  1  4703.99  312
O16 	14895.1 	0.192623  1  -4852.83  10108
O16 	14895.1 	0.266587  1  -2265  7749
O16 	14895.1 	0.205067  1  1681.66  3565
O16 	14895.1 	0.246374  1  1780.68  3366
O16 	14895.1 	0.212539  1  -2089.13  7425
O16 	14895.1 	0.399131  1  3946.9  1086
O16 	14895.1 	0.666496  1  -919.512  6197
O16 	14895.1 	0.680597  1  -2635.58  7785
O16 	14895.1 	0.625989  1  3995.46  1082
O16 	14895.1 	0.194543  1  -2248.79  7581
O16 	14895.1 	1.64537  1  271.083  4991
O16 	14895.1 	0.267139  1  -2160.8  7520
O16 	14895.1 	0.421402  1  4754.22  249
O16 	14895.1 	0.320258  1  -2343.53  7742
O16 	14895.1 	0.711474  1  609.684  4478
O16 	14895.1 	0.476188  1  1484.29  3744
O16 	14895.1 	0.212414  1  -564.153  5877
O16 	14895.1 	0.55146  1  -410.071  5539
O16 	14895.1 	1.98834  1  3761.2  1321
O16 	14895.1 	0.249452  1  2571.21  2566
O16 	14895.1 	0.229985  1  1710.71  3347
O16 	14895.1 	0.406959  1  -933.589  6175
O16 	14895.1 	0.227217  1  1080.11  4031
O16 	14895.1 	0.930842  1  -2896.88  8226
O16 	14895.1 	0.284712  1  -3566.49  9129
O16 	14895.1 	0.9419  1  -3935.52  9294
O16 	14895.1 	0.575454  1  3020.34  2107
O16 	14895.1 	2.25462  1  2104.2  3023
O16 	14895.1 	0.250396  1  -1453.94  6746
O16 	14895.1 	0.682031  1  807.799  4475
O16 	14895.1 	0.215181  1  4686.13  339
O16 	14895.1 	0.205716  1  3648.57  1350
O16 	14895.1 	0.249808  1  -1228.38  6536
O16 	14895.1 	0.356168  1  842.365  4381
O16 	14895.1 	1.131  1  -1424.08  6871
O16 	14895.1 	0.359932  1  1297.93  3887
O16 	14895.1 	0.33841  1  1944.67  3178
O16 	14895.1 	0.380931  1  -4605.59  10071
O16 	14895.1 	0.390609  1  2019.43  3111
O16 	14895.1 	0.199016  1  974.582  4181
O16 	14895.1 	0.560682  1  1206.51  3930
O16 	14895.1 	0.234107  1  3012.26  2036
O16 	14895.1 	0.201057  1  -2598.66  7784
O16 	14895.1 	0.213569  1  2978.81  2087
O16 	14895.1 	3.09706  1  835.199  4329
O16 	14895.1 	0.295262  1  4615.8  385
O16 	14895.1 	0.514305  1  2141.3  2993
O16 	14895.1 	0.379797  1  -3661.99  9209
O16 	14895.1 	0.319358  1  -4824.84  10401
O16 	14895.1 	0.319026  1  1442.75  3788
O16 	14895.1 	0.552118  1  -3265  8615
O16 	14895.1 	0.217359  1  -1321.66  6639
O16 	14895.1 	0.384664  1  1254.82  3861
O16 	14895.1 	0.290632  1  -2821.3  8084
O16 	14895.1 	0.413588  1  702.226  4545
O16 	14895.1 	0.264981  1  -2252.04  7497
O16 	14895.1 	0.211825  1  2758.16  2290
O16 	14895.1 	0.823265  1  -1318.61  6683
O16 	14895.1 	0.796264  1  3820.9  1212
O16 	14895.1 	0.48375  1  2958.1  2153
O16 	14895.1 	0.306397  1  1580.35  3564
O16 	14895.1 	0.621753  1  -4722  10177
O16 	14895.1 	3.14857  1  2934.17  2135
O16 	14895.1 	0.304043  1  3245.31  1841
O16 	14895.1 	0.339196  1  -4704.8  10032
O16 	14895.1 	2.00501  1  4658.05  377
O16 	14895.1 	0.276376  1  2683.16  2503
O16 	14895.1 	0.283639  1  -2325.67  7718
O16 	14895.1 	0.248802  1  -3847.26  9390
O16 	14895.1 	0.207582  1  -2511.19  7779
O16 	14895.1 	0.27498  1  -4390.66  9800
O16 	14895.1 	0.44037  1  1372.62  3834
O16 	14895.1 	0.940779  1  -1255.88  6614
O16 	14895.1 	0.561047  1  -1884.64  7287
O16 	14895.1 	0.314141  1  1354.66  3875
O16 	14895.1 	0.232891  1  621.771  4616
O16 	14895.1 	0.272739  1  -2179.33  7532
O16 	14895.1 	0.391275  1  -1409.96  6859
O16 	14895.1 	0.188234  1  -7.50237  5244
O16 	14895.1 	0.374902  1  -519.779  5849
O16 	14895.1 	0.779555  1  1954.87  3132
O16 	14895.1 	0.372996  1  297.884  4802
O16 	14895.1 	0.835653  1  3935.85  1124
O16 	14895.1 	0.460598  1  -1239.13  6631
O16 	14895.1 	0.278746  1  -3279.31  8747
O16 	14895.1 	0.236241  1  -1047.23  6344
O16 	14895.1 	0.19462  1  -1208.84  6523
O16 	14895.1 	0.284939  1  663.597  4544
O16 	14895.1 	0.835302  1  -4431.87  9976
O16 	14895.1 	0.22606  1  -1952.14  7263
O16 	14895.1 	0.193017  1  952.385  4217
O16 	14895.1 	0.311202  1  -500.435  5472
O16 	14895.1 	0.363186  1  -4886.08  10254
O16 	14895.1 	0.335525  1  -4111.09  9428
O16 	14895.1 	0.507315  1  -3581.56  9022
O16 	14895.1 	0.271853  1  3593.54  1490
O16 	14895.1 	0.291545  1  -3291.13  8598
O16 	14895.1 	0.200049  1  1082.11  4142
O16 	14895.1 	0.214711  1  1345.3  3820
O16 	14895.1 	0.508838  1  2245.43  2827
O16 	14895.1 	0.226521  1  -4240.02  9790
O16 	14895.1 	0.912804  1  -2322.98  7546
O16 	14895.1 	0.260601  1  776.566  4455
O16 	14895.1 	0.27366  1  -4050.77  9536
O16 	14895.1 	0.216973  1  551.315  4599
O16 	14895.1 	0.282406  1  -4858.65  10277
O16 	14895.1 	0.299539  1  -4113.53  9633
O16 	14895.1 	1.13021  1  -2696.56  8236
O16 	14895.1 	0.260401  1  4483.27  533
O16 	14895.1 	0.377599  1  424.443  4724
O16 	14895.1 	0.208402  1  62.4716  5118
O16 	14895.1 	0.223707  1  -1487.12  6909
O16 	14895.1 	0.236344  1  -2879.4  8383
O16 	14895.1 	0.249849  1  669.988  4420
O16 	14895.1 	0.270117  1  -2988.77  8349
O16 	14895.1 	0.252625  1  420.422  4921
O16 	14895.1 	0.390424  1  -2466.75  7777
O16 	14895.1 	0.206931  1  -905.326  6217
O16 	14895.1 	0.230265  1  1061.01  4135
O16 	14895.1 	0.297652  1  217.925  4993
O16 	14895.1 	0.265585  1  947.531  4271
O16 	14895.1 	0.192633  1  2344.59  2812
O16 	14895.1 	0.26657  1  -531.297  5822
O16 	14895.1 	0.545752  1  -1688.54  7064
O16 	14895.1 	0.247018  1  4667.05  307
O16 	14895.1 	0.32428  1  4532.78  477
O16 	14895.1 	0.330914  1  -893.935  6149
O16 	14895.1 	0.295599  1  -1859.22  7188
O16 	14895.1 	0.276293  1  -3698.27  9054
O16 	14895.1 	0.20481  1  4359.87  705
O16 	14895.1 	1.89875  1  -3259.12  8595
O16 	14895.1 	1.07355  1  -102.329  5391
O16 	14895.1 	0.204928  1  -2718.97  8137
O16 	14895.1 	0.349849  1  -3162.6  8543
O16 	14895.1 	0.196299  1  -2621.94  7907
O16 	14895.1 	0.310105  1  -620.899  5794
O16 	14895.1 	0.292676  1  2889.52  2160
O16 	14895.1 	0.844205  1  -2966.08  8438
O16 	14895.1 	0.589001  1  -3788.95  9024
O16 	14895.1 	0.581555  1  756.045  4413
O16 	14895.1 	0.190411  1  1360.75  3711
O16 	14895.1 	0.314306  1  -4109.44  9468
O16 	14895.1 	0.199222  1  4008.85  1002
O16 	14895.1 	0.246439  1  1393.55  3787
O16 	14895.1 	0.230021  1  -2166.43  7449
O16 	14895.1 	0.193889  1  -2500.47  7800
O16 	14895.1 	0.794665  1  -4187  9668
O16 	14895.1 	0.934555  1  2311.76  2910
O16 	14895.1 	0.307583  1  -225.101  5569
O16 	14895.1 	0.291419  1  -93.8535  5412
O16 	14895.1 	0.276922  1  -755.088  5938
O16 	14895.1 	0.373461  1  -2483.99  7831
O16 	14895.1 	0.818738  1  -895.956  6132
O16 	14895.1 	0.201928  1  2395.8  2593
O16 	14895.1 	0.372023  1  846.843  4387
O16 	14895.1 	0.53087  1  -4828.02  10312
O16 	14895.1 	0.220432  1  -2161.73  7513
O16 	14895.1 	1.43583  1  4743.79  261
O16 	14895.1 	0.494366  1  1842.85  3313
O16 	14895.1 	0.197996  1  -2587.83  7995
O16 	14895.1 	0.40369  1  3059.67  1987
O16 	14895.1 	0.230838  1  3593.48  1470
O16 	14895.1 	0.196434  1  427.287  4679
O16 	14895.1 	0.646892  1  -3633.65  9131
O16 	14895.1 	0.212824  1  2267.47  2749
O16 	14895.1 	2.42092  1  -3531.8  8812
O16 	14895.1 	1.48244  1  -4730.7  10183
O16 	14895.1 	0.377818  1  -218.51  5502
O16 	14895.1 	0.314194  1  -4042.73  9400
O16 	14895.1 	2.2563  1  4704.53  324
O16 	14895.1 	0.666459  1  1043.3  4065
O16 	14895.1 	0.329524  1  -772.758  6075
O16 	14895.1 	0.353787  1  -2387.73  7698
O16 	14895.1 	0.281013  1  490.734  4827
O16 	14895.1 	1.37593  1  -4837.97  10397
O16 	14895.1 	0.749315  1  -956.342  6109
O16 	14895.1 	0.241743  1  1462.12  3617
O16 	14895.1 	0.658328  1  1473.69  3693
O16 	14895.1 	0.301024  1  -2538.81  7842
O16 	14895.1 	0.458117  1  -4725.16  10387
O16 	14895.1 	0.275104  1  3339.89  1797
O16 	14895.1 	0.455946  1  4438.99  598
O16 	14895.1 	0.2259  1  -602.749  5832
O16 	14895.1 	0.220336  1  2444.53  2689
O16 	14895.1 	0.400952  1  3628.18  1442
O16 	14895.1 	0.394324  1  -1756.02  7051
O16 	14895.1 	0.845798  1  2239.68  2901
O16 	14895.1 	0.40053  1  310.883  4961
O16 	14895.1 	0.200672  1  -548.245  5743
O16 	14895.1 	0.245008  1  -1431.98  6621
O16 	14895.1 	0.535453  1  2137.47  3017
O16 	14895.1 	0.276843  1  1798.14  3418
O16 	14895.1 	0.202506  1  -4681.76  10169
O16 	14895.1 	0.31386  1  -3997.28  9345
O16 	14895.1 	0.498073  1  -230.478  5529
O16 	14895.1 	0.236566  1  1822.16  3366
O16 	14895.1 	0.89434  1  -3321.63  8662
O16 	14895.1 	0.243256  1  -2859.95  8261
O16 	14895.1 	0.20326  1  1520.89  3738
O16 	14895.1 	0.485645  1  -260.323  5440
O16 	14895.1 	0.645374  1  3545.56  1526
O16 	14895.1 	0.862859  1  -4701.05  10061
O16 	14895.1 	0.205356  1  2792.94  2328
O16 	14895.1 	0.200519  1  3949.05  1141
O16 	14895.1 	0.201714  1  -3237.31  8642
O16 	14895.1 	0.23366  1  -3499.5  8928
O16 	14895.1 	0.228602  1  3442.14  1669
O16 	14895.1 	0.393373  1  -1635.68  6974
O16 	14895.1 	2.14424  1  -1053.98  6442
O16 	14895.1 	0.206393  1  2925.73  2266
O16 	14895.1 	0.579506  1  1766.21  3465
O16 	14895.1 	0.550959  1  -736.45  5975
O16 	14895.1 	0.228112  1  -477.441  5640
O16 	14895.1 	0.309296  1  -4311.29  9763
O16 	14895.1 	0.22165  1  -880.66  6261
O16 	14895.1 	0.708038  1  2330.77  2749
O16 	14895.1 	0.209586  1  3294.79  1771
O16 	14895.1 	0.691794  1  2661.24  2365
O16 	14895.1 	0.323376  1  3224.78  1876
O16 	14895.1 	0.215434  1  4456.13  609
O16 	14895.1 	1.2702  1  -4124.56  9703
O16 	14895.1 	0.312883  1  1529.29  3643
O16 	14895.1 	0.200798  1  3303.53  1654
O16 	14895.1 	0.310779  1  -3482.8  8877
O16 	14895.1 	0.301106  1  -1838.44  7127
O16 	14895.1 	0.462781  1  4158.66  900
O16 	14895.1 	0.262794  1  2505.19  2566
O16 	14895.1 	0.25721  1  3385.88  1673
O16 	14895.1 	0.413728  1  -3965.35  9481
O16 	14895.1 	0.227481  1  -975.398  6258
O16 	14895.1 	0.393391  1  851.625  4446
O16 	14895.1 	0.225366  1  -4368.34  9869
O16 	14895.1 	0.4304  1  -3258  8791
O16 	14895.1 	0.665669  1  3493.81  1630
O16 	14895.1 	0.23571  1  -2256.99  7562
O16 	14895.1 	0.268589  1  3343.8  1762
O16 	14895.1 	0.273333  1  2312.89  2837
O16 	14895.1 	0.320914  1  4845.16  168
O16 	14895.1 	0.244841  1  507.486  4822
O16 	14895.1 	1.47282  1  -3555.35  8962
O16 	14895.1 	0.247494  1  3957.55  1127
O16 	14895.1 	0.424153  1  3087.31  1995
O16 	14895.1 	0.1952  1  -2404.35  7771
O16 	14895.1 	0.193775  1  1501.34  3618
O16 	14895.1 	0.378755  1  -4389.86  10009
O16 	14895.1 	0.31949  1  -349.612  5695
O16 	14895.1 	0.231103  1  -4315.18  9896
O16 	14895.1 	0.240789  1  3493.39  1563
O16 	14895.1 	0.525747  1  -2792.17  8198
O16 	14895.1 	0.317328  1  -714.783  5958
O16 	14895.1 	0.254385  1  -3132.53  8519
O16 	14895.1 	0.216168  1  1222.19  4001
O16 	14895.1 	0.36157  1  -1308.63  6601
O16 	14895.1 	0.303968  1  -4560.75  10155
O16 	14895.1 	0.205883  1  -119.855  5272
O16 	14895.1 	0.211624  1  -4384.7  9898
O16 	14895.1 	0.272978  1  -4162.39  9410
O16 	14895.1 	0.231584  1  -3694.15  9091
O16 	14895.1 	0.378066  1  -1750.39  7108
O16 	14895.1 	0.683732  1  3822.99  1202
O16 	14895.1 	0.189331  1  -1906.91  7229
O16 	14895.1 	0.252237  1  -455.31  5706
O16 	14895.1 	0.682898  1  1602.82  3628
O16 	14895.1 	0.198312  1  3041.35  2079
O16 	14895.1 	1.57039  1  -386.502  5894
O16 	14895.1 	0.388504  1  1123.78  4093
O16 	14895.1 	0.32635  1  -1666.31  6927
O16 	14895.1 	0.238801  1  -4212.6  9680
O16 	14895.1 	0.269386  1  -1862.77  7125
O16 	14895.1 	0.244311  1  -1586.58  6894
O16 	14895.1 	0.196653  1  4811.65  231
O16 	14895.1 	0.222494  1  1913.8  3158
O16 	14895.1 	0.334317  1  3817.29  1167
O16 	14895.1 	0.204527  1  -1813.07  7077
O16 	14895.1 	1.24221  1  -3528.24  8852
O16 	14895.1 	0.607671  1  -4969.24  10493
O16 	14895.1 	0.23074  1  1993.27  3169
O16 	14895.1 	3.25952  1  -3381.22  8683
O16 	14895.1 	0.253352  1  -255.391  5546
O16 	14895.1 	0.209989  1  -3005.11  8416
O16 	14895.1 	0.42371  1  -434.916  5692
O16 	14895.1 	0.489234  1  2916.73  2174
O16 	14895.1 	3.19561  1  -3274.46  8730
O16 	14895.1 	0.276794  1  2358.02  2662
O16 	14895.1 	2.04008  1  -3196.52  8690
O16 	14895.1 	0.22766  1  -2913.61  8254
O16 	14895.1 	0.920689  1  1612.4  3679
O16 	14895.1 	0.257092  1  -4427  9964
O16 	14895.1 	0.741604  1  -964.921  6058
O16 	14895.1 	0.319275  1  -573.557  5851
O16 	14895.1 	2.62973  1  2539.25  2470
O16 	14895.1 	0.206752  1  4068.09  964
O16 	14895.1 	0.342652  1  4740.27  310
O16 	14895.1 	0.268284  1  -521.083  5737
O16 	14895.1 	1.09564  1  2095.3  3008
O16 	14895.1 	0.244337  1  729.729  4594
O16 	14895.1 	0.354977  1  -4365.51  9961
O16 	14895.1 	0.310826  1  3624.1  1542
O16 	14895.1 	0.338974  1  -2560.41  7920
O16 	14895.1 	0.590422  1  -4178.28  9479
O16 	14895.1 	0.240865  1  4703.18  310
O16 	14895.1 	0.495713  1  2551.99  2639
O16 	14895.1 	0.469267  1  -4795.76  10297
O16 	14895.1 	0.219304  1  2070.27  3039
O16 	14895.1 	0.365709  1  -4833.28  10232
O16 	14895.1 	0.596304  1  -3483.56  8944
O16 	14895.1 	0.211616  1  1367.48  3765
O16 	14895.1 	0.365915  1  -4142.42  9694
O16 	14895.1 	0.57427  1  4095.22  967
O16 	14895.1 	0.61375  1  2720.32  2316
O16 	14895.1 	0.523465  1  -3075.78  8421
O16 	14895.1 	0.31913  1  -3027.5  8696
O16 	14895.1 	3.49494  1  1131.67  4015
O16 	14895.1 	0.260714  1  -1385.05  6547
O16 	14895.1 	0.444298  1  -4268.32  9698
O16 	14895.1 	0.226762  1  3342.83  1743
O16 	14895.1 	0.190752  1  2464.73  2604
O16 	14895.1 	0.331797  1  -2019.21  7259
O16 	14895.1 	0.4232  1  3958.1  1081
O16 	14895.1 	0.357219  1  -2690.11  8120
O16 	14895.1 	0.239803  1  -1245.95  6500
O16 	14895.1 	0.19867  1  -2916.65  8374
O16 	14895.1 	0.206461  1  2916.94  2124
O16 	14895.1 	2.1566  1  4171.7  890
O16 	14895.1 	0.213375  1  -3678.56  9084
O16 	14895.1 	0.812157  1  50.9001  5241
O16 	14895.1 	0.467386  1  -2759.96  8122
O16 	14895.1 	4.86684  1  -141.941  5448
O16 	14895.1 	0.76827  1  3739.05  1345
O16 	14895.1 	0.232232  1  3312.72  1794
O16 	14895.1 	0.188623  1  -1606.92  6955
O16 	14895.1 	0.262688  1  -2577.54  7988
O16 	14895.1 	0.653613  1  4768.48  252
O16 	14895.1 	0.225722  1  4161.71  867
O16 	14895.1 	0.302582  1  3292.65  1842
O16 	14895.1 	0.197179  1  447.457  4739
O16 	14895.1 	0.237226  1  -3501.23  9068
O16 	14895.1 	0.395048  1  3592.32  1404
O16 	14895.1 	0.257981  1  3915.39  1139
O16 	14895.1 	0.197931  1  1602.79  3574
O16 	14895.1 	0.207229  1  -2309.26  7666
O16 	14895.1 	0.348547  1  -444.216  5758
O16 	14895.1 	0.546851  1  -3737.05  9123
O16 	14895.1 	0.514169  1  3728.22  1287
O16 	14895.1 	0.284918  1  -3983.46  9464
O16 	14895.1 	0.497451  1  -1220.23  6441
O16 	14895.1 	0.315223  1  -1559.85  6836
O16 	14895.1 	0.974181  1  995.137  4118
O16 	14895.1 	0.230309  1  -4910.37  10338
O16 	14895.1 	0.350334  1  -4764.17  10061
O16 	14895.1 	0.23064  1  -1541.99  6748
O16 	14895.1 	0.21278  1  -4034.77  9270
O16 	14895.1 	0.562138  1  4082.68  926
O16 	14895.1 	0.34549  1  4712.26  292
O16 	14895.1 	4.38472  1  -4911.72  10525
O16 	14895.1 	0.629225  1  -1053.95  6376
O16 	14895.1 	0.53771  1  -1838.68  7165
O16 	14895.1 	0.448676  1  4248.75  739
O16 	14895.1 	0.22507  1  -429.913  5742
O16 	14895.1 	0.503278  1  1133.58  3983
O16 	14895.1 	0.340736  1  4833.17  191
O16 	14895.1 	0.206318  1  -2236  7515
O16 	14895.1 	0.293562  1  1727.68  3460
O16 	14895.1 	0.296245  1  -2996.95  8323
O16 	14895.1 	0.275567  1  3761.34  1287
O16 	14895.1 	0.382353  1  -568.609  5957
O16 	14895.1 	0.68313  1  -1420.77  6732
O16 	14895.1 	0.900934  1  -1471.43  6828
O16 	14895.1 	0.905971  1  1159.83  4032
O16 	14895.1 	0.295693  1  -4993.16  10394
O16 	14895.1 	0.331643  1  2420.73  2697
O16 	14895.1 	0.252432  1  2887.95  2227
O16 	14895.1 	0.628946  1  -4650.45  10309
O16 	14895.1 	0.832686  1  -3736.37  9117
O16 	14895.1 	0.352305  1  722.277  4429
O16 	14895.1 	0.243951  1  1554.05  3591
O16 	14895.1 	0.313949  1  -3492.66  8914
O16 	14895.1 	0.209586  1  -4133.76  9464
O16 	14895.1 	0.267713  1  2768.6  2469
O16 	14895.1 	0.324755  1  3738.5  1336
O16 	14895.1 	0.40486  1  -4185.17  9555
O16 	14895.1 	0.23809  1  1440.59  3771
O16 	14895.1 	0.292063  1  -2194.57  7599
O16 	14895.1 	0.241856  1  -1859.26  7193
O16 	14895.1 	0.215893  1  -4509.09  9983
