O16 	14895.1 	0.295891  1  383.913  4798
O16 	14895.1 	0.217808  1  -666.563  5937
O16 	14895.1 	0.325555  1  2943.58  2249
O16 	14895.1 	0.611186  1  -139.705  5446
O16 	14895.1 	0.25117  1  -2278.71  7793
O16 	14895.1 	2.87471  1  -4037.73  9604
O16 	14895.1 	0.22586  1  -165.274  5440
O16 	14895.1 	0.267551  1  -464.32  5711
O16 	14895.1 	2.43298  1  -4673  10045
O16 	14895.1 	0.314949  1  -3927.88  9492
O16 	14895.1 	0.198356  1  4361.35  683
O16 	14895.1 	0.414011  1  -4496.45  9937
O16 	14895.1 	0.188102  1  -3759.39  9423
O16 	14895.1 	0.19145  1  -1647.15  7069
O16 	14895.1 	2.02196  1  -3672.92  9325
O16 	14895.1 	0.227512  1  2557.18  2532
O16 	14895.1 	3.58267  1  4478.8  537
O16 	14895.1 	0.286928  1  -1931.73  7281
O16 	14895.1 	0.195607  1  -335.251  5582
O16 	14895.1 	0.408195  1  2716.77  2396
O16 	14895.1 	0.506047  1  3364.48  1729
O16 	14895.1 	0.259688  1  2532.56  2634
O16 	14895.1 	0.752293  1  2436.8  2671
O16 	14895.1 	0.244548  1  -1635.31  6977
O16 	14895.1 	0.226278  1  1885.77  3240
O16 	14895.1 	0.561751  1  1605.71  3474
O16 	14895.1 	0.196678  1  -1030.89  6307
O16 	14895.1 	0.372493  1  1640.48  3543
O16 	14895.1 	0.294687  1  -971.004  6174
O16 	14895.1 	0.697245  1  3215.96  1835
O16 	14895.1 	0.246197  1  -336.027  5505
O16 	14895.1 	0.195098  1  -1916.35  7208
O16 	14895.1 	0.311684  1  2231.1  2845
O16 	14895.1 	3.11412  1  -2920.95  8270
O16 	14895.1 	0.272568  1  758.518  4448
O16 	14895.1 	2.72223  1  -4741.4  10439
O16 	14895.1 	0.263723  1  2064.24  3064
O16 	14895.1 	0.541584  1  2296.74  2848
O16 	14895.1 	0.207028  1  4779.13  241
O16 	14895.1 	0.22127  1  -4497.88  10162
O16 	14895.1 	0.284306  1  -3942.81  9308
O16 	14895.1 	0.282797  1  -60.5471  5259
O16 	14895.1 	1.44035  1  -3106.27  8420
O16 	14895.1 	0.431386  1  -733.11  5897
O16 	14895.1 	0.360338  1  -1037.16  6177
O16 	14895.1 	0.71329  1  3220.79  1801
O16 	14895.1 	0.286275  1  -3551.02  8891
O16 	14895.1 	0.238332  1  -3543.85  8983
O16 	14895.1 	0.813635  1  4276.82  788
O16 	14895.1 	0.460067  1  -1029.78  6340
O16 	14895.1 	0.285894  1  -2293.61  7573
O16 	14895.1 	0.312481  1  -868.823  6210
O16 	14895.1 	0.513357  1  -3282.81  8569
O16 	14895.1 	0.202571  1  3053.91  2088
O16 	14895.1 	0.316704  1  390.972  4872
O16 	14895.1 	0.298669  1  4253.83  754
O16 	14895.1 	0.353494  1  1780.72  3411
O16 	14895.1 	0.478119  1  1119.07  4101
O16 	14895.1 	0.950405  1  -1840.2  7151
O16 	14895.1 	0.205362  1  -3327.82  8759
O16 	14895.1 	0.371207  1  2786.22  2380
O16 	14895.1 	0.865569  1  2832.29  2251
O16 	14895.1 	0.454147  1  -3416.1  8791
O16 	14895.1 	0.214209  1  1428.84  3742
O16 	14895.1 	1.65272  1  -1438.54  6692
O16 	14895.1 	0.336809  1  -2653.86  7955
O16 	14895.1 	0.564942  1  -2184.38  7576
O16 	14895.1 	0.287267  1  1042.48  4141
O16 	14895.1 	1.35582  1  -2184.16  7515
O16 	14895.1 	3.05269  1  -2623.41  7911
O16 	14895.1 	0.901495  1  1808.72  3306
O16 	14895.1 	0.466842  1  1059.56  4101
O16 	14895.1 	0.505337  1  -4514.74  9989
O16 	14895.1 	0.225923  1  4138.91  863
O16 	14895.1 	0.445016  1  1593.33  3581
O16 	14895.1 	0.256526  1  -2983.59  8377
O16 	14895.1 	0.274715  1  -555.602  5822
O16 	14895.1 	0.362888  1  -1823.73  7188
O16 	14895.1 	0.259563  1  -915.406  6110
O16 	14895.1 	0.539755  1  -3976.38  9402
O16 	14895.1 	0.349836  1  4525.51  478
O16 	14895.1 	0.194695  1  2948.08  2042
O16 	14895.1 	0.275643  1  -1910.91  7190
O16 	14895.1 	0.233024  1  -4230.05  9596
O16 	14895.1 	0.346269  1  4687.36  340
O16 	14895.1 	0.66029  1  -3978.76  9442
O16 	14895.1 	0.480221  1  2142.67  2947
O16 	14895.1 	0.272698  1  2932.24  2180
O16 	14895.1 	0.24761  1  4484.52  549
O16 	14895.1 	0.263891  1  -547.682  5815
O16 	14895.1 	3.84016  1  -3203.11  8675
O16 	14895.1 	0.296073  1  -48.3146  5261
O16 	14895.1 	2.06591  1  -4804.12  10431
O16 	14895.1 	0.191837  1  -2045.57  7266
O16 	14895.1 	0.303932  1  145.962  4874
O16 	14895.1 	0.448323  1  3928.04  1131
O16 	14895.1 	3.20546  1  -2928.2  8458
O16 	14895.1 	0.322506  1  -3335.57  8844
O16 	14895.1 	0.257232  1  -353.632  5513
O16 	14895.1 	0.216274  1  2578.52  2452
O16 	14895.1 	0.200252  1  3793.36  1277
O16 	14895.1 	0.399942  1  4513.07  503
O16 	14895.1 	0.24006  1  4283.98  737
O16 	14895.1 	0.406689  1  90.186  5205
O16 	14895.1 	0.411178  1  -595.986  5930
O16 	14895.1 	0.145113  1  -4877.93  10475
O16 	14895.1 	0.207731  1  559.047  4569
O16 	14895.1 	0.446202  1  2203.18  2820
O16 	14895.1 	0.262327  1  1479.1  3715
O16 	14895.1 	0.195833  1  -347.841  5600
O16 	14895.1 	0.380072  1  4052.4  1016
O16 	14895.1 	0.490264  1  -1797.48  7150
O16 	14895.1 	0.224312  1  4651.85  350
O16 	14895.1 	0.59324  1  4538.35  457
O16 	14895.1 	0.253863  1  1931.4  3168
O16 	14895.1 	1.0924  1  -320.184  5608
O16 	14895.1 	0.206282  1  -2781.97  8090
O16 	14895.1 	1.36192  1  1966.25  3206
O16 	14895.1 	0.427333  1  330.504  4772
O16 	14895.1 	0.295665  1  -4117.34  9535
O16 	14895.1 	0.907024  1  2286.26  2765
O16 	14895.1 	0.304133  1  4290.16  708
O16 	14895.1 	0.384364  1  3079.5  2081
O16 	14895.1 	0.376282  1  2545.35  2643
O16 	14895.1 	0.344053  1  2358.11  2749
O16 	14895.1 	1.85158  1  33.0925  5176
O16 	14895.1 	0.416324  1  -471.069  5644
O16 	14895.1 	0.682173  1  3319.41  1719
O16 	14895.1 	0.435761  1  -3400.6  8658
O16 	14895.1 	0.328376  1  4023.08  1046
O16 	14895.1 	0.305215  1  1798.52  3420
O16 	14895.1 	0.247593  1  -4433.62  9951
O16 	14895.1 	0.261373  1  1058.4  4175
O16 	14895.1 	0.582691  1  4331.86  727
O16 	14895.1 	0.335865  1  -2906.64  8332
O16 	14895.1 	1.67322  1  -822.189  6105
O16 	14895.1 	0.214571  1  -3848.59  9387
O16 	14895.1 	0.215231  1  3950.77  1118
O16 	14895.1 	0.321223  1  259.131  4895
O16 	14895.1 	3.00124  1  -3910.78  9415
O16 	14895.1 	0.257966  1  4945.09  67
O16 	14895.1 	0.296845  1  2098.2  3022
O16 	14895.1 	0.437118  1  -1130.82  6379
O16 	14895.1 	2.59524  1  -3955.21  9443
O16 	14895.1 	0.328546  1  -142.319  5285
O16 	14895.1 	0.221156  1  369.325  4885
O16 	14895.1 	0.189526  1  1344.6  3719
O16 	14895.1 	0.344576  1  -2149.61  7505
O16 	14895.1 	0.474104  1  -800.865  6064
O16 	14895.1 	0.22289  1  -1171.89  6576
O16 	14895.1 	0.327687  1  4581.22  461
O16 	14895.1 	0.236553  1  2659.47  2447
O16 	14895.1 	0.366212  1  4472.64  558
O16 	14895.1 	0.348121  1  1399.23  3700
O16 	14895.1 	0.428544  1  4060.66  965
O16 	14895.1 	0.327006  1  4458.09  556
O16 	14895.1 	0.24882  1  3855.46  1201
O16 	14895.1 	0.21115  1  3134.09  1912
O16 	14895.1 	0.285142  1  -1103.59  6291
O16 	14895.1 	0.299416  1  326.427  4807
O16 	14895.1 	0.900624  1  1893.79  3288
O16 	14895.1 	0.295593  1  -104.691  5391
O16 	14895.1 	0.222174  1  -1612.2  6883
O16 	14895.1 	0.327945  1  -4158.84  9436
O16 	14895.1 	0.64518  1  -2280.24  7652
O16 	14895.1 	0.26613  1  3701.27  1305
O16 	14895.1 	0.255435  1  3298.7  1866
O16 	14895.1 	0.644538  1  2441.29  2733
O16 	14895.1 	0.467385  1  2818.22  2261
O16 	14895.1 	0.506166  1  -1452.21  6782
O16 	14895.1 	0.23219  1  -771.772  6012
O16 	14895.1 	1.09171  1  -2728.39  8098
O16 	14895.1 	1.86262  1  -1961.2  7117
O16 	14895.1 	0.228197  1  -1465.48  6786
O16 	14895.1 	2.09887  1  3458.64  1549
O16 	14895.1 	0.203496  1  3382.24  1618
O16 	14895.1 	0.262983  1  2874.77  2207
O16 	14895.1 	0.225313  1  -2111.76  7367
O16 	14895.1 	0.196425  1  -2996.29  8438
O16 	14895.1 	0.300679  1  2721.48  2449
O16 	14895.1 	0.451652  1  342.321  4875
O16 	14895.1 	1.46045  1  -2300.4  7526
O16 	14895.1 	0.221296  1  2634.2  2537
O16 	14895.1 	0.973554  1  2178.98  3015
O16 	14895.1 	0.243975  1  -613.508  5851
O16 	14895.1 	0.198232  1  -4451.79  9917
O16 	14895.1 	0.41655  1  3595.37  1495
O16 	14895.1 	0.337477  1  3711.88  1379
O16 	14895.1 	0.262613  1  2411.73  2665
O16 	14895.1 	0.353856  1  35.4438  5170
O16 	14895.1 	0.202862  1  3605.11  1479
O16 	14895.1 	0.971455  1  -2737.97  8086
O16 	14895.1 	0.301595  1  -3952.14  9375
O16 	14895.1 	0.294015  1  -2260.8  7747
O16 	14895.1 	0.264549  1  -442.418  5662
O16 	14895.1 	0.672322  1  2347.12  2797
O16 	14895.1 	0.22969  1  3947.27  1076
O16 	14895.1 	0.235545  1  8.08979  5247
O16 	14895.1 	0.735407  1  2632.8  2482
O16 	14895.1 	0.289542  1  4367.87  658
O16 	14895.1 	0.226999  1  2209.67  2972
O16 	14895.1 	0.336704  1  -3032.76  8502
O16 	14895.1 	0.497214  1  1448.37  3768
O16 	14895.1 	0.240346  1  -3968.66  9417
O16 	14895.1 	0.526348  1  175.832  5139
O16 	14895.1 	1.78329  1  -3046.51  8694
O16 	14895.1 	0.368129  1  1047.16  4070
O16 	14895.1 	0.242045  1  -677.043  6057
O16 	14895.1 	0.710821  1  2044.26  3175
O16 	14895.1 	0.230555  1  -1246.79  6426
O16 	14895.1 	0.363753  1  -1178.01  6546
O16 	14895.1 	0.488882  1  1105.17  4073
O16 	14895.1 	0.196428  1  3621.96  1362
O16 	14895.1 	0.268125  1  3006.68  2062
O16 	14895.1 	0.590344  1  3873.77  1208
O16 	14895.1 	0.645992  1  734.294  4490
O16 	14895.1 	0.261281  1  -1745.14  7054
O16 	14895.1 	0.971994  1  -304.124  5397
O16 	14895.1 	0.221421  1  -4009.75  9402
O16 	14895.1 	0.201538  1  1582.47  3506
O16 	14895.1 	0.201709  1  -2455.31  7888
O16 	14895.1 	0.233719  1  2285.21  2812
O16 	14895.1 	0.610078  1  -2501.09  7955
O16 	14895.1 	0.521153  1  -102.664  5386
O16 	14895.1 	0.382028  1  3647.67  1426
O16 	14895.1 	0.598896  1  4259.45  739
O16 	14895.1 	0.423355  1  1479.56  3589
O16 	14895.1 	0.27455  1  -2499.74  7887
O16 	14895.1 	0.192845  1  -1927.55  7235
O16 	14895.1 	0.366015  1  -1862.2  7126
O16 	14895.1 	0.291619  1  -4122.71  9495
O16 	14895.1 	0.782715  1  -2769.87  8120
O16 	14895.1 	0.199114  1  4991.87  9
O16 	14895.1 	0.363365  1  -1490.07  6718
O16 	14895.1 	0.725282  1  3858.69  1176
O16 	14895.1 	0.275979  1  1574.8  3555
O16 	14895.1 	1.84414  1  -3002.65  8414
O16 	14895.1 	0.244663  1  -1089.76  6307
O16 	14895.1 	0.260345  1  -3027.66  8509
O16 	14895.1 	0.229527  1  -1822.49  7076
O16 	14895.1 	0.305225  1  2830.84  2220
O16 	14895.1 	0.288198  1  -1697.61  7134
O16 	14895.1 	1.02089  1  151.343  5136
O16 	14895.1 	0.228244  1  2721.26  2314
O16 	14895.1 	0.380348  1  981.793  4246
O16 	14895.1 	1.49571  1  3323.66  1727
O16 	14895.1 	0.41804  1  -1762.58  6934
O16 	14895.1 	0.234315  1  3600.38  1525
O16 	14895.1 	0.474109  1  2543.04  2599
O16 	14895.1 	0.586847  1  1902.48  3314
O16 	14895.1 	0.237206  1  -1053.1  6479
O16 	14895.1 	0.225186  1  2022.11  3015
O16 	14895.1 	0.317931  1  -1977.99  7359
O16 	14895.1 	0.329238  1  -3565.59  9022
O16 	14895.1 	0.267058  1  2436.67  2679
O16 	14895.1 	0.284271  1  3995.72  1043
O16 	14895.1 	0.653585  1  1364.42  3825
O16 	14895.1 	0.513514  1  -4041.03  9658
O16 	14895.1 	0.354675  1  2111.56  3002
O16 	14895.1 	0.415028  1  -4929.52  10496
O16 	14895.1 	0.290775  1  1351.57  3761
O16 	14895.1 	0.297248  1  3770.91  1308
O16 	14895.1 	0.25205  1  -2243.34  7655
O16 	14895.1 	1.3075  1  -3162.73  8683
O16 	14895.1 	0.603066  1  -3007.75  8261
O16 	14895.1 	0.75438  1  -4395.27  9809
O16 	14895.1 	6.74263  1  -4419.72  9952
O16 	14895.1 	0.378734  1  -1632.99  6861
O16 	14895.1 	0.209438  1  1928.01  3161
O16 	14895.1 	0.349664  1  -463.962  5648
O16 	14895.1 	0.452386  1  -3586.12  8902
O16 	14895.1 	0.315614  1  2241.46  2866
O16 	14895.1 	0.19256  1  36.1456  5287
O16 	14895.1 	0.20879  1  -1079.65  6276
O16 	14895.1 	0.549987  1  4832.07  165
O16 	14895.1 	0.189358  1  -2956.29  8442
O16 	14895.1 	0.831049  1  -4460.33  10230
O16 	14895.1 	0.335913  1  -2300.88  7559
O16 	14895.1 	0.256968  1  1746.01  3311
O16 	14895.1 	0.358997  1  -565.047  5840
O16 	14895.1 	1.19825  1  -1883.56  7121
O16 	14895.1 	0.489651  1  2053.26  2975
O16 	14895.1 	0.196273  1  3335.37  1773
O16 	14895.1 	1.96092  1  4276.99  748
O16 	14895.1 	3.87798  1  -1672.54  7108
O16 	14895.1 	0.338863  1  -1364.5  6729
O16 	14895.1 	0.745702  1  4547.76  469
O16 	14895.1 	0.194498  1  1595.39  3676
O16 	14895.1 	0.431256  1  -4870.1  10262
O16 	14895.1 	0.278001  1  268.121  4882
O16 	14895.1 	0.269051  1  -2243.4  7479
O16 	14895.1 	1.00572  1  -4619.87  10241
O16 	14895.1 	2.47902  1  -3662.72  9181
O16 	14895.1 	1.21517  1  -3561.54  8993
O16 	14895.1 	0.617085  1  -974.314  6230
O16 	14895.1 	0.236345  1  -2371.99  7732
O16 	14895.1 	0.222715  1  146.744  5102
O16 	14895.1 	0.319929  1  -352.005  5596
O16 	14895.1 	0.290928  1  2557.54  2583
O16 	14895.1 	0.221919  1  -723.156  6020
O16 	14895.1 	1.10462  1  4653.44  398
O16 	14895.1 	0.361412  1  -2255.1  7574
O16 	14895.1 	0.188337  1  -1556.51  6628
O16 	14895.1 	0.200095  1  2510.85  2587
O16 	14895.1 	0.290626  1  4480.61  548
O16 	14895.1 	3.25422  1  3028.87  2117
O16 	14895.1 	0.62327  1  4043.4  1023
O16 	14895.1 	0.305019  1  4331.84  693
O16 	14895.1 	0.768514  1  4180.74  866
O16 	14895.1 	0.270795  1  2018.12  3136
O16 	14895.1 	0.310138  1  3341.76  1758
O16 	14895.1 	0.192566  1  -9.19605  5273
O16 	14895.1 	0.280484  1  4440.17  577
O16 	14895.1 	0.496618  1  3166.68  1924
O16 	14895.1 	0.439694  1  -2754.02  8157
O16 	14895.1 	0.253546  1  -4288.56  9750
O16 	14895.1 	0.263613  1  -4600.88  10168
O16 	14895.1 	2.99652  1  -4306.67  9951
O16 	14895.1 	0.771869  1  -3356.82  8765
O16 	14895.1 	0.69842  1  -1527.87  6778
O16 	14895.1 	0.34934  1  -711.182  6102
O16 	14895.1 	0.915466  1  2284.38  2859
O16 	14895.1 	0.212009  1  -2986.68  8423
O16 	14895.1 	0.253938  1  2875.42  2279
O16 	14895.1 	0.623195  1  -360.709  5642
O16 	14895.1 	0.283927  1  -3496.85  8766
O16 	14895.1 	1.08822  1  357.676  4787
O16 	14895.1 	0.289262  1  2380.89  2688
O16 	14895.1 	0.742497  1  1528.31  3633
O16 	14895.1 	0.272936  1  -129.321  5328
O16 	14895.1 	0.334329  1  -3769.61  9235
O16 	14895.1 	0.581216  1  -4367.49  9892
O16 	14895.1 	0.220366  1  1606.04  3543
O16 	14895.1 	0.293886  1  1270.71  3901
O16 	14895.1 	0.282937  1  -4168.71  9607
O16 	14895.1 	0.38427  1  3736.7  1394
O16 	14895.1 	0.193296  1  -3198.01  8685
O16 	14895.1 	0.261348  1  -4231.09  9630
O16 	14895.1 	0.276956  1  -1545.84  6860
O16 	14895.1 	0.196803  1  -2622.27  7889
O16 	14895.1 	0.215915  1  415.829  4731
O16 	14895.1 	0.199102  1  1979.83  3100
O16 	14895.1 	0.201746  1  3498.55  1531
O16 	14895.1 	0.22315  1  -1170.18  6508
O16 	14895.1 	0.274154  1  277.115  4960
O16 	14895.1 	3.31242  1  -4227.73  10007
O16 	14895.1 	0.585442  1  2900.69  2194
O16 	14895.1 	0.465257  1  -194.58  5386
O16 	14895.1 	0.2135  1  1705.01  3519
O16 	14895.1 	0.570424  1  2214.78  2936
O16 	14895.1 	1.56606  1  -2547.38  8042
O16 	14895.1 	0.245757  1  739.177  4379
O16 	14895.1 	0.267894  1  1195.23  3895
O16 	14895.1 	0.356702  1  3906.13  1170
O16 	14895.1 	0.394392  1  -934.359  6342
O16 	14895.1 	0.354139  1  4944.23  70
O16 	14895.1 	0.503323  1  -2370.33  7752
O16 	14895.1 	0.195746  1  -1254.05  6686
O16 	14895.1 	0.301282  1  1461.48  3672
O16 	14895.1 	0.578712  1  -3411.49  8845
O16 	14895.1 	0.227581  1  1929.07  3165
O16 	14895.1 	0.524793  1  1734.28  3534
O16 	14895.1 	0.682504  1  664.71  4423
O16 	14895.1 	0.248305  1  3299.32  1775
O16 	14895.1 	0.202174  1  4558.72  435
O16 	14895.1 	0.5475  1  3586.69  1449
O16 	14895.1 	0.430634  1  -477.418  5713
O16 	14895.1 	0.257194  1  -3327.16  8527
O16 	14895.1 	1.51389  1  4248.44  803
O16 	14895.1 	0.200243  1  4031.55  1059
O16 	14895.1 	0.563504  1  -1357.04  6658
O16 	14895.1 	0.205491  1  -3401.61  8531
O16 	14895.1 	2.01569  1  -4232.42  9717
O16 	14895.1 	0.363553  1  -19.9627  5250
O16 	14895.1 	0.515181  1  3649.12  1455
O16 	14895.1 	4.29554  1  -4488.55  10101
O16 	14895.1 	1.14799  1  1130.1  3995
O16 	14895.1 	0.206851  1  3091.43  2012
O16 	14895.1 	0.237255  1  -2067.81  7359
O16 	14895.1 	0.532545  1  -1938.02  7241
O16 	14895.1 	0.400952  1  1670.44  3411
O16 	14895.1 	0.368755  1  4194.48  832
O16 	14895.1 	0.509597  1  -3742.03  9152
O16 	14895.1 	0.272354  1  -1107.78  6387
O16 	14895.1 	0.540706  1  2359.34  2732
O16 	14895.1 	0.422495  1  4741.73  262
O16 	14895.1 	0.450105  1  647.515  4578
O16 	14895.1 	2.15691  1  1294.43  3900
O16 	14895.1 	0.22577  1  -3385.25  8779
O16 	14895.1 	0.446439  1  4010  1043
O16 	14895.1 	0.344803  1  -1117.4  6488
O16 	14895.1 	0.52756  1  -918.643  6345
O16 	14895.1 	0.53168  1  -3535.51  8997
O16 	14895.1 	0.427847  1  2074.76  3133
O16 	14895.1 	0.253733  1  1557.27  3635
O16 	14895.1 	0.260568  1  4367.55  671
O16 	14895.1 	0.231309  1  4447.12  569
O16 	14895.1 	0.371517  1  -2998.33  8544
O16 	14895.1 	3.30602  1  1518.61  3699
O16 	14895.1 	0.222672  1  1960.78  3178
O16 	14895.1 	0.260733  1  4157.06  859
O16 	14895.1 	0.305237  1  3906.93  1141
O16 	14895.1 	0.310858  1  -142.351  5393
O16 	14895.1 	0.207105  1  -410.587  5618
O16 	14895.1 	0.25034  1  633.394  4562
O16 	14895.1 	0.373632  1  -733.383  5984
O16 	14895.1 	0.665098  1  267.94  4884
O16 	14895.1 	0.398123  1  -1795.62  7138
O16 	14895.1 	0.294361  1  4988.1  17
O16 	14895.1 	0.308772  1  -2005.41  7210
O16 	14895.1 	0.281533  1  -446.019  5733
O16 	14895.1 	0.335935  1  -1061.74  6390
O16 	14895.1 	0.46788  1  3978.64  1051
O16 	14895.1 	0.517584  1  1057.28  4239
O16 	14895.1 	0.608139  1  1778.11  3301
O16 	14895.1 	0.235721  1  -1047.56  6360
O16 	14895.1 	0.311081  1  1144.44  4170
O16 	14895.1 	0.614541  1  -2805.33  8208
O16 	14895.1 	1.2462  1  786.058  4464
O16 	14895.1 	0.669696  1  -758.267  6075
O16 	14895.1 	0.238662  1  -403.29  5609
O16 	14895.1 	0.60776  1  1187.74  4049
O16 	14895.1 	1.26605  1  -1036  6249
O16 	14895.1 	0.686625  1  -1872.57  7100
O16 	14895.1 	0.21444  1  1470.61  3681
O16 	14895.1 	0.217925  1  -1197.42  6442
O16 	14895.1 	0.293049  1  -855.983  6230
O16 	14895.1 	0.227645  1  3410.06  1708
O16 	14895.1 	0.21765  1  3917.72  1212
O16 	14895.1 	0.415183  1  -3767.13  9167
O16 	14895.1 	3.16088  1  -4379.3  10116
O16 	14895.1 	0.408032  1  -2521.11  7888
O16 	14895.1 	0.758762  1  -3402.17  8724
O16 	14895.1 	0.357263  1  -3216.26  8614
O16 	14895.1 	3.05767  1  -4394.12  10086
O16 	14895.1 	3.29798  1  -4352.01  9981
O16 	14895.1 	0.432473  1  3158.89  1912
O16 	14895.1 	0.719911  1  3414.28  1655
O16 	14895.1 	0.194793  1  -3612.72  9100
O16 	14895.1 	0.415037  1  -1575.2  6743
O16 	14895.1 	0.258997  1  2555.14  2522
O16 	14895.1 	0.432942  1  4395.16  640
O16 	14895.1 	4.77087  1  -4599.63  10310
O16 	14895.1 	0.229548  1  2797.22  2333
O16 	14895.1 	0.218175  1  -1262.8  6555
O16 	14895.1 	0.35024  1  3621.96  1355
O16 	14895.1 	0.417672  1  -29.3232  5108
O16 	14895.1 	0.430911  1  2137.72  3009
O16 	14895.1 	0.407798  1  -3346.85  8791
O16 	14895.1 	2.09199  1  4659.89  365
O16 	14895.1 	0.382401  1  413.678  4797
O16 	14895.1 	0.255351  1  1117.36  4028
O16 	14895.1 	0.258909  1  661.192  4553
O16 	14895.1 	0.30703  1  -1197.34  6508
O16 	14895.1 	0.218505  1  -418.49  5661
O16 	14895.1 	0.194747  1  2130.26  2949
O16 	14895.1 	0.423251  1  -1047.49  6314
O16 	14895.1 	0.349315  1  -3605.03  8849
O16 	14895.1 	0.238095  1  -1431.74  6860
O16 	14895.1 	4.06908  1  -4415.31  9993
O16 	14895.1 	0.325732  1  -1722.35  7011
O16 	14895.1 	0.262782  1  1748.83  3414
O16 	14895.1 	0.212699  1  -3163.45  8418
O16 	14895.1 	0.251304  1  -3125.03  8280
O16 	14895.1 	0.950395  1  4833.41  171
O16 	14895.1 	0.556767  1  -3918.58  9601
O16 	14895.1 	1.38083  1  -3756.73  9212
O16 	14895.1 	0.22489  1  2613.98  2515
O16 	14895.1 	0.725543  1  -3953.56  9440
O16 	14895.1 	1.33629  1  241.453  5036
O16 	14895.1 	0.376128  1  -2746.55  8164
O16 	14895.1 	1.19193  1  -524.458  5718
O16 	14895.1 	0.686876  1  3780.73  1266
O16 	14895.1 	0.779954  1  374.881  4890
O16 	14895.1 	0.842325  1  4561.43  466
O16 	14895.1 	0.221572  1  3725.31  1308
O16 	14895.1 	0.837344  1  3714.41  1339
O16 	14895.1 	0.242107  1  920.095  4293
O16 	14895.1 	0.256478  1  4668.07  343
O16 	14895.1 	2.50799  1  -3934.18  9408
O16 	14895.1 	0.648784  1  3181.67  1845
O16 	14895.1 	0.388326  1  -2284.14  7554
O16 	14895.1 	0.225144  1  -229.61  5525
O16 	14895.1 	0.20283  1  4443.36  609
O16 	14895.1 	0.214578  1  -2514.45  7933
O16 	14895.1 	0.200201  1  -715.103  5995
O16 	14895.1 	0.204227  1  3463.64  1677
O16 	14895.1 	0.513676  1  4298.03  749
O16 	14895.1 	0.219107  1  -3443.73  8943
O16 	14895.1 	0.720399  1  -3927.32  9455
O16 	14895.1 	0.239366  1  2020.06  3122
O16 	14895.1 	0.190535  1  -1686.76  7087
O16 	14895.1 	0.825268  1  -704.869  6069
O16 	14895.1 	0.207001  1  -3288.02  8760
O16 	14895.1 	0.902895  1  -894.572  6184
O16 	14895.1 	0.313765  1  4334.48  701
O16 	14895.1 	1.13703  1  -4150.61  9829
O16 	14895.1 	0.42731  1  -1334.43  6674
O16 	14895.1 	0.237727  1  873.324  4338
O16 	14895.1 	0.510554  1  1996.49  3063
O16 	14895.1 	0.213778  1  4021.52  1053
O16 	14895.1 	0.3524  1  2536.49  2505
O16 	14895.1 	0.337791  1  -2990.27  8205
O16 	14895.1 	0.195983  1  -2617.24  7978
O16 	14895.1 	0.631797  1  4322.95  680
O16 	14895.1 	0.321096  1  -2856.69  8079
O16 	14895.1 	2.71436  1  -31.3463  5357
O16 	14895.1 	0.377025  1  4923.74  82
O16 	14895.1 	0.278628  1  -1902.23  7297
O16 	14895.1 	1.04194  1  -4070.66  9641
O16 	14895.1 	0.870756  1  3354.17  1776
O16 	14895.1 	0.30896  1  1358.79  3765
O16 	14895.1 	0.654116  1  3245.08  1833
O16 	14895.1 	0.245198  1  410.232  4805
O16 	14895.1 	0.222629  1  1131.97  4105
O16 	14895.1 	3.21085  1  -4630.21  10205
O16 	14895.1 	0.365684  1  696.334  4435
O16 	14895.1 	1.13005  1  -252.695  5476
O16 	14895.1 	0.195518  1  -2375.72  7826
O16 	14895.1 	0.430719  1  4325.48  747
O16 	14895.1 	0.335725  1  737.5  4430
O16 	14895.1 	0.193282  1  -3780.84  9268
O16 	14895.1 	0.265251  1  459.297  4801
O16 	14895.1 	0.285286  1  -3261.56  8680
O16 	14895.1 	2.32188  1  8.44583  5100
O16 	14895.1 	0.475491  1  -205.488  5476
O16 	14895.1 	0.721714  1  -2731.77  8269
O16 	14895.1 	0.870558  1  -316.13  5524
O16 	14895.1 	1.63168  1  -60.6264  5254
O16 	14895.1 	0.261552  1  2903.63  2135
O16 	14895.1 	0.417264  1  3301.82  1790
O16 	14895.1 	1.1234  1  131.821  5081
O16 	14895.1 	0.256809  1  2215.59  2797
O16 	14895.1 	3.0728  1  -4840.93  10364
O16 	14895.1 	0.204056  1  748.358  4408
O16 	14895.1 	0.286367  1  3473.9  1606
O16 	14895.1 	0.268221  1  -3478.17  8793
O16 	14895.1 	0.296565  1  -2233.2  7469
O16 	14895.1 	0.299293  1  824.041  4320
O16 	14895.1 	0.341958  1  -251.732  5596
O16 	14895.1 	0.195987  1  133.397  5137
O16 	14895.1 	0.188233  1  3801.54  1329
O16 	14895.1 	0.207776  1  -1794.03  7109
O16 	14895.1 	0.188968  1  4340.54  695
O16 	14895.1 	0.219392  1  675.087  4520
O16 	14895.1 	0.34774  1  -1196.95  6579
O16 	14895.1 	0.200422  1  -1715.54  7054
O16 	14895.1 	0.321361  1  -995.244  6218
O16 	14895.1 	0.328394  1  802.515  4391
O16 	14895.1 	0.219692  1  -3945.41  9285
O16 	14895.1 	0.188968  1  2210.43  2926
O16 	14895.1 	4.13106  1  -2474.49  8006
O16 	14895.1 	0.266324  1  1863.39  3359
O16 	14895.1 	0.972155  1  -2070.8  7334
O16 	14895.1 	0.866857  1  -2611.08  8138
O16 	14895.1 	1.0831  1  -4066.94  9567
O16 	14895.1 	0.42793  1  -426.801  5757
O16 	14895.1 	0.544745  1  -3403.66  8770
O16 	14895.1 	0.294389  1  -2591.23  8006
O16 	14895.1 	0.420506  1  4017.65  1004
O16 	14895.1 	0.229212  1  -1989.92  7200
O16 	14895.1 	0.210848  1  3901.92  1183
O16 	14895.1 	0.506205  1  -1593.16  6968
O16 	14895.1 	0.395906  1  -4647.15  10274
O16 	14895.1 	0.242944  1  -670.14  6035
O16 	14895.1 	0.240155  1  -329.892  5554
O16 	14895.1 	0.30692  1  -2989.3  8362
O16 	14895.1 	0.206144  1  -640.582  5983
O16 	14895.1 	0.291197  1  -1951.83  7318
O16 	14895.1 	0.209906  1  2002.16  3192
O16 	14895.1 	0.391061  1  -3495.24  8901
O16 	14895.1 	0.229979  1  4820.26  191
O16 	14895.1 	0.423217  1  -851.633  6120
O16 	14895.1 	0.192356  1  129.335  5157
O16 	14895.1 	0.214933  1  -1552.52  6804
O16 	14895.1 	0.204952  1  4646.57  364
O16 	14895.1 	0.466054  1  -1906.36  7198
O16 	14895.1 	4.76031  1  -657.161  5969
O16 	14895.1 	0.250528  1  4576.64  431
O16 	14895.1 	0.295061  1  1289.45  3972
O16 	14895.1 	0.366869  1  -3462.02  8882
O16 	14895.1 	0.232311  1  -943.732  6242
O16 	14895.1 	0.517113  1  3488.96  1574
O16 	14895.1 	0.220223  1  971.088  4169
O16 	14895.1 	0.230032  1  3108.31  2038
O16 	14895.1 	0.201056  1  2808.08  2253
O16 	14895.1 	0.221027  1  2347.31  2803
O16 	14895.1 	0.43026  1  3385.79  1641
O16 	14895.1 	0.196457  1  -1815.38  7168
O16 	14895.1 	0.357157  1  -3255.99  8812
O16 	14895.1 	0.258319  1  727.617  4471
O16 	14895.1 	0.286118  1  4395.39  637
O16 	14895.1 	0.320466  1  -3113.89  8609
O16 	14895.1 	0.231119  1  1114.81  4034
O16 	14895.1 	0.260034  1  -3461.81  8839
O16 	14895.1 	0.257477  1  -1169.84  6379
O16 	14895.1 	0.406181  1  -4151.27  9691
O16 	14895.1 	0.22029  1  1161.1  4186
O16 	14895.1 	0.201239  1  267.771  5134
O16 	14895.1 	0.464408  1  1538.66  3650
O16 	14895.1 	0.413126  1  -4249.5  9769
O16 	14895.1 	0.425458  1  -2849.18  8212
O16 	14895.1 	0.441575  1  217.151  5048
O16 	14895.1 	0.253447  1  1302.64  3843
O16 	14895.1 	1.19677  1  740.832  4328
O16 	14895.1 	0.298597  1  -2439.23  7768
O16 	14895.1 	0.369275  1  -337.395  5777
O16 	14895.1 	0.257394  1  369.129  4831
O16 	14895.1 	0.20278  1  1440.09  3733
O16 	14895.1 	0.227301  1  -3820.01  9217
O16 	14895.1 	2.62885  1  3346.76  1706
O16 	14895.1 	0.216323  1  487.105  4797
O16 	14895.1 	0.203922  1  -515.67  5714
O16 	14895.1 	0.240988  1  -1409.92  6636
O16 	14895.1 	0.273142  1  4103.91  942
O16 	14895.1 	1.47187  1  -3694.86  9105
O16 	14895.1 	0.250853  1  -2953.81  8426
O16 	14895.1 	0.224295  1  1376.47  3802
O16 	14895.1 	0.319906  1  -3222.02  8507
O16 	14895.1 	0.988259  1  944.494  4179
O16 	14895.1 	0.192911  1  3681.87  1386
O16 	14895.1 	0.343476  1  210.328  5129
O16 	14895.1 	0.441956  1  4156.16  872
O16 	14895.1 	0.286471  1  4290.99  692
O16 	14895.1 	0.250858  1  -1409.46  6652
O16 	14895.1 	0.800243  1  1659.99  3445
O16 	14895.1 	0.328652  1  1794.37  3341
O16 	14895.1 	0.207616  1  3781.7  1236
O16 	14895.1 	0.255404  1  -2294.43  7580
O16 	14895.1 	0.238993  1  2131.13  3009
O16 	14895.1 	0.500973  1  446.851  4705
O16 	14895.1 	0.238518  1  -1363.82  6597
O16 	14895.1 	0.254355  1  3947.53  1119
O16 	14895.1 	0.299665  1  887.75  4266
O16 	14895.1 	0.26859  1  -4086.65  9375
O16 	14895.1 	0.734456  1  786.696  4361
O16 	14895.1 	0.510544  1  3532.49  1595
O16 	14895.1 	0.286121  1  2486.34  2667
O16 	14895.1 	0.4871  1  3192.42  1854
O16 	14895.1 	0.213628  1  3227.81  1904
O16 	14895.1 	0.544962  1  1602.77  3594
O16 	14895.1 	0.718923  1  -64.2804  5105
O16 	14895.1 	0.394038  1  -1597.34  6959
O16 	14895.1 	0.676257  1  -1693.97  6993
O16 	14895.1 	0.270277  1  2399.46  2764
O16 	14895.1 	0.18854  1  -325.851  5606
O16 	14895.1 	0.261182  1  1472.69  3789
O16 	14895.1 	3.60867  1  4352.21  675
O16 	14895.1 	0.20615  1  4134.94  920
O16 	14895.1 	2.00513  1  -1825.88  7164
O16 	14895.1 	0.386622  1  2614.21  2592
O16 	14895.1 	0.202906  1  2779.13  2280
O16 	14895.1 	0.198623  1  2045.98  3064
O16 	14895.1 	0.348894  1  -660.477  5999
O16 	14895.1 	1.48545  1  -4179.31  9788
O16 	14895.1 	0.218825  1  -48.2727  5114
O16 	14895.1 	0.248271  1  -3050.55  8420
O16 	14895.1 	0.266051  1  151.218  5072
O16 	14895.1 	0.788855  1  -2631.53  8032
O16 	14895.1 	0.314525  1  4067.25  964
O16 	14895.1 	0.196996  1  1803.58  3306
O16 	14895.1 	0.192175  1  2099.95  3131
O16 	14895.1 	0.37901  1  -4283.07  9781
O16 	14895.1 	0.52546  1  2726.65  2353
O16 	14895.1 	0.404131  1  1699.08  3435
O16 	14895.1 	0.407016  1  -2808.99  8055
O16 	14895.1 	0.346778  1  1117.18  3897
O16 	14895.1 	1.39981  1  2822.55  2264
O16 	14895.1 	0.544029  1  3545.98  1519
O16 	14895.1 	0.312206  1  -514.574  5908
O16 	14895.1 	0.384918  1  -1497.69  6821
O16 	14895.1 	0.236179  1  -4595.07  10181
O16 	14895.1 	0.304642  1  4322.33  728
O16 	14895.1 	0.413882  1  -4764.52  10154
O16 	14895.1 	0.467825  1  -1318.81  6479
O16 	14895.1 	2.79639  1  -4537.9  10114
O16 	14895.1 	0.329508  1  1888.75  3336
O16 	14895.1 	0.226139  1  3731.81  1321
O16 	14895.1 	0.80859  1  -674.865  6053
O16 	14895.1 	0.405232  1  -4181.16  9665
O16 	14895.1 	0.206556  1  -2951.08  8221
O16 	14895.1 	0.630009  1  -730.795  6092
O16 	14895.1 	0.522445  1  2618.82  2396
O16 	14895.1 	0.270211  1  3902.75  1136
O16 	14895.1 	0.342293  1  1448  3667
O16 	14895.1 	0.233959  1  3870.19  1200
O16 	14895.1 	0.191272  1  424.942  4772
O16 	14895.1 	0.303363  1  1236.68  3989
O16 	14895.1 	0.232985  1  -3656.54  9061
O16 	14895.1 	0.381955  1  3536.28  1447
O16 	14895.1 	0.220994  1  203.994  5026
O16 	14895.1 	0.302439  1  -740.528  5826
O16 	14895.1 	0.193189  1  1964.24  3183
O16 	14895.1 	1.52913  1  2936.38  2124
O16 	14895.1 	0.245491  1  4528.88  533
O16 	14895.1 	0.607874  1  2314.48  2853
O16 	14895.1 	0.343497  1  -468.152  5789
O16 	14895.1 	0.271424  1  4386.17  645
O16 	14895.1 	0.27046  1  -2100.19  7295
O16 	14895.1 	0.262982  1  3856.32  1169
O16 	14895.1 	0.265729  1  4213.09  821
O16 	14895.1 	0.234016  1  -1155.75  6431
O16 	14895.1 	0.922322  1  885.043  4249
O16 	14895.1 	0.33272  1  -1921.56  7187
O16 	14895.1 	0.313409  1  -1749.72  7151
O16 	14895.1 	0.217872  1  529.36  4678
O16 	14895.1 	0.249412  1  1421.66  3644
O16 	14895.1 	0.298071  1  -3902.82  9256
O16 	14895.1 	0.244626  1  3914.17  1146
O16 	14895.1 	0.395512  1  3296.98  1785
O16 	14895.1 	0.219636  1  -3398.28  8649
O16 	14895.1 	0.211668  1  1713.62  3364
O16 	14895.1 	1.0483  1  4326.11  694
O16 	14895.1 	0.261081  1  -988.787  6209
O16 	14895.1 	0.199495  1  -1991.19  7431
O16 	14895.1 	0.707448  1  3017.99  2039
O16 	14895.1 	0.227983  1  3066.03  2031
O16 	14895.1 	0.304972  1  1414.19  3782
O16 	14895.1 	0.963916  1  -1866.52  7291
O16 	14895.1 	0.611624  1  -1936.37  7147
O16 	14895.1 	0.510219  1  -2283.59  7648
O16 	14895.1 	0.582056  1  -929.694  6273
O16 	14895.1 	0.188646  1  -2196.24  7546
O16 	14895.1 	0.560122  1  -4341.45  9700
O16 	14895.1 	0.230212  1  -2385.22  7710
O16 	14895.1 	0.229925  1  -1898.23  7143
O16 	14895.1 	0.239938  1  788.319  4407
O16 	14895.1 	0.256778  1  4103.38  939
O16 	14895.1 	0.214699  1  3830.69  1185
O16 	14895.1 	6.151  1  -1893.23  7361
O16 	14895.1 	0.192183  1  -350.233  5617
O16 	14895.1 	0.230947  1  -686.31  5858
O16 	14895.1 	2.0362  1  -4604.63  10129
O16 	14895.1 	3.42015  1  -3841.3  9348
O16 	14895.1 	0.249532  1  3232.32  1819
O16 	14895.1 	3.24274  1  -4558.79  10207
O16 	14895.1 	1.12016  1  4675.27  353
O16 	14895.1 	0.264552  1  -2294.57  7564
O16 	14895.1 	0.25013  1  -3506.31  8942
O16 	14895.1 	0.257744  1  4937.21  74
O16 	14895.1 	0.344776  1  -2477.32  7810
O16 	14895.1 	0.899559  1  1173.82  3916
O16 	14895.1 	0.667212  1  -3964.68  9445
O16 	14895.1 	0.500677  1  -90.1423  5313
O16 	14895.1 	0.261243  1  -4328.54  9591
O16 	14895.1 	0.353616  1  849.42  4387
O16 	14895.1 	0.225675  1  -667.031  5860
O16 	14895.1 	0.19581  1  -4105.63  9776
O16 	14895.1 	0.237155  1  -1662.91  6942
O16 	14895.1 	0.476227  1  -3556.31  9152
O16 	14895.1 	0.252684  1  -4040.73  9346
O16 	14895.1 	0.439209  1  -575.543  5732
O16 	14895.1 	0.593997  1  -1182.37  6345
O16 	14895.1 	0.323015  1  -421.598  5630
O16 	14895.1 	0.744093  1  2735.53  2360
O16 	14895.1 	0.273335  1  2440.53  2674
O16 	14895.1 	1.47835  1  -3355.58  8747
O16 	14895.1 	0.530415  1  4269.48  755
O16 	14895.1 	0.229256  1  -3488.38  8770
O16 	14895.1 	0.221733  1  -1935.62  7150
O16 	14895.1 	0.196231  1  -2451.17  7812
O16 	14895.1 	1.68792  1  -4605.41  10316
O16 	14895.1 	1.82494  1  2051.89  3121
O16 	14895.1 	0.192778  1  2289.49  2833
O16 	14895.1 	0.645245  1  -2769.74  8207
O16 	14895.1 	0.906161  1  -762.585  6038
O16 	14895.1 	0.189694  1  51.1505  5167
O16 	14895.1 	0.565006  1  1846.31  3360
O16 	14895.1 	0.645358  1  -4061.84  9616
O16 	14895.1 	0.328486  1  1882.73  3307
O16 	14895.1 	0.196827  1  4235.02  804
O16 	14895.1 	0.833354  1  -3638.64  9183
O16 	14895.1 	0.449477  1  -3091.22  8472
O16 	14895.1 	0.446281  1  -3165.43  8616
O16 	14895.1 	0.198944  1  2302.98  2835
O16 	14895.1 	1.48201  1  2125.77  3003
O16 	14895.1 	0.351663  1  3731.79  1366
O16 	14895.1 	0.217029  1  4474.91  546
O16 	14895.1 	0.312736  1  1912.69  3142
O16 	14895.1 	0.447323  1  -4915.72  10510
O16 	14895.1 	3.0982  1  3490.07  1582
O16 	14895.1 	0.419233  1  -326.843  5620
O16 	14895.1 	5.23359  1  1144.66  4107
O16 	14895.1 	0.327326  1  486.098  4786
O16 	14895.1 	0.280277  1  -1022.92  6177
O16 	14895.1 	2.16334  1  -1121.98  6283
O16 	14895.1 	0.233956  1  1914.94  3264
O16 	14895.1 	0.75176  1  -823.804  6119
O16 	14895.1 	0.315476  1  -4612.84  10154
O16 	14895.1 	1.18904  1  -3861.53  9425
O16 	14895.1 	0.321918  1  -1116.72  6384
O16 	14895.1 	0.368427  1  2310.9  2689
O16 	14895.1 	0.191224  1  -4378.44  9744
O16 	14895.1 	0.262381  1  -3618.89  8996
O16 	14895.1 	0.203198  1  3886.28  1096
O16 	14895.1 	0.731296  1  -370.461  5436
O16 	14895.1 	0.316403  1  2847.13  2285
O16 	14895.1 	0.53104  1  2793.13  2332
O16 	14895.1 	0.227692  1  -2416.39  7814
O16 	14895.1 	0.341432  1  -1413.77  6761
O16 	14895.1 	0.234327  1  2301.46  2788
O16 	14895.1 	0.880047  1  3633.53  1460
O16 	14895.1 	0.262818  1  1693.09  3467
O16 	14895.1 	2.64467  1  -870.602  6084
O16 	14895.1 	0.72474  1  -1930.03  7050
O16 	14895.1 	0.438377  1  -3680.01  8883
O16 	14895.1 	0.191028  1  2165.16  3090
O16 	14895.1 	0.327207  1  -2121.37  7603
O16 	14895.1 	0.891868  1  -2892.01  8319
O16 	14895.1 	0.224614  1  2105.04  3009
O16 	14895.1 	0.214698  1  -3276.17  8644
O16 	14895.1 	0.242164  1  -434.908  5587
O16 	14895.1 	0.388212  1  1050.14  4190
O16 	14895.1 	0.711402  1  -153.861  5357
O16 	14895.1 	0.326078  1  2025.14  3160
O16 	14895.1 	0.214524  1  888.88  4281
O16 	14895.1 	0.70086  1  749.977  4358
O16 	14895.1 	0.335958  1  4349.63  710
O16 	14895.1 	0.259623  1  484.693  4605
O16 	14895.1 	0.385696  1  2581.77  2460
O16 	14895.1 	0.290371  1  -1534.78  6875
O16 	14895.1 	0.453059  1  -1419.23  6707
O16 	14895.1 	0.376641  1  -895.494  6150
O16 	14895.1 	0.200933  1  4721.37  309
O16 	14895.1 	0.255251  1  242.263  4872
O16 	14895.1 	1.56713  1  -3159.83  8605
O16 	14895.1 	0.272415  1  4775.4  236
O16 	14895.1 	0.24025  1  -1720.95  6996
O16 	14895.1 	0.352216  1  2841.34  2206
O16 	14895.1 	0.383717  1  1554.97  3638
O16 	14895.1 	0.580469  1  -3911.97  9577
O16 	14895.1 	0.234183  1  4291.7  716
O16 	14895.1 	0.252616  1  -2569.97  7853
O16 	14895.1 	0.38907  1  -4001.38  9314
O16 	14895.1 	0.18984  1  -4464.12  9908
O16 	14895.1 	0.599141  1  -2172.53  7481
O16 	14895.1 	0.221551  1  -3038.64  8482
O16 	14895.1 	7.13768  1  -3854.65  9411
O16 	14895.1 	0.291691  1  -3501.7  9116
O16 	14895.1 	0.321522  1  -3607.68  9065
O16 	14895.1 	1.38968  1  176.449  5053
O16 	14895.1 	0.219248  1  -3690.18  9210
O16 	14895.1 	1.82844  1  -1858.2  7234
O16 	14895.1 	0.24487  1  4516.54  548
O16 	14895.1 	0.234481  1  4711.06  341
O16 	14895.1 	4.80439  1  -4289.59  9885
O16 	14895.1 	0.5301  1  -671.88  5835
O16 	14895.1 	0.265298  1  4364.8  696
O16 	14895.1 	0.301726  1  -412.685  5718
O16 	14895.1 	0.336062  1  -3022.48  8487
O16 	14895.1 	0.198884  1  -1893.26  7232
O16 	14895.1 	3.89737  1  -282.443  5496
O16 	14895.1 	0.219459  1  4221.09  818
O16 	14895.1 	0.316235  1  201.76  4964
O16 	14895.1 	0.21308  1  1084.37  4020
O16 	14895.1 	0.34157  1  99.8606  5146
O16 	14895.1 	0.220555  1  -881.253  6088
O16 	14895.1 	0.213264  1  -3597.63  9003
O16 	14895.1 	0.455738  1  -3592.31  9001
O16 	14895.1 	0.244272  1  -1120.38  6440
O16 	14895.1 	0.590526  1  1641.32  3446
O16 	14895.1 	0.258603  1  -720.04  5957
O16 	14895.1 	0.26779  1  -3255.75  8647
O16 	14895.1 	0.736416  1  3841.24  1162
O16 	14895.1 	0.353643  1  1417.51  3745
O16 	14895.1 	0.732748  1  4562.4  464
O16 	14895.1 	0.228762  1  -3559.72  9080
O16 	14895.1 	0.232252  1  -1658.9  7088
O16 	14895.1 	0.472901  1  -3129.14  8561
O16 	14895.1 	0.601447  1  -617.108  5835
O16 	14895.1 	0.200952  1  -649.624  5878
O16 	14895.1 	0.190502  1  1030.53  4085
O16 	14895.1 	0.62677  1  -3049.33  8520
O16 	14895.1 	0.21617  1  1675.86  3460
O16 	14895.1 	0.794599  1  819.6  4416
O16 	14895.1 	1.90822  1  2995.23  2122
O16 	14895.1 	0.468661  1  -3387.05  8760
O16 	14895.1 	3.30115  1  2892.79  2193
O16 	14895.1 	0.928576  1  321.839  4796
O16 	14895.1 	0.511579  1  -777.014  6109
O16 	14895.1 	4.37162  1  -4774.6  10226
O16 	14895.1 	0.491985  1  4409.14  610
O16 	14895.1 	0.190144  1  -3897.84  9278
O16 	14895.1 	0.558878  1  -3596.91  9069
O16 	14895.1 	0.660786  1  4995.54  8
O16 	14895.1 	0.226273  1  4465.47  544
O16 	14895.1 	0.313713  1  4437.41  579
O16 	14895.1 	0.365099  1  864.175  4365
O16 	14895.1 	0.296515  1  1279.19  3827
O16 	14895.1 	1.33474  1  828.189  4305
O16 	14895.1 	1.97137  1  -4173.11  9863
O16 	14895.1 	0.287559  1  -3785.64  9425
O16 	14895.1 	0.260007  1  3553.16  1536
O16 	14895.1 	0.284597  1  -2495.19  7827
O16 	14895.1 	0.319455  1  636.992  4565
O16 	14895.1 	0.30617  1  706.906  4527
O16 	14895.1 	0.19528  1  3465.37  1664
O16 	14895.1 	0.423723  1  -207.577  5365
O16 	14895.1 	0.47829  1  3355.6  1701
O16 	14895.1 	0.37759  1  -2855.09  8265
O16 	14895.1 	0.552584  1  2525.11  2627
O16 	14895.1 	2.58317  1  -4142.23  9715
O16 	14895.1 	0.258137  1  -969.126  6220
O16 	14895.1 	0.589612  1  -2301.31  7589
O16 	14895.1 	0.856375  1  -378.248  5727
O16 	14895.1 	0.251221  1  2916.12  2186
O16 	14895.1 	0.193056  1  2249.07  2918
O16 	14895.1 	0.561687  1  -3677.7  9097
O16 	14895.1 	0.493122  1  -4269.26  9790
O16 	14895.1 	0.721673  1  -4295.11  9711
O16 	14895.1 	0.609847  1  2647.96  2526
O16 	14895.1 	0.304799  1  -4508.01  9867
O16 	14895.1 	0.207889  1  -3014.26  8408
O16 	14895.1 	0.501327  1  -1134.45  6381
O16 	14895.1 	1.33744  1  3033.29  2122
O16 	14895.1 	0.672477  1  2319  2887
O16 	14895.1 	0.228771  1  3166.7  1942
O16 	14895.1 	0.258644  1  -577.547  5791
O16 	14895.1 	0.563686  1  -3794.08  9277
O16 	14895.1 	0.266877  1  2883.42  2241
O16 	14895.1 	1.16973  1  1451.8  3773
O16 	14895.1 	0.256851  1  -3788.87  8959
O16 	14895.1 	0.190257  1  4822.22  204
O16 	14895.1 	0.368216  1  -2085.4  7418
O16 	14895.1 	0.263166  1  -1659.21  6911
O16 	14895.1 	0.255404  1  4450.75  622
O16 	14895.1 	0.225841  1  1426.41  3646
O16 	14895.1 	0.297422  1  -1284.89  6581
O16 	14895.1 	0.33124  1  -2476.67  7881
O16 	14895.1 	0.294584  1  3588.71  1509
O16 	14895.1 	0.248046  1  -4377.45  9720
O16 	14895.1 	0.296401  1  4743.7  278
O16 	14895.1 	0.971323  1  -1643.16  6884
O16 	14895.1 	0.219269  1  4812.26  209
O16 	14895.1 	0.193201  1  -365.635  5576
O16 	14895.1 	0.213616  1  4424.31  590
O16 	14895.1 	0.297731  1  2077.51  3121
O16 	14895.1 	0.280463  1  863.004  4266
O16 	14895.1 	0.206379  1  -2689.22  7864
O16 	14895.1 	0.228057  1  -3216.34  8658
O16 	14895.1 	0.470373  1  4579.46  457
O16 	14895.1 	0.268251  1  2842.55  2287
O16 	14895.1 	0.279993  1  -2312.35  7612
O16 	14895.1 	0.343409  1  37.3781  5148
O16 	14895.1 	0.488473  1  -2665.95  7983
O16 	14895.1 	0.71048  1  -4659.09  10119
O16 	14895.1 	0.255605  1  -3504.95  8821
O16 	14895.1 	0.452569  1  4775.03  228
O16 	14895.1 	0.208516  1  -3981.03  9361
O16 	14895.1 	0.339159  1  -1252.4  6624
O16 	14895.1 	0.281672  1  -1734.21  6983
O16 	14895.1 	0.632263  1  4328.11  713
O16 	14895.1 	0.437706  1  4157.66  856
O16 	14895.1 	5.41742  1  -4515.18  10173
O16 	14895.1 	0.21764  1  1558.01  3652
O16 	14895.1 	0.232658  1  -2332.2  7667
O16 	14895.1 	0.282823  1  -1140.08  6445
O16 	14895.1 	0.221787  1  -4272.68  9800
O16 	14895.1 	0.330615  1  1456.44  3713
O16 	14895.1 	0.653469  1  3307.02  1769
O16 	14895.1 	0.401417  1  -255.525  5432
O16 	14895.1 	0.550297  1  -1039.23  6361
O16 	14895.1 	0.449278  1  -3615.61  8864
O16 	14895.1 	0.207267  1  4757.24  266
O16 	14895.1 	0.263181  1  -781.453  6015
O16 	14895.1 	0.258426  1  3466.65  1600
O16 	14895.1 	0.448176  1  4995.21  11
O16 	14895.1 	0.469913  1  -2718.45  8177
O16 	14895.1 	0.215328  1  4833.1  197
O16 	14895.1 	0.243226  1  -2922.48  8410
O16 	14895.1 	0.204468  1  716.915  4544
O16 	14895.1 	0.346991  1  -3055.77  8420
O16 	14895.1 	0.194043  1  3060.76  2038
O16 	14895.1 	0.197782  1  3248.93  1845
O16 	14895.1 	0.372054  1  -4190.56  9689
O16 	14895.1 	0.453296  1  -3260.87  8664
O16 	14895.1 	1.24241  1  -4765.57  10305
O16 	14895.1 	0.380734  1  805.823  4321
O16 	14895.1 	0.195814  1  3889.95  1169
O16 	14895.1 	0.411148  1  941.498  4265
O16 	14895.1 	0.432129  1  -3921.39  9276
O16 	14895.1 	1.58674  1  -1627.88  6946
O16 	14895.1 	0.555822  1  -3871.82  9290
O16 	14895.1 	0.236873  1  -838.055  6043
O16 	14895.1 	0.366098  1  2122.54  2940
O16 	14895.1 	0.486473  1  2852.71  2218
O16 	14895.1 	0.396012  1  3841.38  1226
O16 	14895.1 	0.565656  1  -3174.48  8555
O16 	14895.1 	0.273178  1  -3541.08  9199
O16 	14895.1 	0.239979  1  -1378.03  6453
O16 	14895.1 	0.250514  1  1779.9  3413
O16 	14895.1 	0.317303  1  3253.6  1786
O16 	14895.1 	0.321718  1  1736.43  3445
O16 	14895.1 	0.24863  1  -4676.98  10148
O16 	14895.1 	0.202008  1  4249.66  772
O16 	14895.1 	0.458858  1  513.043  4726
O16 	14895.1 	3.77521  1  -4555.84  10278
O16 	14895.1 	0.278817  1  3583.38  1484
O16 	14895.1 	0.397707  1  2336.53  2797
O16 	14895.1 	0.23836  1  2438.54  2770
O16 	14895.1 	0.491002  1  -3521.09  8880
O16 	14895.1 	0.32678  1  3902.89  1120
O16 	14895.1 	0.220743  1  -3067.38  8563
O16 	14895.1 	0.523189  1  3604.82  1497
O16 	14895.1 	0.47172  1  -205.714  5336
O16 	14895.1 	0.23601  1  -4360.15  9796
O16 	14895.1 	0.305865  1  -4266.25  9966
O16 	14895.1 	0.219676  1  -723.309  5996
O16 	14895.1 	0.250935  1  3516.29  1495
O16 	14895.1 	0.416021  1  1449.58  3730
O16 	14895.1 	1.23758  1  -4051.92  9420
O16 	14895.1 	0.189934  1  -2730.35  7957
O16 	14895.1 	0.724539  1  -2777.52  8184
O16 	14895.1 	0.272376  1  3274.53  1797
O16 	14895.1 	0.327166  1  -3297.27  8825
O16 	14895.1 	0.209645  1  1359.38  3811
O16 	14895.1 	0.312585  1  356.048  4832
O16 	14895.1 	0.284626  1  -2005.43  7218
O16 	14895.1 	0.651101  1  -142.971  5364
O16 	14895.1 	0.194836  1  -3108.42  8643
O16 	14895.1 	0.280387  1  877.901  4339
O16 	14895.1 	0.355516  1  -2089.26  7390
O16 	14895.1 	0.735567  1  3613.91  1376
O16 	14895.1 	0.421315  1  2885.33  2222
O16 	14895.1 	0.388217  1  4005.56  996
O16 	14895.1 	0.457719  1  -3133.78  8725
O16 	14895.1 	0.261494  1  -1428.7  6759
O16 	14895.1 	0.75079  1  -3643.55  8932
O16 	14895.1 	0.384364  1  -803.836  6002
O16 	14895.1 	0.411192  1  -3954.11  9400
O16 	14895.1 	2.6556  1  -3416.66  9015
O16 	14895.1 	0.287439  1  -420.23  5616
O16 	14895.1 	0.21859  1  -745.997  6089
O16 	14895.1 	0.214964  1  -622.315  5736
O16 	14895.1 	0.190473  1  -834.204  6190
O16 	14895.1 	0.228589  1  4203.3  794
O16 	14895.1 	0.230957  1  4739  252
O16 	14895.1 	0.192233  1  -3655.96  9219
O16 	14895.1 	0.384661  1  -2055.49  7570
O16 	14895.1 	0.217544  1  2823.76  2372
O16 	14895.1 	1.29082  1  -1882.18  7170
O16 	14895.1 	0.205198  1  -1755.57  7287
O16 	14895.1 	0.78967  1  3614.98  1427
O16 	14895.1 	0.189395  1  4256.17  747
O16 	14895.1 	0.307472  1  3650.5  1484
O16 	14895.1 	0.662706  1  -4415.95  10077
O16 	14895.1 	0.234268  1  -1927.93  7162
O16 	14895.1 	0.732598  1  4874.02  127
O16 	14895.1 	0.206637  1  1649.7  3537
O16 	14895.1 	0.510291  1  841.797  4280
O16 	14895.1 	1.06008  1  3205.24  1862
O16 	14895.1 	0.199459  1  1346.38  3805
O16 	14895.1 	0.315006  1  -2319.21  7718
O16 	14895.1 	0.392513  1  3409.72  1667
O16 	14895.1 	0.244432  1  -2857.98  8224
O16 	14895.1 	0.486677  1  -2505.14  7856
O16 	14895.1 	0.248437  1  1393.58  3757
O16 	14895.1 	0.542502  1  3655.13  1369
O16 	14895.1 	0.190664  1  -3219.01  8696
O16 	14895.1 	0.644006  1  1539.7  3502
O16 	14895.1 	0.197702  1  3136.68  1925
O16 	14895.1 	0.274005  1  2437.4  2674
O16 	14895.1 	0.216429  1  -215.829  5436
O16 	14895.1 	0.209455  1  3327.76  1749
O16 	14895.1 	0.192214  1  -3299  8482
O16 	14895.1 	0.364236  1  3544.88  1576
O16 	14895.1 	0.619846  1  2649.35  2465
O16 	14895.1 	0.219317  1  3545.79  1524
O16 	14895.1 	0.189654  1  -2592.93  8026
O16 	14895.1 	2.1291  1  3846.42  1180
O16 	14895.1 	0.278707  1  -1888.89  7181
O16 	14895.1 	0.526175  1  -2942.55  8339
O16 	14895.1 	0.303528  1  -81.3165  5339
O16 	14895.1 	0.262761  1  -1320.01  6604
O16 	14895.1 	0.252803  1  4037.24  1045
O16 	14895.1 	0.197534  1  350.816  4854
O16 	14895.1 	0.336727  1  107.796  5214
O16 	14895.1 	0.478073  1  -776.789  6172
O16 	14895.1 	0.239686  1  -2829.11  8359
O16 	14895.1 	0.31938  1  4579.26  430
O16 	14895.1 	0.34359  1  2781.72  2342
O16 	14895.1 	0.295085  1  317.085  4813
O16 	14895.1 	0.256074  1  4195.18  869
O16 	14895.1 	0.232812  1  2402.03  2801
O16 	14895.1 	0.620197  1  4064.52  1053
O16 	14895.1 	0.20215  1  -180.537  5560
O16 	14895.1 	0.231403  1  -771.356  6139
O16 	14895.1 	0.391852  1  -888.31  6180
O16 	14895.1 	0.393106  1  -3707.38  8988
O16 	14895.1 	0.199012  1  -1218.75  6572
O16 	14895.1 	1.21896  1  -3801.1  9290
O16 	14895.1 	0.469433  1  -2794.66  8135
O16 	14895.1 	0.509158  1  -1090.34  6210
O16 	14895.1 	1.36273  1  -4796.49  10409
O16 	14895.1 	0.796861  1  1322.8  3761
O16 	14895.1 	0.204864  1  4903.68  119
O16 	14895.1 	0.531333  1  -2682.34  7950
O16 	14895.1 	0.251312  1  4268.79  777
O16 	14895.1 	0.235999  1  26.1602  5239
O16 	14895.1 	0.330142  1  -4192.46  9671
O16 	14895.1 	0.264267  1  -2947.51  8512
O16 	14895.1 	0.234086  1  3349.41  1724
O16 	14895.1 	0.333631  1  1452.3  3546
O16 	14895.1 	0.508532  1  3206.23  1843
O16 	14895.1 	0.190681  1  -1321.97  6539
O16 	14895.1 	0.398355  1  -3996.85  9421
O16 	14895.1 	0.230128  1  -1446.21  6723
O16 	14895.1 	0.213897  1  -3882.17  9252
O16 	14895.1 	0.229797  1  -1560.52  6847
O16 	14895.1 	0.265977  1  3317.7  1753
O16 	14895.1 	3.04781  1  -3907.99  9475
O16 	14895.1 	0.309321  1  -79.205  5121
O16 	14895.1 	2.04681  1  -1487.56  6655
O16 	14895.1 	0.220454  1  -4139.5  9568
O16 	14895.1 	0.241548  1  -4352.53  9862
O16 	14895.1 	0.879197  1  4431.42  587
O16 	14895.1 	0.213003  1  3467.98  1628
O16 	14895.1 	0.40658  1  -2725.09  8212
O16 	14895.1 	0.204193  1  -4187.16  9669
O16 	14895.1 	1.1799  1  4322.03  744
O16 	14895.1 	0.32823  1  -3326.53  8793
O16 	14895.1 	0.221284  1  -1885.55  7104
O16 	14895.1 	0.276266  1  3865.59  1111
O16 	14895.1 	0.234821  1  2404.63  2664
O16 	14895.1 	0.26095  1  3863.07  1144
O16 	14895.1 	0.217239  1  -4081.23  9483
O16 	14895.1 	0.300038  1  3734.59  1293
O16 	14895.1 	0.23976  1  263.807  4946
O16 	14895.1 	0.252113  1  -2125.5  7423
O16 	14895.1 	0.20322  1  3226.57  1853
O16 	14895.1 	3.14553  1  3049.8  2012
O16 	14895.1 	4.97506  1  -1692.46  7016
O16 	14895.1 	0.373426  1  1042  4064
O16 	14895.1 	0.210629  1  3105.23  1973
O16 	14895.1 	0.286789  1  -4421.05  9853
O16 	14895.1 	0.203329  1  1666.38  3517
O16 	14895.1 	0.213567  1  1532.55  3645
O16 	14895.1 	0.231903  1  -668.188  5886
O16 	14895.1 	0.62124  1  -4369.88  9919
O16 	14895.1 	1.0318  1  784.377  4501
O16 	14895.1 	0.84246  1  -4201.63  10044
O16 	14895.1 	0.392437  1  -3581.44  9048
O16 	14895.1 	3.9542  1  3504.21  1534
O16 	14895.1 	0.240507  1  1337.14  3819
O16 	14895.1 	0.195651  1  3564.05  1556
O16 	14895.1 	0.610785  1  -796.933  6037
O16 	14895.1 	0.221397  1  -2825.3  8037
O16 	14895.1 	0.209793  1  3125.77  2011
O16 	14895.1 	0.282187  1  1736.97  3463
O16 	14895.1 	0.225531  1  -3282.48  8697
O16 	14895.1 	0.193963  1  315.139  4978
O16 	14895.1 	0.214421  1  442.11  4769
O16 	14895.1 	0.205715  1  596.947  4554
O16 	14895.1 	0.248272  1  -3421.45  8699
O16 	14895.1 	0.916783  1  1542.43  3551
O16 	14895.1 	0.232404  1  2867.51  2163
O16 	14895.1 	0.532955  1  1394  3656
O16 	14895.1 	0.274997  1  930.524  4224
O16 	14895.1 	0.30732  1  3115.25  2018
O16 	14895.1 	0.226828  1  -3017.58  8464
O16 	14895.1 	0.19762  1  -894.3  6086
O16 	14895.1 	0.352459  1  -3122.82  8491
O16 	14895.1 	0.315062  1  -573.599  5952
O16 	14895.1 	0.191593  1  -2245.63  7543
O16 	14895.1 	0.414471  1  -746.229  5986
O16 	14895.1 	0.325935  1  -4159.48  9554
O16 	14895.1 	0.307089  1  4248.05  788
O16 	14895.1 	0.212395  1  -1770.19  6984
O16 	14895.1 	0.254381  1  4558.43  472
O16 	14895.1 	0.52806  1  -3446.86  8694
O16 	14895.1 	0.364724  1  518.072  4705
O16 	14895.1 	0.25397  1  -4244.93  9796
O16 	14895.1 	0.579108  1  -1564.85  6861
O16 	14895.1 	1.33005  1  -3427.38  8840
O16 	14895.1 	0.275106  1  -2614.32  8123
O16 	14895.1 	0.246449  1  -1063.57  6326
O16 	14895.1 	0.210364  1  3992.03  1021
O16 	14895.1 	0.191788  1  -879.573  6115
O16 	14895.1 	0.440805  1  -4215.56  9631
O16 	14895.1 	0.296591  1  -3590.36  9149
O16 	14895.1 	0.23457  1  -4347.4  9778
O16 	14895.1 	0.302173  1  1417.38  3732
O16 	14895.1 	5.3085  1  3547.81  1564
O16 	14895.1 	0.20551  1  2219.39  2836
O16 	14895.1 	0.615172  1  4043.09  977
O16 	14895.1 	0.267863  1  2355.32  2733
O16 	14895.1 	0.193648  1  4772.58  236
O16 	14895.1 	0.888692  1  -2635.54  8092
O16 	14895.1 	0.473172  1  4737.39  279
O16 	14895.1 	0.498663  1  -1113.72  6273
O16 	14895.1 	0.208451  1  78.157  5125
O16 	14895.1 	0.396498  1  4145.14  941
O16 	14895.1 	0.209845  1  1412.36  3717
O16 	14895.1 	0.367304  1  -2072.02  7405
O16 	14895.1 	0.251413  1  -804.252  6036
O16 	14895.1 	0.3506  1  -2637.74  7986
O16 	14895.1 	0.271429  1  3949.7  1107
O16 	14895.1 	0.246147  1  -2440.08  7768
O16 	14895.1 	0.321537  1  2125.55  3000
O16 	14895.1 	0.200672  1  -3659.13  8861
O16 	14895.1 	1.06632  1  4070.2  945
O16 	14895.1 	0.552983  1  -2031.5  7339
O16 	14895.1 	0.322242  1  -2445.17  8008
O16 	14895.1 	0.20945  1  -921.059  6224
O16 	14895.1 	0.19409  1  -1235.57  6601
O16 	14895.1 	0.292042  1  -2495.34  8202
O16 	14895.1 	0.530337  1  1241.88  3784
O16 	14895.1 	0.502764  1  2368.4  2658
O16 	14895.1 	0.298304  1  -4382.56  9876
O16 	14895.1 	0.442073  1  -2080.14  7282
O16 	14895.1 	0.782143  1  -3009.21  8283
O16 	14895.1 	1.92623  1  -4054.57  9601
O16 	14895.1 	0.232343  1  -62.1618  5210
O16 	14895.1 	1.1458  1  -2212.19  7488
O16 	14895.1 	0.192147  1  1318.4  3814
O16 	14895.1 	0.221576  1  -4668.51  10035
O16 	14895.1 	0.284468  1  -933.982  6132
O16 	14895.1 	0.224261  1  4223.29  808
O16 	14895.1 	0.576722  1  -3397.46  8751
O16 	14895.1 	0.233516  1  -3446.91  8806
O16 	14895.1 	0.218544  1  -387.037  5507
O16 	14895.1 	0.232238  1  -2535.07  7957
O16 	14895.1 	0.295572  1  776.694  4504
O16 	14895.1 	0.195637  1  -1747.57  7016
O16 	14895.1 	0.206226  1  -2315.44  7706
O16 	14895.1 	0.25462  1  -2579.77  7997
O16 	14895.1 	0.295215  1  -680.044  5961
O16 	14895.1 	0.536129  1  -1301.02  6469
O16 	14895.1 	2.42261  1  -2020.52  7216
O16 	14895.1 	0.548507  1  -4382.22  9961
O16 	14895.1 	0.265935  1  2859.65  2233
O16 	14895.1 	0.470019  1  1304.73  3805
O16 	14895.1 	0.328874  1  3259.33  1844
O16 	14895.1 	0.192298  1  1258.93  4010
O16 	14895.1 	0.406216  1  1923.73  3164
O16 	14895.1 	0.282801  1  245.356  4883
O16 	14895.1 	0.706982  1  -8.37812  5130
O16 	14895.1 	0.469323  1  1477.88  3679
O16 	14895.1 	6.03602  1  2177.85  2886
O16 	14895.1 	0.347582  1  2617.53  2450
O16 	14895.1 	0.23858  1  2843.76  2302
O16 	14895.1 	0.291732  1  -1231.25  6623
O16 	14895.1 	0.737692  1  -4123.58  9758
O16 	14895.1 	0.207307  1  2721.61  2459
O16 	14895.1 	0.221766  1  1863.59  3322
O16 	14895.1 	0.647173  1  4596.3  404
O16 	14895.1 	0.385247  1  -594.533  5887
O16 	14895.1 	0.313016  1  392.506  4830
O16 	14895.1 	2.63364  1  -4952.41  10615
O16 	14895.1 	0.462621  1  4605.95  415
O16 	14895.1 	0.236201  1  -3887.2  9421
O16 	14895.1 	2.47042  1  -4614.04  10292
O16 	14895.1 	0.203469  1  3444.63  1550
O16 	14895.1 	0.202845  1  -3869.93  9409
O16 	14895.1 	0.309807  1  1539.2  3504
O16 	14895.1 	0.27316  1  -3951.88  9359
O16 	14895.1 	0.639878  1  -1599.1  6866
O16 	14895.1 	1.71595  1  -42.8813  5274
O16 	14895.1 	0.553635  1  2666.65  2463
O16 	14895.1 	0.62133  1  1957.71  3187
O16 	14895.1 	0.479776  1  745.4  4438
O16 	14895.1 	0.560683  1  3005.01  2090
O16 	14895.1 	0.247696  1  -2259.41  7525
O16 	14895.1 	0.459095  1  -3125.85  8617
O16 	14895.1 	1.98355  1  4281.12  745
O16 	14895.1 	0.313506  1  741.13  4518
O16 	14895.1 	0.242578  1  -412.488  5759
O16 	14895.1 	1.60676  1  3736.08  1321
O16 	14895.1 	3.18053  1  -4227.88  9742
O16 	14895.1 	0.305339  1  853.016  4494
O16 	14895.1 	0.411097  1  129.15  5282
O16 	14895.1 	0.230015  1  -2594.13  7976
O16 	14895.1 	0.796237  1  -4010.35  9668
O16 	14895.1 	1.24525  1  -2581.16  7924
O16 	14895.1 	0.291748  1  2816.98  2299
O16 	14895.1 	3.82256  1  -4285.91  9764
O16 	14895.1 	0.37974  1  1996.91  3149
O16 	14895.1 	0.41944  1  -2382.44  7838
O16 	14895.1 	0.46652  1  1568.24  3444
O16 	14895.1 	0.246926  1  1431.17  3664
O16 	14895.1 	0.201438  1  1556.35  3588
O16 	14895.1 	0.207034  1  548.341  4757
O16 	14895.1 	0.327944  1  3512.29  1593
O16 	14895.1 	0.211488  1  3616.25  1414
O16 	14895.1 	0.418501  1  1956.57  3085
O16 	14895.1 	0.190305  1  940.733  4191
O16 	14895.1 	0.240529  1  -1784.72  6976
O16 	14895.1 	0.428197  1  1891.43  3350
O16 	14895.1 	0.308064  1  1251.97  3940
O16 	14895.1 	0.481064  1  3404.23  1727
O16 	14895.1 	0.239481  1  -1800.12  7266
O16 	14895.1 	0.943422  1  2926.5  2236
O16 	14895.1 	0.276419  1  4315.88  694
O16 	14895.1 	0.49135  1  -4232.18  9758
O16 	14895.1 	0.29718  1  4304.76  759
O16 	14895.1 	0.335599  1  -4075.6  9648
O16 	14895.1 	0.403566  1  2337.63  2706
O16 	14895.1 	1.06776  1  828.95  4357
O16 	14895.1 	0.316799  1  384.169  4738
O16 	14895.1 	0.789124  1  1702.64  3447
O16 	14895.1 	3.86545  1  -4216  9653
O16 	14895.1 	0.190692  1  -222.168  5392
O16 	14895.1 	0.261644  1  997.098  4205
O16 	14895.1 	0.364315  1  2237.1  2826
O16 	14895.1 	0.209945  1  4379.7  631
O16 	14895.1 	0.256151  1  -3359.88  8857
O16 	14895.1 	5.4915  1  -1304.1  6478
O16 	14895.1 	0.21679  1  1797.94  3365
O16 	14895.1 	0.191576  1  -758.8  6094
O16 	14895.1 	0.261275  1  -341.625  5445
O16 	14895.1 	1.02857  1  -146.48  5426
O16 	14895.1 	0.229605  1  -3380.96  8907
O16 	14895.1 	0.197674  1  -2815.28  8266
O16 	14895.1 	0.300779  1  -1477.22  6680
O16 	14895.1 	0.190266  1  -1626.69  6923
O16 	14895.1 	0.542773  1  -778.083  5985
O16 	14895.1 	1.27791  1  -4294.46  9839
O16 	14895.1 	0.345442  1  4213.47  828
O16 	14895.1 	0.188877  1  -2977.92  8190
O16 	14895.1 	0.238127  1  1570.19  3479
O16 	14895.1 	0.265207  1  -2586.81  7870
O16 	14895.1 	0.278285  1  -1323.31  6519
O16 	14895.1 	9.89376  1  -1691.71  6887
O16 	14895.1 	0.353677  1  4797.05  213
O16 	14895.1 	0.224674  1  -490.515  5717
O16 	14895.1 	0.346916  1  2005.51  2996
O16 	14895.1 	0.715083  1  552.817  4458
O16 	14895.1 	0.219857  1  -4016.45  9504
O16 	14895.1 	0.33897  1  -411.752  5661
O16 	14895.1 	0.922115  1  4627.66  378
O16 	14895.1 	2.13107  1  457.105  4766
O16 	14895.1 	0.44815  1  2419.21  2717
O16 	14895.1 	0.261081  1  -1102.06  6429
O16 	14895.1 	0.355459  1  -1917.92  7187
O16 	14895.1 	0.241911  1  2176.3  2878
O16 	14895.1 	0.485406  1  63.6331  5163
O16 	14895.1 	0.210898  1  -392.664  5617
O16 	14895.1 	0.950469  1  2071.55  3132
O16 	14895.1 	0.276336  1  -2855.18  8189
O16 	14895.1 	0.240312  1  -65.2534  5383
O16 	14895.1 	0.398574  1  -2942.34  8403
O16 	14895.1 	0.38173  1  -4621.53  10309
O16 	14895.1 	0.411106  1  4919.89  89
O16 	14895.1 	0.219654  1  237.095  4883
O16 	14895.1 	0.218086  1  2682.16  2512
O16 	14895.1 	0.283647  1  -2218.63  7445
O16 	14895.1 	0.889041  1  705.635  4448
O16 	14895.1 	0.445896  1  3798.88  1295
O16 	14895.1 	0.573106  1  -3386.29  8754
O16 	14895.1 	0.312113  1  -1279.55  6573
O16 	14895.1 	0.30216  1  -2487.58  7912
O16 	14895.1 	0.225987  1  -445.968  5691
O16 	14895.1 	0.407067  1  423.463  4810
O16 	14895.1 	1.64971  1  4396.31  616
O16 	14895.1 	0.686821  1  1877.74  3237
O16 	14895.1 	4.86019  1  -1148.38  6296
O16 	14895.1 	0.230734  1  3347.72  1762
O16 	14895.1 	0.445099  1  4039.85  948
O16 	14895.1 	0.283849  1  1910.44  3231
O16 	14895.1 	0.496722  1  4003.65  1062
O16 	14895.1 	0.332461  1  3964.7  1088
O16 	14895.1 	0.29959  1  2070.24  3034
O16 	14895.1 	1.12579  1  -2325.49  7700
O16 	14895.1 	0.388601  1  -657.368  5987
O16 	14895.1 	0.366828  1  28.3491  5114
O16 	14895.1 	0.28365  1  1265.37  3826
O16 	14895.1 	0.223991  1  4721.87  294
O16 	14895.1 	0.208865  1  -2970.66  8515
O16 	14895.1 	0.777358  1  -2372.32  7804
O16 	14895.1 	0.300219  1  -577.837  5755
O16 	14895.1 	0.301306  1  -2284.36  7768
O16 	14895.1 	0.193465  1  -1191.74  6471
O16 	14895.1 	0.197312  1  -1133.3  6408
O16 	14895.1 	0.236934  1  -4158.47  9524
O16 	14895.1 	0.352642  1  2570.7  2529
O16 	14895.1 	0.192489  1  1114.6  4147
O16 	14895.1 	0.209828  1  1301.13  3868
O16 	14895.1 	0.259728  1  -1324.41  6644
O16 	14895.1 	0.426212  1  4432.46  597
O16 	14895.1 	6.21053  1  -4146.8  9721
O16 	14895.1 	0.199497  1  -4054.13  9291
O16 	14895.1 	0.190392  1  -4219.17  9734
O16 	14895.1 	2.48608  1  -4576.14  10117
O16 	14895.1 	0.193792  1  1644.65  3544
O16 	14895.1 	0.206781  1  -2993.74  8257
O16 	14895.1 	0.205603  1  -2745.03  8138
O16 	14895.1 	0.255347  1  2345.14  2806
O16 	14895.1 	0.739825  1  -4438.31  9973
O16 	14895.1 	0.198391  1  -1576.41  7014
O16 	14895.1 	0.24217  1  3354.19  1693
O16 	14895.1 	0.749925  1  3550.61  1495
O16 	14895.1 	0.256011  1  -2415.93  7840
O16 	14895.1 	0.431979  1  2569.69  2562
O16 	14895.1 	0.25691  1  -1396.89  6683
O16 	14895.1 	1.47998  1  515.585  4709
O16 	14895.1 	0.451913  1  483.556  4763
O16 	14895.1 	0.20561  1  2494.08  2668
O16 	14895.1 	0.203728  1  1931.66  3215
O16 	14895.1 	0.307374  1  2033.34  3171
O16 	14895.1 	0.189289  1  -2008.71  7436
O16 	14895.1 	0.543604  1  74.7973  5157
O16 	14895.1 	0.421154  1  -1317.19  6581
O16 	14895.1 	0.18848  1  -818.032  6080
O16 	14895.1 	1.08906  1  -3852.78  9197
O16 	14895.1 	0.255609  1  -801.132  5962
O16 	14895.1 	0.277599  1  -768.922  6091
O16 	14895.1 	1.10595  1  -4688.83  10270
O16 	14895.1 	1.68752  1  712.074  4444
O16 	14895.1 	0.917851  1  1687.5  3406
O16 	14895.1 	0.305189  1  1370.8  3766
O16 	14895.1 	0.234927  1  -116.796  5347
O16 	14895.1 	0.254704  1  -1170.95  6592
O16 	14895.1 	1.24459  1  -4502.79  10164
O16 	14895.1 	0.328937  1  4123.22  925
O16 	14895.1 	0.227327  1  751.061  4438
O16 	14895.1 	0.33761  1  -4144.2  9542
O16 	14895.1 	0.489217  1  4551.66  483
O16 	14895.1 	0.602368  1  3173.02  1911
O16 	14895.1 	0.516946  1  1256.96  3809
O16 	14895.1 	0.793981  1  404.625  4785
O16 	14895.1 	0.268838  1  3863.98  1188
O16 	14895.1 	0.225517  1  -2889.41  8237
O16 	14895.1 	0.205955  1  4557.18  475
O16 	14895.1 	0.220276  1  1568.81  3546
O16 	14895.1 	0.991469  1  1816.43  3354
O16 	14895.1 	0.97622  1  4169.6  920
O16 	14895.1 	0.586395  1  3640.57  1425
O16 	14895.1 	0.207401  1  1046.41  4124
O16 	14895.1 	0.225279  1  1308.63  3803
O16 	14895.1 	0.729612  1  -2860.46  8124
O16 	14895.1 	0.687738  1  3162.37  1886
O16 	14895.1 	0.222519  1  -3290.94  8584
O16 	14895.1 	0.36735  1  -3721.38  9218
O16 	14895.1 	0.263293  1  2182.82  2985
O16 	14895.1 	0.461064  1  576.421  4706
O16 	14895.1 	0.199711  1  3190.82  1898
O16 	14895.1 	0.351413  1  -3998.81  9497
O16 	14895.1 	0.197221  1  3621.49  1510
O16 	14895.1 	0.273803  1  -70.796  5265
O16 	14895.1 	0.230005  1  -3385.79  8632
O16 	14895.1 	0.289792  1  -431.889  5647
O16 	14895.1 	0.447164  1  -791.075  6054
O16 	14895.1 	0.42565  1  -2441.97  7721
O16 	14895.1 	0.209996  1  -1457.73  6705
O16 	14895.1 	0.416278  1  2170.91  2998
O16 	14895.1 	3.73087  1  -3786.72  9375
O16 	14895.1 	0.327149  1  -2736.85  8262
O16 	14895.1 	0.207719  1  128.032  5100
O16 	14895.1 	0.269355  1  -2520.4  7803
O16 	14895.1 	0.197434  1  4326.94  704
O16 	14895.1 	0.544764  1  -3740.78  9226
O16 	14895.1 	0.189744  1  4592.66  423
O16 	14895.1 	0.195839  1  2193.01  2978
O16 	14895.1 	0.188783  1  -3645.71  9220
O16 	14895.1 	0.869843  1  -3206.21  8496
O16 	14895.1 	0.770662  1  -2332.2  7624
O16 	14895.1 	1.26645  1  3408.65  1706
O16 	14895.1 	0.425475  1  -3067.19  8438
O16 	14895.1 	0.818822  1  -1908.15  7250
O16 	14895.1 	0.303064  1  -1968.65  7348
O16 	14895.1 	0.245705  1  388.295  4778
O16 	14895.1 	0.273985  1  -1628.57  6905
O16 	14895.1 	0.894557  1  2508.99  2528
O16 	14895.1 	0.285722  1  -2990.11  8266
O16 	14895.1 	0.308322  1  -3275.45  8589
O16 	14895.1 	0.329188  1  831.888  4326
O16 	14895.1 	0.273124  1  -721.461  6101
O16 	14895.1 	0.21385  1  -1170.45  6481
O16 	14895.1 	0.294932  1  2584.77  2415
O16 	14895.1 	0.256229  1  836.317  4354
O16 	14895.1 	0.30595  1  -4703.85  10192
O16 	14895.1 	1.16068  1  -827.821  6220
O16 	14895.1 	0.505174  1  -3066.6  8612
O16 	14895.1 	0.848431  1  4263.83  730
O16 	14895.1 	0.21836  1  -825.727  6156
O16 	14895.1 	0.297228  1  -296.639  5521
O16 	14895.1 	0.24829  1  4546.76  503
O16 	14895.1 	0.201381  1  -3480.81  8968
O16 	14895.1 	1.39444  1  -4266.88  10252
O16 	14895.1 	0.190437  1  -324.16  5535
O16 	14895.1 	0.416138  1  -870.561  6067
O16 	14895.1 	0.221315  1  3008.48  2091
O16 	14895.1 	1.08273  1  -3264.63  8740
O16 	14895.1 	0.283815  1  2698.26  2344
O16 	14895.1 	0.567354  1  1186.73  3925
O16 	14895.1 	0.303409  1  2659.39  2462
O16 	14895.1 	0.221406  1  -4313.77  9736
O16 	14895.1 	0.44288  1  2557.91  2493
O16 	14895.1 	0.235016  1  -2726.64  8005
O16 	14895.1 	0.273242  1  4326.31  686
O16 	14895.1 	1.07569  1  2294.56  2827
O16 	14895.1 	0.222809  1  2802.14  2222
O16 	14895.1 	0.48998  1  -3507.11  8838
