O16 	14895.1 	0.194318  1  4709.62  295
O16 	14895.1 	2.01674  1  3656.12  1482
O16 	14895.1 	0.229242  1  858.733  4431
O16 	14895.1 	0.314862  1  -3997.45  9342
O16 	14895.1 	1.00422  1  4631.96  364
O16 	14895.1 	0.245258  1  3926.11  1139
O16 	14895.1 	0.202516  1  4548.71  484
O16 	14895.1 	0.444501  1  -123.113  5409
O16 	14895.1 	0.746313  1  -2918.3  8114
O16 	14895.1 	0.253861  1  -4182.25  9515
O16 	14895.1 	0.251509  1  2904.33  2202
O16 	14895.1 	0.194742  1  2564.02  2579
O16 	14895.1 	0.468438  1  -288.041  5578
O16 	14895.1 	0.202127  1  -4355.23  9982
O16 	14895.1 	0.377554  1  405.794  4739
O16 	14895.1 	1.68252  1  -354.749  5668
O16 	14895.1 	0.360349  1  -2732.27  8071
O16 	14895.1 	0.431286  1  3516.37  1606
O16 	14895.1 	0.255741  1  1591.89  3576
O16 	14895.1 	0.294355  1  2675.6  2436
O16 	14895.1 	0.321453  1  2399.99  2697
O16 	14895.1 	0.372008  1  -3028.12  8281
O16 	14895.1 	0.217083  1  3233.18  1749
O16 	14895.1 	0.217218  1  -4227.87  9601
O16 	14895.1 	0.663538  1  -2769.25  8163
O16 	14895.1 	0.295821  1  4486.58  535
O16 	14895.1 	0.212836  1  3488.04  1557
O16 	14895.1 	0.458373  1  1061.86  4047
O16 	14895.1 	0.24993  1  902.719  4352
O16 	14895.1 	0.343019  1  2091.41  2976
O16 	14895.1 	0.354249  1  -952.907  6183
O16 	14895.1 	1.09552  1  -1217.05  6562
O16 	14895.1 	0.250048  1  -617.185  5887
O16 	14895.1 	0.546106  1  1472.53  3844
O16 	14895.1 	0.232146  1  4246.41  813
O16 	14895.1 	0.488059  1  3077.25  2016
O16 	14895.1 	0.42466  1  -1168.98  6436
O16 	14895.1 	0.328951  1  887.526  4258
O16 	14895.1 	0.20465  1  -2867.16  8224
O16 	14895.1 	0.883687  1  -1518.59  6825
O16 	14895.1 	0.255313  1  3801.82  1234
O16 	14895.1 	0.402662  1  -3718.76  9012
O16 	14895.1 	0.63197  1  2829.78  2283
O16 	14895.1 	0.359993  1  4138.93  934
O16 	14895.1 	0.297468  1  -205.94  5478
O16 	14895.1 	0.25732  1  -2336.18  7702
O16 	14895.1 	0.293712  1  136.825  5156
O16 	14895.1 	0.599169  1  -3316.45  8880
O16 	14895.1 	0.446206  1  2067.78  3112
O16 	14895.1 	0.291075  1  -1872.76  7245
O16 	14895.1 	0.405931  1  1182.81  4058
O16 	14895.1 	0.190736  1  -159.563  5369
O16 	14895.1 	0.414224  1  -3507.92  8862
O16 	14895.1 	0.861167  1  -2398.2  7689
O16 	14895.1 	0.191802  1  2754.48  2384
O16 	14895.1 	0.61855  1  1642.34  3456
O16 	14895.1 	0.292028  1  -1052.01  6244
O16 	14895.1 	0.509492  1  -1157.13  6338
O16 	14895.1 	0.687388  1  1037.17  4155
O16 	14895.1 	0.387315  1  2499.64  2646
O16 	14895.1 	0.254868  1  -2742.92  8115
O16 	14895.1 	0.199411  1  1193.18  3972
O16 	14895.1 	0.380324  1  -4972.46  10221
O16 	14895.1 	0.443317  1  3800.03  1280
O16 	14895.1 	1.33583  1  674.116  4508
O16 	14895.1 	0.421969  1  -4805  10204
O16 	14895.1 	0.366058  1  -1841.53  7251
O16 	14895.1 	0.306622  1  -3732.43  9194
O16 	14895.1 	0.509926  1  -1126.41  6469
O16 	14895.1 	0.561944  1  -3035.26  8344
O16 	14895.1 	0.556124  1  -1627.66  6902
O16 	14895.1 	0.224865  1  2198.78  2900
O16 	14895.1 	0.313861  1  -1716.17  7002
O16 	14895.1 	0.28952  1  -2085.49  7459
O16 	14895.1 	0.349921  1  1829.01  3369
O16 	14895.1 	0.550129  1  315.042  4930
O16 	14895.1 	0.247809  1  -3268.78  8733
O16 	14895.1 	0.280633  1  1378.07  3818
O16 	14895.1 	0.380491  1  4097.51  951
O16 	14895.1 	0.363831  1  46.824  5217
O16 	14895.1 	0.245332  1  -3200.92  8599
O16 	14895.1 	0.584629  1  4709.83  318
O16 	14895.1 	0.22935  1  3321.47  1736
O16 	14895.1 	0.2689  1  -3202.84  8729
O16 	14895.1 	0.631976  1  -1927.25  7304
O16 	14895.1 	0.502018  1  4909.43  93
O16 	14895.1 	0.997179  1  2025.42  3120
O16 	14895.1 	0.225853  1  1595.15  3563
O16 	14895.1 	0.86856  1  1646.29  3461
O16 	14895.1 	0.301467  1  2004.43  3092
O16 	14895.1 	0.301661  1  2840.4  2228
O16 	14895.1 	0.383031  1  -1021.71  6281
O16 	14895.1 	0.301407  1  1978.35  3220
O16 	14895.1 	0.360641  1  945.787  4101
O16 	14895.1 	0.262066  1  1835.43  3295
O16 	14895.1 	3.02206  1  4616.16  404
O16 	14895.1 	0.67465  1  1400.86  3789
O16 	14895.1 	0.504078  1  764.662  4508
O16 	14895.1 	0.289051  1  2668.47  2480
O16 	14895.1 	0.24934  1  840.435  4380
O16 	14895.1 	0.277081  1  3756.78  1309
O16 	14895.1 	0.561787  1  2334.41  2779
O16 	14895.1 	0.271333  1  -2187.44  7496
O16 	14895.1 	0.25658  1  2847.46  2252
O16 	14895.1 	0.780121  1  -1905.32  7222
O16 	14895.1 	0.524317  1  4107.55  979
O16 	14895.1 	0.366862  1  -866.632  6000
O16 	14895.1 	0.231764  1  3691.18  1367
O16 	14895.1 	0.555236  1  -4567.57  9955
O16 	14895.1 	0.22394  1  2819.16  2284
O16 	14895.1 	0.325889  1  4213.39  856
O16 	14895.1 	0.653652  1  3128.32  2044
O16 	14895.1 	0.901098  1  3210.88  1891
O16 	14895.1 	0.531544  1  682.302  4439
O16 	14895.1 	0.225775  1  -713.955  5955
O16 	14895.1 	0.626171  1  -211.7  5445
O16 	14895.1 	0.548746  1  3031.58  2043
O16 	14895.1 	0.317484  1  4570  481
O16 	14895.1 	0.227196  1  554.604  4563
O16 	14895.1 	0.507077  1  3426.24  1584
O16 	14895.1 	0.2788  1  -4700.83  10269
O16 	14895.1 	0.381305  1  -791.068  6017
O16 	14895.1 	0.495711  1  -2696.98  7986
O16 	14895.1 	0.227446  1  -583.401  5734
O16 	14895.1 	1.05661  1  -3559.99  9026
O16 	14895.1 	0.205402  1  3613.42  1385
O16 	14895.1 	0.388528  1  1287.76  3865
O16 	14895.1 	0.552778  1  1083.96  4097
O16 	14895.1 	0.488335  1  -1990.54  7334
O16 	14895.1 	0.509725  1  424.123  4821
O16 	14895.1 	0.382557  1  -3356.94  8735
O16 	14895.1 	0.422076  1  -55.4624  5458
O16 	14895.1 	0.399365  1  4791.27  237
O16 	14895.1 	0.588921  1  2148.96  3002
O16 	14895.1 	0.345332  1  2262.01  2989
O16 	14895.1 	0.291385  1  -1139.97  6221
O16 	14895.1 	0.190254  1  4079.16  988
O16 	14895.1 	0.225303  1  -108.612  5531
O16 	14895.1 	1.51351  1  3928.3  1094
O16 	14895.1 	0.305053  1  1049.72  4177
O16 	14895.1 	0.267218  1  2916.2  2209
O16 	14895.1 	0.270607  1  -3831.1  9258
O16 	14895.1 	0.96031  1  4358.63  680
O16 	14895.1 	0.306424  1  4802.37  209
O16 	14895.1 	0.322972  1  -3322.15  8768
O16 	14895.1 	1.03911  1  -3968.96  9516
O16 	14895.1 	0.244765  1  4849.47  145
O16 	14895.1 	0.0892753  1  2642.96  2448
O16 	14895.1 	0.301496  1  3342.66  1687
O16 	14895.1 	0.86046  1  906.873  4211
O16 	14895.1 	0.210748  1  4469.98  524
O16 	14895.1 	0.338564  1  4963.97  36
O16 	14895.1 	0.341562  1  -3358.48  8650
O16 	14895.1 	0.432927  1  -4781.06  10121
O16 	14895.1 	0.332199  1  -2014.9  7430
O16 	14895.1 	0.191721  1  -3675.83  9191
O16 	14895.1 	1.43302  1  1577.03  3596
O16 	14895.1 	0.281858  1  2997.77  2117
O16 	14895.1 	0.260608  1  1210.8  4021
O16 	14895.1 	0.355919  1  -2883.97  8211
O16 	14895.1 	0.208729  1  2223.4  2868
O16 	14895.1 	0.698115  1  -3120.16  8401
O16 	14895.1 	2.36514  1  -4762.77  10182
O16 	14895.1 	0.307176  1  1259.78  3796
O16 	14895.1 	0.209704  1  -2550.5  7772
O16 	14895.1 	0.328236  1  3278.53  1761
O16 	14895.1 	0.235377  1  3793.65  1263
O16 	14895.1 	0.28371  1  2380.3  2736
O16 	14895.1 	0.290963  1  3295.51  1753
O16 	14895.1 	0.376898  1  -2426.42  7743
O16 	14895.1 	0.259168  1  763.206  4459
O16 	14895.1 	0.191808  1  3897.42  1143
O16 	14895.1 	0.296365  1  3160.99  1886
O16 	14895.1 	0.515287  1  -1409.63  6919
O16 	14895.1 	0.194428  1  -2552.41  7997
O16 	14895.1 	0.399079  1  -1254.99  6607
O16 	14895.1 	0.498454  1  414.994  4684
O16 	14895.1 	0.341988  1  -3252.08  8720
O16 	14895.1 	0.535719  1  2017.76  3090
O16 	14895.1 	0.628256  1  -916.033  6092
O16 	14895.1 	0.314679  1  -3751.3  9039
O16 	14895.1 	0.452471  1  1895.05  3377
O16 	14895.1 	0.215673  1  23.7353  5152
O16 	14895.1 	0.317893  1  -121.765  5248
O16 	14895.1 	0.301222  1  -823.537  6085
O16 	14895.1 	0.462742  1  802.401  4306
O16 	14895.1 	0.386164  1  -2623.83  8196
O16 	14895.1 	0.270037  1  289.559  4905
O16 	14895.1 	0.348279  1  -4099.98  9562
O16 	14895.1 	0.343109  1  -4320.8  9676
O16 	14895.1 	0.975919  1  2169.14  2944
O16 	14895.1 	0.197464  1  -2812.29  8284
O16 	14895.1 	0.198625  1  -1561.16  6845
O16 	14895.1 	0.365803  1  -4558.19  10020
O16 	14895.1 	0.362337  1  4735.59  284
O16 	14895.1 	0.264255  1  4850.95  157
O16 	14895.1 	0.27399  1  -1585.43  6866
O16 	14895.1 	0.345581  1  -4810.77  10349
O16 	14895.1 	0.225552  1  2052.95  3077
O16 	14895.1 	0.244577  1  2880.33  2270
O16 	14895.1 	0.230316  1  2149.51  2924
O16 	14895.1 	0.248464  1  2006.85  3010
O16 	14895.1 	0.474008  1  3362.67  1686
O16 	14895.1 	2.47618  1  4287.6  714
O16 	14895.1 	0.282281  1  -1733.8  7108
O16 	14895.1 	0.360478  1  1974.23  3219
O16 	14895.1 	0.290243  1  3458.05  1640
O16 	14895.1 	0.353565  1  -52.0399  5273
O16 	14895.1 	0.263282  1  3990.27  1099
O16 	14895.1 	0.238909  1  -1844.94  7172
O16 	14895.1 	1.98553  1  -2475.99  7831
O16 	14895.1 	0.244764  1  -196.156  5430
O16 	14895.1 	0.311228  1  -4534.57  10360
O16 	14895.1 	0.73216  1  -887.44  6200
O16 	14895.1 	1.57587  1  1599.08  3522
O16 	14895.1 	0.304328  1  -4902  10458
O16 	14895.1 	0.209182  1  -2905.01  8269
O16 	14895.1 	0.270772  1  -1658.11  6900
O16 	14895.1 	0.998372  1  3293.72  1778
O16 	14895.1 	0.217824  1  412.038  4786
O16 	14895.1 	0.44647  1  953.701  4102
O16 	14895.1 	0.287136  1  217.234  4870
O16 	14895.1 	0.40194  1  -3636.45  8907
O16 	14895.1 	0.228198  1  -4076.9  9534
O16 	14895.1 	0.246319  1  -1572.59  6911
O16 	14895.1 	0.192258  1  -2436.41  7825
O16 	14895.1 	0.199409  1  1249.74  3992
O16 	14895.1 	0.287048  1  -3698.97  9107
O16 	14895.1 	0.286262  1  -268.499  5517
O16 	14895.1 	0.755785  1  -4762.71  10265
O16 	14895.1 	0.203913  1  1260.96  3908
O16 	14895.1 	0.204325  1  3312.8  1786
O16 	14895.1 	0.470573  1  -2466.96  7904
O16 	14895.1 	0.213256  1  553.232  4515
O16 	14895.1 	0.394249  1  -292.511  5415
O16 	14895.1 	0.19359  1  4930.76  67
O16 	14895.1 	0.456694  1  -4287.11  9833
O16 	14895.1 	0.397761  1  4767.84  252
O16 	14895.1 	0.324592  1  -2482.94  7852
O16 	14895.1 	0.227829  1  1000.22  4194
O16 	14895.1 	0.615646  1  -3752.5  9217
O16 	14895.1 	0.204917  1  -1132.35  6335
O16 	14895.1 	0.387778  1  336.374  4917
O16 	14895.1 	0.37776  1  -4079.41  9351
O16 	14895.1 	0.659743  1  2562.21  2614
O16 	14895.1 	0.208381  1  4528.93  504
O16 	14895.1 	0.380595  1  4501.8  521
O16 	14895.1 	0.332447  1  524.539  4721
O16 	14895.1 	0.225392  1  950.868  4233
O16 	14895.1 	0.376593  1  3585.64  1557
O16 	14895.1 	0.229627  1  -1719.35  6987
O16 	14895.1 	0.328032  1  -569.875  5800
O16 	14895.1 	0.289285  1  -1464.36  6823
O16 	14895.1 	0.238308  1  1760.56  3376
O16 	14895.1 	0.223804  1  -4912.67  10466
O16 	14895.1 	0.508979  1  -3635.77  9090
O16 	14895.1 	0.208617  1  -2202.19  7433
O16 	14895.1 	0.344929  1  2048.1  3141
O16 	14895.1 	0.273304  1  4911.56  103
O16 	14895.1 	0.277886  1  -518.603  5877
O16 	14895.1 	0.239096  1  -629.765  5942
O16 	14895.1 	1.02259  1  828.105  4342
O16 	14895.1 	0.663596  1  -301.59  5524
O16 	14895.1 	0.274384  1  2579.25  2573
O16 	14895.1 	1.64386  1  4718.07  286
O16 	14895.1 	0.227654  1  4625.95  382
O16 	14895.1 	0.275153  1  2089.47  3042
O16 	14895.1 	0.391676  1  3751.09  1283
O16 	14895.1 	0.288532  1  4079.45  975
O16 	14895.1 	4.20802  1  986.203  4114
O16 	14895.1 	0.261733  1  -552.751  5714
O16 	14895.1 	0.490663  1  -1750.87  6924
O16 	14895.1 	0.390124  1  -2881.82  8171
O16 	14895.1 	0.199416  1  2855.15  2262
O16 	14895.1 	0.825109  1  -378.37  5627
O16 	14895.1 	0.197152  1  14.4441  5233
O16 	14895.1 	0.373365  1  -2148.07  7521
O16 	14895.1 	0.98352  1  -1526.32  6793
O16 	14895.1 	0.44161  1  -1530.12  6762
O16 	14895.1 	0.193858  1  -3441.65  8918
O16 	14895.1 	0.328333  1  3908.19  1118
O16 	14895.1 	0.33639  1  4956.11  47
O16 	14895.1 	0.275468  1  3073  1995
O16 	14895.1 	0.417281  1  522.298  4684
O16 	14895.1 	0.975218  1  3420.11  1704
O16 	14895.1 	0.487578  1  3103.25  1931
O16 	14895.1 	0.319529  1  741.75  4501
O16 	14895.1 	0.198493  1  -4195.06  9660
O16 	14895.1 	0.195232  1  -3045.9  8384
O16 	14895.1 	0.275575  1  -34.2353  5213
O16 	14895.1 	0.383759  1  302.417  4833
O16 	14895.1 	0.289615  1  4668.82  350
O16 	14895.1 	0.522687  1  -279.4  5478
O16 	14895.1 	0.196975  1  1041.19  4123
O16 	14895.1 	0.371397  1  1969.87  3011
O16 	14895.1 	2.74879  1  499.956  4742
O16 	14895.1 	0.271149  1  -4102.39  9623
O16 	14895.1 	0.202238  1  4344.72  692
O16 	14895.1 	0.238633  1  -1423.01  6764
O16 	14895.1 	0.977823  1  -3500.64  8820
O16 	14895.1 	0.214055  1  2617.03  2476
O16 	14895.1 	0.348181  1  4678.86  333
O16 	14895.1 	0.466257  1  509.903  4680
O16 	14895.1 	0.333224  1  -4886.84  10194
O16 	14895.1 	0.257338  1  -967.721  6322
O16 	14895.1 	0.250001  1  1368.3  3856
O16 	14895.1 	0.283318  1  778.321  4443
O16 	14895.1 	0.344207  1  -257.183  5485
O16 	14895.1 	0.672746  1  3100.44  1938
O16 	14895.1 	0.252188  1  810.902  4588
O16 	14895.1 	0.308004  1  4374.28  684
O16 	14895.1 	0.230337  1  -4413.67  9791
O16 	14895.1 	0.314154  1  -1590.31  6886
O16 	14895.1 	5.43031  1  3989.07  1084
O16 	14895.1 	0.456416  1  -1061.47  6413
O16 	14895.1 	0.259092  1  -3651.41  9020
O16 	14895.1 	0.301591  1  -1850.46  7016
O16 	14895.1 	0.248369  1  905.674  4357
O16 	14895.1 	0.703738  1  967.292  4095
O16 	14895.1 	0.18992  1  -4873.32  10450
O16 	14895.1 	0.27562  1  2817.91  2293
O16 	14895.1 	0.272624  1  -1705.66  7144
O16 	14895.1 	0.225618  1  -3991.97  9300
O16 	14895.1 	0.281027  1  4572.24  471
O16 	14895.1 	0.585294  1  2525.64  2542
O16 	14895.1 	0.390089  1  -3698.87  8967
O16 	14895.1 	0.197795  1  1445.47  3811
O16 	14895.1 	0.197532  1  -3625.29  9077
O16 	14895.1 	0.707742  1  3605.54  1504
O16 	14895.1 	1.11186  1  -32.5073  5259
O16 	14895.1 	0.253387  1  -1886.65  7298
O16 	14895.1 	0.197419  1  2050.99  3106
O16 	14895.1 	0.37733  1  -1058.94  6333
O16 	14895.1 	0.313716  1  -3896.73  9400
O16 	14895.1 	0.355112  1  -2130.41  7455
O16 	14895.1 	0.274474  1  -4401.6  9796
O16 	14895.1 	1.01578  1  -132.108  5418
O16 	14895.1 	0.370007  1  667.626  4515
O16 	14895.1 	0.264511  1  -1484.29  6746
O16 	14895.1 	0.311781  1  543.177  4628
O16 	14895.1 	0.396193  1  -1068.06  6299
O16 	14895.1 	0.197489  1  -3314.66  8676
O16 	14895.1 	0.242094  1  106.01  5272
O16 	14895.1 	0.230772  1  -540.553  5786
O16 	14895.1 	0.197812  1  4553.1  480
O16 	14895.1 	0.225774  1  -2964.12  8200
O16 	14895.1 	0.22842  1  -1781.79  7082
O16 	14895.1 	0.212631  1  3676.09  1411
O16 	14895.1 	0.256875  1  -2567.9  7925
O16 	14895.1 	0.554124  1  -1990.89  7233
O16 	14895.1 	0.312485  1  4248.06  769
O16 	14895.1 	0.420925  1  -893.963  6151
O16 	14895.1 	0.531551  1  4663.24  369
O16 	14895.1 	0.189243  1  3937.19  1138
O16 	14895.1 	0.280609  1  4058.28  1025
O16 	14895.1 	0.32258  1  -4318.19  9700
O16 	14895.1 	0.190917  1  4309.69  737
O16 	14895.1 	0.394372  1  -1786.68  7176
O16 	14895.1 	0.201552  1  3217.92  1811
O16 	14895.1 	0.321197  1  889.238  4365
O16 	14895.1 	0.358894  1  1905.07  3298
O16 	14895.1 	0.209247  1  2173.39  3027
O16 	14895.1 	0.302407  1  -3659.85  9128
O16 	14895.1 	0.253166  1  -2052.8  7520
O16 	14895.1 	0.276352  1  -435.244  5687
O16 	14895.1 	0.482763  1  -4308.15  9853
O16 	14895.1 	0.347222  1  3303.9  1741
O16 	14895.1 	0.190072  1  371.47  4794
O16 	14895.1 	0.191491  1  2500.22  2643
O16 	14895.1 	0.209175  1  -1094.39  6485
O16 	14895.1 	0.313352  1  4263.39  803
O16 	14895.1 	0.34817  1  4145.42  923
O16 	14895.1 	3.39235  1  4730.65  269
O16 	14895.1 	0.210912  1  3640.57  1377
O16 	14895.1 	0.233175  1  101.02  5136
O16 	14895.1 	0.301913  1  -3808.88  9239
O16 	14895.1 	0.364859  1  4561.51  491
O16 	14895.1 	0.245668  1  3815.95  1262
O16 	14895.1 	0.201077  1  1942.1  3243
O16 	14895.1 	0.215943  1  4894.3  111
O16 	14895.1 	0.252367  1  4832.39  167
O16 	14895.1 	0.200613  1  -4251.23  9801
O16 	14895.1 	0.273591  1  900.263  4227
O16 	14895.1 	0.4566  1  3271.11  1836
O16 	14895.1 	0.730466  1  -860.182  6023
O16 	14895.1 	0.300052  1  4728.22  295
O16 	14895.1 	0.261898  1  -60.7683  5399
O16 	14895.1 	0.615321  1  1358.31  3819
O16 	14895.1 	0.629182  1  556.291  4720
O16 	14895.1 	0.323614  1  2252.95  2900
O16 	14895.1 	0.391054  1  3912.5  1136
O16 	14895.1 	0.228918  1  62.8705  5133
O16 	14895.1 	0.543577  1  -3044.43  8433
O16 	14895.1 	0.26608  1  2984.21  2122
O16 	14895.1 	0.197082  1  1797.73  3348
O16 	14895.1 	1.8665  1  -966.461  6198
O16 	14895.1 	0.202696  1  1100.4  4026
O16 	14895.1 	0.489427  1  704.442  4534
O16 	14895.1 	0.250598  1  -4781.82  10207
O16 	14895.1 	0.668483  1  -1385.57  6528
O16 	14895.1 	0.453684  1  2630.04  2507
O16 	14895.1 	0.257434  1  265.336  5031
O16 	14895.1 	0.216612  1  -4107.65  9621
O16 	14895.1 	0.346564  1  2750.42  2375
O16 	14895.1 	0.252236  1  3701.53  1388
O16 	14895.1 	0.21519  1  717.369  4411
O16 	14895.1 	0.19173  1  -2321.64  7872
O16 	14895.1 	0.288797  1  -3004.93  8232
O16 	14895.1 	0.391829  1  681.841  4525
O16 	14895.1 	1.05225  1  -1200.64  6443
O16 	14895.1 	0.284007  1  -3007.18  8239
O16 	14895.1 	0.326501  1  -4605.51  10005
O16 	14895.1 	0.190044  1  -2655.46  8027
O16 	14895.1 	0.476727  1  1039.45  4211
O16 	14895.1 	0.939809  1  2025.4  3042
O16 	14895.1 	1.14639  1  248.051  4946
O16 	14895.1 	0.248809  1  4737.64  284
O16 	14895.1 	0.257089  1  -959.33  6205
O16 	14895.1 	0.371991  1  -413.681  5616
O16 	14895.1 	0.271419  1  1572.13  3614
O16 	14895.1 	0.323681  1  4545.64  472
O16 	14895.1 	0.309342  1  -2709.68  8117
O16 	14895.1 	0.596905  1  4715.43  294
O16 	14895.1 	1.3282  1  -4847.19  10254
O16 	14895.1 	0.393547  1  -3819.25  9183
O16 	14895.1 	0.2102  1  2420.91  2678
O16 	14895.1 	0.313556  1  -1100.11  6450
O16 	14895.1 	0.835079  1  3550.31  1586
O16 	14895.1 	0.538931  1  2586.25  2479
O16 	14895.1 	0.198951  1  -4686.89  9971
O16 	14895.1 	0.211202  1  590.567  4636
O16 	14895.1 	0.260186  1  329.747  4908
O16 	14895.1 	0.341502  1  -553.347  5838
O16 	14895.1 	0.241592  1  -1768.04  7084
O16 	14895.1 	0.203387  1  775.976  4265
O16 	14895.1 	0.73005  1  4441.64  568
O16 	14895.1 	0.51985  1  2211.63  2894
O16 	14895.1 	0.591181  1  -2381.03  7697
O16 	14895.1 	0.321011  1  2346.55  2884
O16 	14895.1 	0.232635  1  -4020.97  9326
O16 	14895.1 	0.343819  1  -2160.62  7531
O16 	14895.1 	0.332705  1  2453.78  2623
O16 	14895.1 	0.300511  1  4897.01  110
O16 	14895.1 	0.213292  1  4590.61  444
O16 	14895.1 	0.506622  1  2387.33  2712
O16 	14895.1 	0.24703  1  4138.43  902
O16 	14895.1 	0.240977  1  -2854.4  8226
O16 	14895.1 	0.347416  1  1832.37  3304
O16 	14895.1 	1.2528  1  3629.34  1482
O16 	14895.1 	0.228923  1  -580.811  5844
O16 	14895.1 	0.247956  1  2947.17  2238
O16 	14895.1 	0.213047  1  -227.916  5523
O16 	14895.1 	0.299508  1  -2670.45  8136
O16 	14895.1 	0.196606  1  4897.57  102
O16 	14895.1 	0.21784  1  -750.967  6050
O16 	14895.1 	1.06099  1  -2155.84  7545
O16 	14895.1 	4.53168  1  -2802.6  8161
O16 	14895.1 	0.898965  1  -810.01  6112
O16 	14895.1 	1.13705  1  -4558.55  10120
O16 	14895.1 	0.189043  1  -500.595  5914
O16 	14895.1 	0.294956  1  -842.036  6246
O16 	14895.1 	0.39925  1  -2521.94  7911
O16 	14895.1 	0.41543  1  1116.51  4068
O16 	14895.1 	0.437878  1  -2758.9  8195
O16 	14895.1 	0.191051  1  4709.06  328
O16 	14895.1 	0.214447  1  -3478.34  8800
O16 	14895.1 	0.29426  1  2199.86  2935
O16 	14895.1 	0.46579  1  -143.847  5470
O16 	14895.1 	0.453621  1  -1060.91  6303
O16 	14895.1 	0.621175  1  -2986.25  8320
O16 	14895.1 	0.192636  1  3447.83  1633
O16 	14895.1 	0.510738  1  179.306  5027
O16 	14895.1 	0.312739  1  3033.17  2090
O16 	14895.1 	0.201347  1  -3634.14  9145
O16 	14895.1 	0.782701  1  -850.964  6121
O16 	14895.1 	0.1934  1  -4950.73  10294
O16 	14895.1 	8.25581  1  2879.68  2206
O16 	14895.1 	0.192684  1  -2165.01  7578
O16 	14895.1 	1.72127  1  2183.27  2925
O16 	14895.1 	0.257962  1  -573.427  5699
O16 	14895.1 	0.239653  1  1731.91  3293
O16 	14895.1 	1.03817  1  2928.86  2193
O16 	14895.1 	0.249892  1  63.2157  5153
O16 	14895.1 	0.232768  1  -2688.05  8011
O16 	14895.1 	0.294736  1  670.334  4575
O16 	14895.1 	0.222366  1  3375.95  1651
O16 	14895.1 	0.92101  1  -4809.41  10376
O16 	14895.1 	0.340168  1  -4369.96  9865
O16 	14895.1 	0.253797  1  2756.3  2343
O16 	14895.1 	0.190336  1  -2067.73  7430
O16 	14895.1 	0.463106  1  4422.04  608
O16 	14895.1 	0.660179  1  -3733.96  9345
O16 	14895.1 	0.443175  1  -2759.1  8254
O16 	14895.1 	1.05835  1  4238.78  784
O16 	14895.1 	0.445645  1  2460.3  2704
O16 	14895.1 	0.27447  1  4996.81  3
O16 	14895.1 	0.672743  1  -4669.03  10210
O16 	14895.1 	0.202734  1  3849.7  1218
O16 	14895.1 	0.267104  1  2268.43  2914
O16 	14895.1 	0.213204  1  -2792.09  8154
O16 	14895.1 	2.00195  1  3917.04  1150
O16 	14895.1 	0.257404  1  -1903.31  7183
O16 	14895.1 	0.331817  1  2513.52  2640
O16 	14895.1 	1.92985  1  970.279  4279
O16 	14895.1 	0.24528  1  -4547.1  10136
O16 	14895.1 	0.283843  1  3949.75  1132
O16 	14895.1 	0.225358  1  2728.01  2405
O16 	14895.1 	0.221668  1  -1021.42  6314
O16 	14895.1 	0.742729  1  -1642.95  6942
O16 	14895.1 	0.200228  1  2390.22  2787
O16 	14895.1 	0.233281  1  -284.595  5521
O16 	14895.1 	0.49192  1  1897.62  3352
O16 	14895.1 	0.209376  1  -4103.17  9606
O16 	14895.1 	1.48533  1  -4592.56  10129
O16 	14895.1 	0.801767  1  4168.83  884
O16 	14895.1 	0.260758  1  4111.82  880
O16 	14895.1 	3.47651  1  4426.96  615
O16 	14895.1 	0.407861  1  -1244.93  6528
O16 	14895.1 	0.2185  1  -3274.35  8725
O16 	14895.1 	0.281771  1  -3968.96  9493
O16 	14895.1 	0.439442  1  -406.871  5561
O16 	14895.1 	0.223225  1  2579.53  2509
O16 	14895.1 	0.195837  1  -3614.99  9101
O16 	14895.1 	0.206597  1  1784.56  3454
O16 	14895.1 	0.30288  1  4144.88  945
O16 	14895.1 	0.207811  1  1951.91  3237
O16 	14895.1 	0.617949  1  1301.16  3913
O16 	14895.1 	0.208974  1  3734.96  1343
O16 	14895.1 	0.225566  1  3382.46  1687
O16 	14895.1 	0.333494  1  1981.34  3190
O16 	14895.1 	0.272034  1  -3261  8750
O16 	14895.1 	0.218609  1  77.5018  5087
O16 	14895.1 	0.914582  1  667.417  4575
O16 	14895.1 	0.35262  1  3647.56  1383
O16 	14895.1 	0.300706  1  -4781.46  10241
O16 	14895.1 	0.210426  1  2420.84  2692
O16 	14895.1 	0.354369  1  -230.399  5527
O16 	14895.1 	0.20427  1  -1266.69  6461
O16 	14895.1 	0.201302  1  -1224.5  6487
O16 	14895.1 	0.19106  1  3953.96  1102
O16 	14895.1 	0.196601  1  -1047.38  6488
O16 	14895.1 	1.19532  1  1366.73  3754
O16 	14895.1 	0.331  1  -2238.07  7615
O16 	14895.1 	0.361613  1  3703  1339
O16 	14895.1 	0.404971  1  1942.23  3217
O16 	14895.1 	0.256276  1  -3893.16  9284
O16 	14895.1 	0.371281  1  -1324.7  6527
O16 	14895.1 	0.976263  1  -24.8488  5274
O16 	14895.1 	0.51036  1  -4928.85  10463
O16 	14895.1 	0.589849  1  4748.63  246
O16 	14895.1 	0.540347  1  -4228.68  9783
O16 	14895.1 	0.252473  1  -3670.15  8949
O16 	14895.1 	0.487074  1  316.021  4844
O16 	14895.1 	0.257408  1  -629.006  5930
O16 	14895.1 	0.997905  1  -1554.62  6923
O16 	14895.1 	0.238241  1  2383.57  2714
O16 	14895.1 	0.198984  1  2042.15  3068
O16 	14895.1 	0.201779  1  1294.22  3813
O16 	14895.1 	0.278716  1  -3570.97  9014
O16 	14895.1 	1.03682  1  2461.6  2690
O16 	14895.1 	0.617973  1  -2578.21  8040
O16 	14895.1 	0.342028  1  276.908  4852
O16 	14895.1 	0.662691  1  4973.64  16
O16 	14895.1 	0.475146  1  -84.6325  5286
O16 	14895.1 	0.348442  1  -1047.25  6509
O16 	14895.1 	0.824611  1  3610.43  1492
O16 	14895.1 	0.191817  1  -3865.52  9246
O16 	14895.1 	0.257176  1  -4761.12  10263
O16 	14895.1 	0.412059  1  -3791.58  9232
O16 	14895.1 	0.288719  1  -4038.45  9256
O16 	14895.1 	0.308911  1  4338.52  655
O16 	14895.1 	0.309096  1  -4055.27  9365
O16 	14895.1 	0.267006  1  -1433.62  6807
O16 	14895.1 	0.316833  1  -848.975  6139
O16 	14895.1 	0.773222  1  -3312.01  8676
O16 	14895.1 	0.238036  1  4976.07  27
O16 	14895.1 	0.294524  1  -941.084  6305
O16 	14895.1 	0.201201  1  -1230.39  6639
O16 	14895.1 	0.193797  1  -3175.18  8668
O16 	14895.1 	0.356187  1  -3802.52  9310
O16 	14895.1 	0.645496  1  4815  188
O16 	14895.1 	0.618381  1  -4016.21  9563
O16 	14895.1 	0.252335  1  1190.08  3976
O16 	14895.1 	0.430521  1  -4165.6  9484
O16 	14895.1 	0.284845  1  3707.7  1390
O16 	14895.1 	0.199957  1  -2863.22  8127
O16 	14895.1 	1.87245  1  -4329.78  9919
O16 	14895.1 	0.261144  1  1241.67  3986
O16 	14895.1 	0.734775  1  1133.99  4135
O16 	14895.1 	0.419978  1  4911.09  99
O16 	14895.1 	0.487711  1  -1300.33  6674
O16 	14895.1 	0.552238  1  785.221  4375
O16 	14895.1 	5.6029  1  -1405.15  6798
O16 	14895.1 	0.418412  1  -3317.16  8779
O16 	14895.1 	0.260943  1  4831.54  211
O16 	14895.1 	0.194505  1  -3544.75  9007
O16 	14895.1 	0.385411  1  -4977.69  10251
O16 	14895.1 	0.642718  1  -2075.04  7368
O16 	14895.1 	0.23189  1  4511.38  541
O16 	14895.1 	0.53437  1  1985.66  3049
O16 	14895.1 	0.227605  1  3403.52  1615
O16 	14895.1 	0.212537  1  -3255.81  8536
O16 	14895.1 	0.5462  1  -4933.71  10427
O16 	14895.1 	0.737492  1  -1107.71  6280
O16 	14895.1 	0.563711  1  3612.79  1388
O16 	14895.1 	0.255477  1  2207.57  2927
O16 	14895.1 	0.288947  1  1394.47  3753
O16 	14895.1 	0.206576  1  4903.71  99
O16 	14895.1 	0.377369  1  3634.51  1448
O16 	14895.1 	0.208288  1  -95.3255  5376
O16 	14895.1 	0.21395  1  749.894  4478
O16 	14895.1 	0.198082  1  4627.11  395
O16 	14895.1 	1.66039  1  3774.36  1333
O16 	14895.1 	0.400317  1  602.861  4627
O16 	14895.1 	1.01544  1  -814.714  6141
O16 	14895.1 	0.250969  1  -632.549  5856
O16 	14895.1 	0.323499  1  -3933.46  9463
O16 	14895.1 	0.236417  1  -3891.53  9280
O16 	14895.1 	0.263148  1  -3517.01  8794
O16 	14895.1 	0.450841  1  -2280.1  7543
O16 	14895.1 	0.266106  1  2450.62  2661
O16 	14895.1 	0.28238  1  -970.846  6342
O16 	14895.1 	0.341177  1  -1759.94  7201
O16 	14895.1 	0.297499  1  -1325.17  6675
O16 	14895.1 	1.24819  1  -3624.23  9019
O16 	14895.1 	0.212258  1  4121.04  951
O16 	14895.1 	0.642797  1  -2820.5  8190
O16 	14895.1 	0.315524  1  -385.555  5534
O16 	14895.1 	0.509321  1  -1896.04  7264
O16 	14895.1 	0.226159  1  306.207  4925
O16 	14895.1 	0.355252  1  -1667.68  6988
O16 	14895.1 	0.365062  1  1934.76  3152
O16 	14895.1 	0.598411  1  2818.35  2251
O16 	14895.1 	0.324032  1  4882.8  123
O16 	14895.1 	0.421956  1  4407.5  600
O16 	14895.1 	0.277027  1  3405.98  1714
O16 	14895.1 	0.393089  1  -5.01492  5264
O16 	14895.1 	0.197854  1  -170.375  5440
O16 	14895.1 	0.537191  1  -891.282  6133
O16 	14895.1 	0.26623  1  1498.52  3667
O16 	14895.1 	0.323296  1  3661.54  1439
O16 	14895.1 	0.242637  1  3585.51  1530
O16 	14895.1 	0.207188  1  -1484.24  6770
O16 	14895.1 	0.657912  1  1549.68  3618
O16 	14895.1 	0.197431  1  -3340.23  8708
O16 	14895.1 	0.313112  1  -1316.36  6528
O16 	14895.1 	0.586601  1  1023.59  4167
O16 	14895.1 	0.299413  1  -4812.91  10428
O16 	14895.1 	0.856047  1  278.484  5009
O16 	14895.1 	0.230258  1  2967.29  2059
O16 	14895.1 	0.934357  1  813.89  4318
O16 	14895.1 	0.209774  1  99.0916  5165
O16 	14895.1 	0.273021  1  2852.06  2199
O16 	14895.1 	0.242572  1  -3760  9182
O16 	14895.1 	0.192911  1  -3770.6  9250
O16 	14895.1 	0.408879  1  -3080.74  8428
O16 	14895.1 	0.501499  1  4551.07  500
O16 	14895.1 	0.210591  1  -2777.49  8074
O16 	14895.1 	0.431117  1  2270.26  2792
O16 	14895.1 	0.511869  1  3195.33  1882
O16 	14895.1 	0.251265  1  -4831.85  10427
O16 	14895.1 	0.192712  1  1002.57  4210
O16 	14895.1 	0.342661  1  -1499.28  6804
O16 	14895.1 	0.414386  1  -1818.44  7096
O16 	14895.1 	0.272185  1  -4242.08  9683
O16 	14895.1 	0.288153  1  -27.4541  5072
O16 	14895.1 	0.263693  1  2945.22  2088
O16 	14895.1 	0.700134  1  126.559  5188
O16 	14895.1 	0.326931  1  2317.21  2792
O16 	14895.1 	0.462228  1  -4198.95  9563
O16 	14895.1 	0.202505  1  -317.408  5489
O16 	14895.1 	0.198895  1  3448.18  1645
O16 	14895.1 	0.359865  1  -933.731  6134
O16 	14895.1 	0.216828  1  2465.38  2747
O16 	14895.1 	0.912326  1  1326.09  3619
O16 	14895.1 	0.249669  1  4521.8  480
O16 	14895.1 	0.455847  1  729.094  4501
O16 	14895.1 	2.44242  1  16.9159  5286
O16 	14895.1 	0.28482  1  -1445.67  6607
O16 	14895.1 	0.221836  1  789.615  4320
O16 	14895.1 	0.296721  1  3059.73  2155
O16 	14895.1 	0.286641  1  215.515  5146
O16 	14895.1 	0.248181  1  -668.899  6014
O16 	14895.1 	0.221949  1  2592.11  2538
O16 	14895.1 	0.448869  1  2248.1  2882
O16 	14895.1 	0.467638  1  -2981.89  8524
O16 	14895.1 	0.335552  1  -3249.08  8522
O16 	14895.1 	0.517935  1  -978.875  6225
O16 	14895.1 	0.20937  1  -1689.38  6959
O16 	14895.1 	0.586398  1  4941.07  55
O16 	14895.1 	0.248695  1  -1745.83  7122
O16 	14895.1 	0.247542  1  2030.76  3002
O16 	14895.1 	0.317038  1  3151.82  1955
O16 	14895.1 	0.24989  1  4486.19  537
O16 	14895.1 	0.425234  1  -3838.08  9339
O16 	14895.1 	0.216698  1  -830.423  6164
O16 	14895.1 	0.444001  1  -4449.51  9860
O16 	14895.1 	0.296277  1  -3011.39  8458
O16 	14895.1 	0.225999  1  -4472.47  9896
O16 	14895.1 	0.194079  1  2657.04  2376
O16 	14895.1 	0.420078  1  -2876.47  8131
O16 	14895.1 	0.189987  1  4437.64  614
O16 	14895.1 	0.392447  1  -3970.77  9528
O16 	14895.1 	0.519077  1  -2996.22  8258
O16 	14895.1 	0.318105  1  596.959  4665
O16 	14895.1 	0.404364  1  -2693.85  7905
O16 	14895.1 	0.209191  1  280.023  4897
O16 	14895.1 	0.217692  1  2735.6  2356
O16 	14895.1 	0.540524  1  2123.56  3010
O16 	14895.1 	0.207904  1  -2547.74  7946
O16 	14895.1 	0.306454  1  4426.32  630
O16 	14895.1 	0.248033  1  3864.45  1202
O16 	14895.1 	0.233315  1  -4444.68  9815
O16 	14895.1 	0.241125  1  -4542.48  10237
O16 	14895.1 	0.194125  1  -2999.63  8346
O16 	14895.1 	0.524209  1  3666.57  1430
O16 	14895.1 	0.201407  1  928.808  4289
O16 	14895.1 	0.329195  1  3835.57  1164
O16 	14895.1 	0.375099  1  -259.705  5521
O16 	14895.1 	0.442471  1  -4553.32  9858
O16 	14895.1 	0.28155  1  1927.51  3206
O16 	14895.1 	0.656013  1  -3668.31  8972
O16 	14895.1 	0.25907  1  1908.8  3406
O16 	14895.1 	0.254852  1  -3720.69  9028
O16 	14895.1 	0.679916  1  2346.08  2741
O16 	14895.1 	0.220971  1  -3951.01  9419
O16 	14895.1 	0.754937  1  4995.34  9
O16 	14895.1 	0.407527  1  4222.23  812
O16 	14895.1 	0.245651  1  1699.1  3407
O16 	14895.1 	0.453729  1  1864.82  3301
O16 	14895.1 	0.213253  1  881.794  4317
O16 	14895.1 	0.220492  1  -3003.93  8281
O16 	14895.1 	0.508297  1  2410.77  2708
O16 	14895.1 	0.957842  1  -1272.18  6556
O16 	14895.1 	1.34461  1  1924.08  3180
O16 	14895.1 	0.463915  1  -3079.21  8560
O16 	14895.1 	0.231246  1  -1679.43  6991
O16 	14895.1 	0.688685  1  -860.462  6032
O16 	14895.1 	0.479573  1  -1001.76  6194
O16 	14895.1 	0.426904  1  -4664.9  10041
O16 	14895.1 	0.3024  1  3736.06  1328
O16 	14895.1 	0.202371  1  -679.053  5933
O16 	14895.1 	0.190976  1  884.257  4288
O16 	14895.1 	0.255704  1  -446.495  5794
O16 	14895.1 	0.349558  1  -4625.83  10151
O16 	14895.1 	7.22733  1  4300.16  737
O16 	14895.1 	0.197728  1  2260.61  2910
O16 	14895.1 	0.343381  1  4260.06  779
O16 	14895.1 	0.285622  1  898.762  4296
O16 	14895.1 	0.294308  1  -2387.3  7804
O16 	14895.1 	1.47211  1  2307.5  2727
O16 	14895.1 	0.320973  1  -1066.12  6266
O16 	14895.1 	1.01163  1  1704.02  3449
O16 	14895.1 	0.231995  1  2401.17  2679
O16 	14895.1 	0.559356  1  -4361.49  9740
O16 	14895.1 	0.230288  1  4052.99  1026
O16 	14895.1 	0.41134  1  4685.63  311
O16 	14895.1 	0.210688  1  3669.23  1366
O16 	14895.1 	0.253508  1  -3085.31  8461
O16 	14895.1 	0.266701  1  -591.929  5878
O16 	14895.1 	0.315864  1  -4948.41  10417
O16 	14895.1 	0.346347  1  -1144.93  6532
O16 	14895.1 	0.237005  1  4297.74  732
O16 	14895.1 	0.311054  1  346.435  4912
O16 	14895.1 	0.538725  1  3696.89  1330
O16 	14895.1 	0.239628  1  3363.72  1767
O16 	14895.1 	0.219737  1  1652.96  3467
O16 	14895.1 	0.44209  1  3114.56  1980
O16 	14895.1 	0.31242  1  -1332.96  6812
O16 	14895.1 	0.508266  1  -1815.49  7301
O16 	14895.1 	0.251512  1  4843.09  184
O16 	14895.1 	0.519876  1  -650.654  6024
O16 	14895.1 	0.211998  1  -20.2488  5354
O16 	14895.1 	0.280619  1  3274.92  1778
O16 	14895.1 	0.83612  1  24.8361  5166
O16 	14895.1 	0.26006  1  -3482.48  8947
O16 	14895.1 	0.639988  1  -104.049  5297
O16 	14895.1 	0.301524  1  3328.35  1718
O16 	14895.1 	0.312557  1  -1211.36  6583
O16 	14895.1 	0.190328  1  -2422  7846
O16 	14895.1 	0.698083  1  3193.56  1824
O16 	14895.1 	0.197863  1  -599.721  5792
O16 	14895.1 	0.229298  1  846.366  4380
O16 	14895.1 	0.747453  1  3788.6  1252
O16 	14895.1 	0.497696  1  -4975.78  10565
O16 	14895.1 	0.191779  1  370.254  4991
O16 	14895.1 	0.22289  1  -1602.51  6990
O16 	14895.1 	0.227342  1  -4904.34  10348
O16 	14895.1 	0.198471  1  2754.47  2386
O16 	14895.1 	2.80427  1  -1923.61  7396
O16 	14895.1 	0.362478  1  3739.57  1368
O16 	14895.1 	0.978556  1  -759.12  6040
O16 	14895.1 	0.293095  1  4338.81  740
O16 	14895.1 	0.549733  1  -1906.48  7138
O16 	14895.1 	0.410205  1  -4416.53  9840
O16 	14895.1 	0.571725  1  -4949.35  10521
O16 	14895.1 	0.959503  1  859.616  4422
O16 	14895.1 	0.249992  1  4363.34  661
O16 	14895.1 	0.290498  1  -528.176  5839
O16 	14895.1 	0.300241  1  -4987.91  10504
O16 	14895.1 	0.189689  1  -4012.89  9398
O16 	14895.1 	0.734921  1  -3295.38  8803
O16 	14895.1 	0.244278  1  -4432.46  9744
O16 	14895.1 	0.29799  1  -2166.32  7621
O16 	14895.1 	1.69385  1  -4117.95  9351
O16 	14895.1 	1.5039  1  -2415.42  7743
O16 	14895.1 	0.281038  1  -4425.3  9806
O16 	14895.1 	0.592868  1  2528.66  2692
O16 	14895.1 	0.27277  1  -134.654  5502
O16 	14895.1 	0.232123  1  3348.42  1698
O16 	14895.1 	1.4161  1  816.59  4485
O16 	14895.1 	0.563267  1  760.52  4435
O16 	14895.1 	0.289054  1  -661.973  5978
O16 	14895.1 	0.905326  1  -1290.43  6486
O16 	14895.1 	0.705203  1  2272.67  2827
O16 	14895.1 	0.213099  1  4787.54  219
O16 	14895.1 	0.324372  1  1908.83  3277
O16 	14895.1 	0.906807  1  1793.09  3340
O16 	14895.1 	0.208814  1  -3751.23  9052
O16 	14895.1 	0.683417  1  -4893.22  10341
O16 	14895.1 	0.332138  1  1721.31  3467
O16 	14895.1 	1.97958  1  1272.66  3966
O16 	14895.1 	0.235426  1  912.197  4285
O16 	14895.1 	0.432499  1  -246.772  5567
O16 	14895.1 	0.37456  1  -3668.75  9122
O16 	14895.1 	0.201042  1  -1062.58  6361
O16 	14895.1 	0.258247  1  4769.08  254
O16 	14895.1 	0.890886  1  -2457.4  7872
O16 	14895.1 	0.236321  1  4780.02  210
O16 	14895.1 	0.196386  1  316.044  4829
O16 	14895.1 	0.254119  1  -1210.08  6654
O16 	14895.1 	0.450931  1  -93.6408  5292
O16 	14895.1 	0.826111  1  3823.8  1194
O16 	14895.1 	0.191236  1  2889.94  2164
O16 	14895.1 	0.266755  1  739.489  4415
O16 	14895.1 	0.218882  1  3234.57  1790
O16 	14895.1 	2.85191  1  2982.91  2169
O16 	14895.1 	0.83244  1  -507.818  5679
O16 	14895.1 	0.322318  1  -3450.48  8970
O16 	14895.1 	0.428777  1  2806.49  2246
O16 	14895.1 	0.277039  1  -4482.82  10062
O16 	14895.1 	0.325652  1  3355.36  1716
O16 	14895.1 	0.288795  1  -2710.23  8225
O16 	14895.1 	0.276057  1  4333.62  719
O16 	14895.1 	0.227389  1  4831.18  161
O16 	14895.1 	3.51363  1  -2884.46  8270
O16 	14895.1 	9.33289  1  -3702.44  9153
O16 	14895.1 	0.573514  1  -1684.54  6915
O16 	14895.1 	0.201629  1  4716.28  309
O16 	14895.1 	0.192748  1  -1435.12  6685
O16 	14895.1 	0.294565  1  -1859.39  7201
O16 	14895.1 	0.214591  1  3981.51  1050
O16 	14895.1 	0.230319  1  1575.6  3528
O16 	14895.1 	0.232943  1  3306.8  1740
O16 	14895.1 	1.07049  1  294.353  4888
O16 	14895.1 	0.292706  1  384.578  4987
O16 	14895.1 	0.317486  1  -2218.6  7575
O16 	14895.1 	0.870301  1  4824.24  201
O16 	14895.1 	0.191204  1  2367.03  2781
O16 	14895.1 	1.16364  1  -2961.71  8416
O16 	14895.1 	0.204143  1  -4790.92  10391
O16 	14895.1 	0.198195  1  4046.53  991
O16 	14895.1 	0.992982  1  -787.288  6186
O16 	14895.1 	0.239997  1  593.75  4557
O16 	14895.1 	0.251617  1  -1087.81  6310
O16 	14895.1 	0.196347  1  -1782.67  7109
O16 	14895.1 	0.417723  1  -1045.57  6375
O16 	14895.1 	0.195617  1  -4790.84  10205
O16 	14895.1 	0.259706  1  -3867.19  9221
O16 	14895.1 	0.363192  1  4368.65  685
O16 	14895.1 	0.759039  1  2677.24  2437
O16 	14895.1 	0.442734  1  4770.92  237
O16 	14895.1 	0.237762  1  3534.5  1615
O16 	14895.1 	1.07559  1  -3485.54  8980
O16 	14895.1 	0.807381  1  2128.01  3026
O16 	14895.1 	0.213647  1  -4172  9571
O16 	14895.1 	0.259691  1  1653.97  3537
O16 	14895.1 	0.44427  1  -2897.16  8156
O16 	14895.1 	2.28906  1  -447.503  5746
O16 	14895.1 	0.70232  1  -1235.78  6543
O16 	14895.1 	0.221595  1  4143.39  901
O16 	14895.1 	0.243434  1  4458.53  586
O16 	14895.1 	0.194334  1  -3436.41  8774
O16 	14895.1 	0.193325  1  -1387.36  6644
O16 	14895.1 	0.41607  1  -146.283  5466
O16 	14895.1 	0.234629  1  229.561  5045
O16 	14895.1 	0.293588  1  -783.039  6123
O16 	14895.1 	0.294168  1  -4617.68  9944
O16 	14895.1 	0.491491  1  1773.12  3448
O16 	14895.1 	0.188459  1  -142.708  5373
O16 	14895.1 	0.71147  1  -1600.57  6968
O16 	14895.1 	0.210496  1  -4631.42  10144
O16 	14895.1 	1.50742  1  762.637  4373
O16 	14895.1 	1.21368  1  -476.16  5714
O16 	14895.1 	0.731793  1  -3825.39  9286
O16 	14895.1 	0.280151  1  2276.8  2864
O16 	14895.1 	0.248022  1  -3293.98  8687
O16 	14895.1 	1.47435  1  -973.139  6360
O16 	14895.1 	0.508175  1  3316.32  1852
O16 	14895.1 	0.714526  1  -4442.62  9912
O16 	14895.1 	1.6371  1  3940.54  1123
O16 	14895.1 	0.193719  1  -1837.77  7122
O16 	14895.1 	0.492871  1  -1002.34  6269
O16 	14895.1 	0.415871  1  3817.93  1236
O16 	14895.1 	1.36389  1  -203.693  5492
O16 	14895.1 	0.33708  1  487.131  4663
O16 	14895.1 	0.363674  1  3353.91  1794
O16 	14895.1 	0.198102  1  -2879.42  8218
O16 	14895.1 	0.216584  1  3872.54  1154
O16 	14895.1 	0.26242  1  -1402.68  6811
O16 	14895.1 	20.0496  1  2066.83  3016
O16 	14895.1 	2.33949  1  -949.775  6255
O16 	14895.1 	2.40534  1  -1882.15  7055
O16 	14895.1 	0.417707  1  -4703.22  10160
O16 	14895.1 	0.236197  1  3696.23  1368
O16 	14895.1 	0.233592  1  1679.51  3401
O16 	14895.1 	1.56689  1  2556.95  2540
O16 	14895.1 	1.00689  1  2441.48  2643
O16 	14895.1 	0.199879  1  -4226.99  9591
O16 	14895.1 	0.221232  1  -4192.33  9605
O16 	14895.1 	0.282363  1  -3762.64  9192
O16 	14895.1 	0.199618  1  -717.793  5983
O16 	14895.1 	0.304299  1  -672.17  5928
O16 	14895.1 	0.640454  1  3446.18  1610
O16 	14895.1 	0.403418  1  3352.11  1719
O16 	14895.1 	0.194777  1  2945.76  2175
O16 	14895.1 	0.348149  1  1182.44  3986
O16 	14895.1 	0.243918  1  2722.62  2280
O16 	14895.1 	1.35074  1  -207.381  5418
O16 	14895.1 	0.240316  1  -2318.95  7663
O16 	14895.1 	0.229382  1  -515.217  5823
O16 	14895.1 	10.5199  1  -3925.25  9567
O16 	14895.1 	0.466534  1  -710.376  6132
O16 	14895.1 	0.425504  1  2199.74  2966
O16 	14895.1 	0.189175  1  61.2639  5134
O16 	14895.1 	3.33404  1  2654.76  2474
O16 	14895.1 	0.327475  1  -2469.37  7718
O16 	14895.1 	0.506253  1  -1663.89  7220
O16 	14895.1 	0.438079  1  -1032.89  6378
O16 	14895.1 	0.223285  1  -710.694  5980
O16 	14895.1 	0.612675  1  -2749.12  8098
O16 	14895.1 	1.36171  1  1037.31  4161
O16 	14895.1 	0.349035  1  -3367.17  8803
O16 	14895.1 	1.01311  1  1148.12  4135
O16 	14895.1 	0.226753  1  2671.93  2445
O16 	14895.1 	0.670085  1  -1133.51  6417
O16 	14895.1 	0.595218  1  2085.29  3012
O16 	14895.1 	0.338805  1  -3571.66  8990
O16 	14895.1 	0.335186  1  -4162.59  9671
O16 	14895.1 	0.42328  1  1911.61  3272
O16 	14895.1 	0.203758  1  -2200.34  7558
O16 	14895.1 	0.421101  1  2313.67  2801
O16 	14895.1 	0.952416  1  2093.15  3022
O16 	14895.1 	0.281898  1  587.711  4686
O16 	14895.1 	1.25406  1  4477.65  528
O16 	14895.1 	0.783893  1  -2950.57  8204
O16 	14895.1 	0.236032  1  -231.988  5566
O16 	14895.1 	0.193317  1  4158.61  869
O16 	14895.1 	0.477717  1  2687.3  2460
O16 	14895.1 	0.324978  1  2647.94  2532
O16 	14895.1 	0.289936  1  2204.08  2894
O16 	14895.1 	0.231511  1  -3479.78  9094
O16 	14895.1 	0.207985  1  -1946.6  7222
O16 	14895.1 	0.295016  1  -300.655  5344
O16 	14895.1 	0.207948  1  4486.92  537
O16 	14895.1 	0.218682  1  509.069  4763
O16 	14895.1 	0.688654  1  -4893.2  10340
O16 	14895.1 	0.264863  1  -3265.62  8661
O16 	14895.1 	1.11755  1  4732.77  268
O16 	14895.1 	0.509633  1  2672.09  2490
O16 	14895.1 	1.77211  1  4842.61  162
O16 	14895.1 	0.467323  1  -4266.31  9807
O16 	14895.1 	0.197538  1  -3472.58  8864
O16 	14895.1 	0.218727  1  -524.754  5774
O16 	14895.1 	0.209853  1  -4752.55  10190
O16 	14895.1 	0.191702  1  -433.349  5742
O16 	14895.1 	0.251517  1  -311.926  5681
O16 	14895.1 	0.810267  1  -2219.43  7558
O16 	14895.1 	1.89114  1  4973.61  25
O16 	14895.1 	0.44175  1  4076  942
O16 	14895.1 	0.233419  1  853.929  4299
O16 	14895.1 	0.541808  1  -966.799  6196
O16 	14895.1 	0.420151  1  -2929.78  8238
O16 	14895.1 	0.261518  1  4360.03  657
O16 	14895.1 	0.639726  1  4402.61  601
O16 	14895.1 	0.208652  1  -1209.3  6579
O16 	14895.1 	0.426552  1  -2638.03  8317
O16 	14895.1 	0.324081  1  -881.603  5966
O16 	14895.1 	0.240156  1  4898.79  118
O16 	14895.1 	1.16164  1  -21.6145  5139
O16 	14895.1 	0.273486  1  4383.18  619
O16 	14895.1 	0.243929  1  3071.97  2035
O16 	14895.1 	0.475005  1  3047.89  2061
O16 	14895.1 	0.252099  1  -370.308  5392
O16 	14895.1 	0.314789  1  3272.35  1857
O16 	14895.1 	0.21607  1  -3648.93  9219
O16 	14895.1 	0.496076  1  -2063.52  7406
O16 	14895.1 	0.410829  1  3945.47  1150
O16 	14895.1 	0.337547  1  -2717.48  8117
O16 	14895.1 	0.394053  1  2128.46  3034
O16 	14895.1 	0.209293  1  2569.88  2528
O16 	14895.1 	0.215123  1  -892.772  6299
O16 	14895.1 	0.207648  1  2990.69  2088
O16 	14895.1 	0.27263  1  2914.47  2161
O16 	14895.1 	0.197335  1  -58.0873  5285
O16 	14895.1 	0.855124  1  -3971.35  9461
O16 	14895.1 	0.687112  1  1918.46  3388
O16 	14895.1 	0.20716  1  2195.34  2923
O16 	14895.1 	0.396818  1  2914.98  2212
O16 	14895.1 	0.223161  1  537.196  4628
O16 	14895.1 	0.263986  1  3900.28  1132
O16 	14895.1 	0.267502  1  1802.59  3344
O16 	14895.1 	0.252763  1  -2012.88  7286
O16 	14895.1 	0.552778  1  1110.67  4116
O16 	14895.1 	0.418085  1  -3940.04  9301
O16 	14895.1 	0.235936  1  403.609  4799
O16 	14895.1 	0.265599  1  1045.46  4134
O16 	14895.1 	0.326884  1  -1180.52  6416
O16 	14895.1 	0.512221  1  -3291.45  8754
O16 	14895.1 	0.205742  1  3075.71  2066
O16 	14895.1 	0.32002  1  4238.94  817
O16 	14895.1 	0.390251  1  1685.9  3458
O16 	14895.1 	0.845628  1  3662.65  1425
O16 	14895.1 	0.502266  1  -816.394  6152
O16 	14895.1 	0.59981  1  2.43821  5211
O16 	14895.1 	0.295083  1  3057.77  2173
O16 	14895.1 	0.303954  1  -449.269  5731
O16 	14895.1 	0.278537  1  979.03  4320
O16 	14895.1 	0.619331  1  -1241.8  6525
O16 	14895.1 	0.212269  1  1748.42  3302
O16 	14895.1 	0.22278  1  2263.79  2862
O16 	14895.1 	0.510904  1  4184.96  818
O16 	14895.1 	0.92767  1  1902.73  3271
O16 	14895.1 	0.268381  1  -2634.29  7937
O16 	14895.1 	0.216655  1  -1430.98  6684
O16 	14895.1 	0.220852  1  -1238.52  6597
O16 	14895.1 	0.276011  1  3198.56  1802
O16 	14895.1 	0.407192  1  175.018  5143
O16 	14895.1 	0.266995  1  1462.96  3620
O16 	14895.1 	0.797623  1  944.033  4346
O16 	14895.1 	0.581642  1  3092.7  1984
O16 	14895.1 	0.221452  1  320.741  4846
O16 	14895.1 	0.234244  1  -92.8607  5448
O16 	14895.1 	0.197289  1  -336.854  5657
O16 	14895.1 	0.257452  1  -2129.01  7368
O16 	14895.1 	1.26644  1  758.253  4420
O16 	14895.1 	0.282684  1  -1808  7186
O16 	14895.1 	0.283444  1  1795.14  3477
O16 	14895.1 	0.479275  1  94.52  5136
O16 	14895.1 	0.195167  1  909.972  4309
O16 	14895.1 	0.27283  1  -2964.09  8423
O16 	14895.1 	0.644532  1  1213.13  3942
O16 	14895.1 	1.29633  1  -828.698  6227
O16 	14895.1 	0.327218  1  4848.83  159
O16 	14895.1 	0.503532  1  1061.58  4103
O16 	14895.1 	0.357554  1  3706.95  1334
O16 	14895.1 	0.192404  1  3393.04  1649
O16 	14895.1 	1.27365  1  -839.04  6060
O16 	14895.1 	0.301686  1  2180.99  2920
O16 	14895.1 	0.975104  1  689.275  4421
O16 	14895.1 	0.231012  1  -4368.39  9828
O16 	14895.1 	0.430558  1  999.854  4160
O16 	14895.1 	0.218423  1  -2894.25  8332
O16 	14895.1 	0.283405  1  3870.65  1226
O16 	14895.1 	0.244784  1  2598.98  2513
O16 	14895.1 	0.235275  1  -1454.61  6834
O16 	14895.1 	0.202512  1  955.827  4132
O16 	14895.1 	0.223973  1  941.315  4177
O16 	14895.1 	0.195005  1  -281.828  5426
O16 	14895.1 	0.219913  1  4259.22  766
O16 	14895.1 	0.742178  1  -1899.11  7241
O16 	14895.1 	0.223365  1  -2316.52  7512
O16 	14895.1 	1.23533  1  -1197.92  6481
O16 	14895.1 	0.2509  1  -1971.85  7227
O16 	14895.1 	2.5424  1  -2285.43  7707
O16 	14895.1 	6.4078  1  2730.53  2426
O16 	14895.1 	0.226806  1  2350.33  2791
O16 	14895.1 	0.219763  1  -2831.28  8272
O16 	14895.1 	0.265641  1  149.487  5040
O16 	14895.1 	0.363859  1  -736.135  6063
O16 	14895.1 	0.396476  1  -1235.65  6500
O16 	14895.1 	0.565271  1  3958.23  1095
O16 	14895.1 	0.19617  1  1989.99  3140
O16 	14895.1 	0.265387  1  633.127  4646
O16 	14895.1 	0.317702  1  3279.45  1757
O16 	14895.1 	0.234624  1  -4728.41  10319
O16 	14895.1 	0.192136  1  3616.74  1490
O16 	14895.1 	0.242171  1  1479.25  3657
O16 	14895.1 	0.377232  1  -1330.35  6673
O16 	14895.1 	0.221807  1  205.375  4928
O16 	14895.1 	0.623467  1  -3400.85  8964
O16 	14895.1 	0.813159  1  2079.03  3162
O16 	14895.1 	0.601107  1  4947.17  50
O16 	14895.1 	0.464082  1  -1211.43  6486
O16 	14895.1 	0.258955  1  -2299.82  7595
O16 	14895.1 	0.292873  1  -2598.92  7984
O16 	14895.1 	0.21466  1  4649.77  353
O16 	14895.1 	0.386587  1  3031.85  2033
O16 	14895.1 	0.678153  1  -4772.24  10316
O16 	14895.1 	0.269836  1  -1491.63  6888
O16 	14895.1 	0.305797  1  1643.54  3457
O16 	14895.1 	6.22359  1  -314.136  5658
O16 	14895.1 	0.377907  1  734.114  4398
O16 	14895.1 	0.633762  1  3806.52  1249
O16 	14895.1 	0.298419  1  -2456.61  7903
O16 	14895.1 	1.46766  1  -664.093  5982
O16 	14895.1 	0.201672  1  -1234.75  6569
O16 	14895.1 	0.509107  1  -2416.45  7779
O16 	14895.1 	0.209224  1  1907.78  3226
O16 	14895.1 	0.312905  1  -895.633  6074
O16 	14895.1 	0.770507  1  4475.42  517
O16 	14895.1 	0.294529  1  3673.47  1432
O16 	14895.1 	1.33058  1  -4181.62  9562
O16 	14895.1 	0.274245  1  4350.41  708
O16 	14895.1 	0.240242  1  -4494.23  9992
O16 	14895.1 	0.594635  1  -3591.29  9050
O16 	14895.1 	1.91029  1  2485.99  2631
O16 	14895.1 	0.358129  1  -2948.76  8445
O16 	14895.1 	0.389186  1  -1416.08  6607
O16 	14895.1 	0.557336  1  92.4557  5123
O16 	14895.1 	0.221775  1  2755.56  2311
O16 	14895.1 	0.250026  1  -3827.48  9202
O16 	14895.1 	0.19965  1  2580.84  2615
O16 	14895.1 	0.32452  1  -2672.53  8184
O16 	14895.1 	0.276466  1  -4193.68  9540
O16 	14895.1 	0.229847  1  -4545.88  9969
O16 	14895.1 	0.441862  1  -4850.05  10278
O16 	14895.1 	0.722412  1  -4919.06  10210
O16 	14895.1 	0.386931  1  -2513.22  7960
O16 	14895.1 	0.212455  1  -3460.16  8838
O16 	14895.1 	0.324832  1  446.718  4823
O16 	14895.1 	0.447928  1  -4047.78  9440
O16 	14895.1 	0.750038  1  -2008.52  7366
O16 	14895.1 	0.371392  1  1628.44  3496
O16 	14895.1 	0.225192  1  -1465.57  6743
O16 	14895.1 	0.688134  1  2920.69  2171
O16 	14895.1 	0.418399  1  -4920.3  10461
O16 	14895.1 	0.273177  1  882.1  4339
O16 	14895.1 	2.60545  1  -1024.48  6300
O16 	14895.1 	2.61214  1  3409.51  1563
O16 	14895.1 	0.570301  1  4370.76  676
O16 	14895.1 	0.385876  1  -2924.57  8155
O16 	14895.1 	0.228866  1  4446.52  560
O16 	14895.1 	1.07319  1  919.688  4251
O16 	14895.1 	0.3515  1  2035.77  3107
O16 	14895.1 	0.197714  1  -4788.28  10174
O16 	14895.1 	0.712276  1  2646.86  2433
O16 	14895.1 	0.581847  1  -4256.96  9636
O16 	14895.1 	0.196511  1  3667.91  1369
O16 	14895.1 	0.256372  1  -764.438  6188
O16 	14895.1 	0.78588  1  -739.39  6137
O16 	14895.1 	0.204892  1  -1666.24  7043
O16 	14895.1 	0.334259  1  1662.43  3560
O16 	14895.1 	0.638353  1  -214.088  5387
O16 	14895.1 	0.243217  1  957.604  4183
O16 	14895.1 	0.542194  1  944.498  4305
O16 	14895.1 	0.926786  1  691.488  4574
O16 	14895.1 	0.210262  1  -3630.05  9042
O16 	14895.1 	0.238761  1  3961.57  1093
O16 	14895.1 	0.398971  1  2196.18  2896
O16 	14895.1 	0.194993  1  2753.18  2418
O16 	14895.1 	0.287207  1  1219.91  4109
O16 	14895.1 	0.836595  1  -3150.46  8742
O16 	14895.1 	0.228198  1  41.4284  5193
O16 	14895.1 	0.381597  1  3858.8  1166
O16 	14895.1 	0.200692  1  -2993.8  8384
O16 	14895.1 	0.278517  1  3876.45  1178
O16 	14895.1 	0.426384  1  990.466  4266
O16 	14895.1 	2.0605  1  627.701  4519
O16 	14895.1 	0.302272  1  3978.22  1048
O16 	14895.1 	0.828204  1  2029.49  3118
O16 	14895.1 	0.991624  1  1821.12  3352
O16 	14895.1 	0.198134  1  -4253.84  9667
O16 	14895.1 	0.27649  1  1263.29  3848
O16 	14895.1 	0.22395  1  4913.51  110
O16 	14895.1 	0.305775  1  -4000.77  9504
O16 	14895.1 	0.487604  1  757.632  4415
O16 	14895.1 	0.201693  1  -3565.8  8907
O16 	14895.1 	0.567694  1  -2918.59  8220
O16 	14895.1 	0.189828  1  4312.32  734
O16 	14895.1 	0.314552  1  -4725.81  10071
O16 	14895.1 	0.327777  1  2964.02  2158
O16 	14895.1 	0.287167  1  2653.02  2423
O16 	14895.1 	0.191116  1  -3105  8433
O16 	14895.1 	0.240029  1  1111.89  4089
O16 	14895.1 	0.41459  1  2695.93  2313
O16 	14895.1 	0.225855  1  -3090.09  8447
O16 	14895.1 	0.549055  1  4088.48  925
O16 	14895.1 	0.315902  1  -3949.7  9314
O16 	14895.1 	0.333687  1  -2393.42  7851
O16 	14895.1 	0.422987  1  -2565.79  7872
O16 	14895.1 	0.351032  1  1774.9  3518
O16 	14895.1 	0.475497  1  2068.27  3057
O16 	14895.1 	1.5364  1  39.0608  5130
O16 	14895.1 	0.409039  1  -3917.82  9288
O16 	14895.1 	0.472896  1  1498.33  3741
O16 	14895.1 	0.291121  1  -2384.52  7800
O16 	14895.1 	0.203555  1  4920.83  86
O16 	14895.1 	0.2057  1  257.289  4891
O16 	14895.1 	0.418838  1  209.895  5069
O16 	14895.1 	0.511242  1  -1671.63  6934
O16 	14895.1 	0.622059  1  -2112.56  7397
O16 	14895.1 	0.227357  1  374.593  4800
O16 	14895.1 	0.27356  1  828.893  4545
O16 	14895.1 	0.771922  1  -4547.66  9912
O16 	14895.1 	2.6785  1  -4588.36  10013
O16 	14895.1 	0.587841  1  -3003.96  8402
O16 	14895.1 	0.21594  1  30.8844  5144
O16 	14895.1 	0.192424  1  2329.6  2802
O16 	14895.1 	1.91025  1  -4428.43  9956
O16 	14895.1 	0.211679  1  -2762.29  8062
O16 	14895.1 	0.534471  1  814.391  4434
O16 	14895.1 	0.466647  1  2296.25  2869
O16 	14895.1 	0.204803  1  -4941.33  10511
O16 	14895.1 	1.24217  1  -1891.42  7126
O16 	14895.1 	0.208227  1  4379.85  656
O16 	14895.1 	0.83359  1  -4800.9  10469
O16 	14895.1 	2.10764  1  4810.66  201
O16 	14895.1 	1.30451  1  4115.75  903
O16 	14895.1 	0.826268  1  3966.23  1112
O16 	14895.1 	0.338681  1  1053.78  4239
O16 	14895.1 	0.605002  1  -3909.29  9399
O16 	14895.1 	0.442137  1  -1993.18  7282
O16 	14895.1 	0.205281  1  2525.14  2625
O16 	14895.1 	0.385861  1  3081.42  2033
O16 	14895.1 	0.928137  1  -1209.07  6537
O16 	14895.1 	0.966829  1  -2527.79  8013
O16 	14895.1 	0.311731  1  -4077.5  9482
O16 	14895.1 	0.190975  1  -958.814  6338
O16 	14895.1 	2.21026  1  3751.41  1342
O16 	14895.1 	0.240116  1  -1841.18  7226
O16 	14895.1 	0.268845  1  -396.132  5675
O16 	14895.1 	0.526245  1  -1728.24  7064
O16 	14895.1 	0.224938  1  -1831.32  7267
O16 	14895.1 	0.258366  1  4452.76  602
O16 	14895.1 	0.217656  1  -2684.41  7901
O16 	14895.1 	0.190798  1  -4959.3  10211
O16 	14895.1 	0.368583  1  -1388.79  6656
O16 	14895.1 	0.232407  1  -1932.27  7332
O16 	14895.1 	0.24189  1  495.526  4686
O16 	14895.1 	0.542143  1  4977.1  25
O16 	14895.1 	0.24318  1  769.605  4408
O16 	14895.1 	0.34715  1  1380.27  3877
O16 	14895.1 	0.235057  1  2579.06  2599
O16 	14895.1 	0.232777  1  -167.287  5363
O16 	14895.1 	1.711  1  328.918  4943
O16 	14895.1 	0.765945  1  -4041.56  9405
O16 	14895.1 	0.4725  1  -2304.39  7575
O16 	14895.1 	0.216678  1  1074.28  4037
O16 	14895.1 	0.694038  1  2182.07  2968
O16 	14895.1 	0.19124  1  -1333.07  6690
O16 	14895.1 	4.56885  1  -1044.81  6403
O16 	14895.1 	0.634315  1  -4004.07  9350
O16 	14895.1 	3.88992  1  -3526.32  8897
O16 	14895.1 	0.554142  1  -794.827  6015
O16 	14895.1 	0.574607  1  1677.57  3493
O16 	14895.1 	0.601349  1  1545.48  3707
O16 	14895.1 	0.251765  1  -1809.2  7296
O16 	14895.1 	0.237577  1  -501.109  5692
O16 	14895.1 	0.326245  1  -3620.8  9102
O16 	14895.1 	0.539372  1  3641.34  1431
O16 	14895.1 	1.08691  1  2663.15  2463
O16 	14895.1 	0.708073  1  -4650.03  10097
O16 	14895.1 	0.235939  1  -860.511  6300
O16 	14895.1 	1.14267  1  1629.73  3602
O16 	14895.1 	0.314123  1  -2875.16  8281
O16 	14895.1 	0.193041  1  86.0048  5253
O16 	14895.1 	0.320311  1  -3924.91  9533
O16 	14895.1 	0.618089  1  -4217.46  9849
O16 	14895.1 	0.415876  1  -2750.54  8169
O16 	14895.1 	0.28417  1  -997.939  6441
O16 	14895.1 	0.466597  1  -3027.03  8501
O16 	14895.1 	0.237791  1  1688.44  3467
O16 	14895.1 	0.595184  1  -3646.41  9125
O16 	14895.1 	0.260326  1  2293.71  2833
O16 	14895.1 	0.234868  1  -1175.93  6490
O16 	14895.1 	0.281569  1  -3694.56  9137
O16 	14895.1 	0.195204  1  939.12  4258
O16 	14895.1 	1.5881  1  -386.096  5562
O16 	14895.1 	0.462934  1  -197.076  5377
O16 	14895.1 	0.215369  1  3482.77  1603
O16 	14895.1 	0.906885  1  -2250.45  7487
O16 	14895.1 	0.233251  1  1203.87  4014
O16 	14895.1 	0.770805  1  -2771.64  7872
O16 	14895.1 	0.361826  1  -2475.36  7676
O16 	14895.1 	0.503942  1  -4862.67  10490
O16 	14895.1 	0.887598  1  4901.9  96
O16 	14895.1 	0.26387  1  1034.71  4092
O16 	14895.1 	0.205442  1  2820.88  2285
O16 	14895.1 	0.380723  1  -2724.05  7869
O16 	14895.1 	2.22372  1  -2614.47  7922
O16 	14895.1 	1.10729  1  204.523  5024
O16 	14895.1 	0.211393  1  -275.364  5531
O16 	14895.1 	0.80713  1  -790.794  6073
O16 	14895.1 	0.267106  1  -4653.84  10062
O16 	14895.1 	0.265644  1  -1456.27  6752
O16 	14895.1 	0.301505  1  4185.2  854
O16 	14895.1 	0.271593  1  -67.1694  5298
O16 	14895.1 	0.593029  1  -4456.76  9909
O16 	14895.1 	0.334559  1  978.309  4246
O16 	14895.1 	0.258775  1  3417.58  1718
O16 	14895.1 	0.209982  1  4234.67  848
O16 	14895.1 	0.646534  1  2678.4  2394
O16 	14895.1 	0.365727  1  -818.157  6013
O16 	14895.1 	1.23296  1  -898.136  6251
O16 	14895.1 	0.190869  1  4770.07  233
O16 	14895.1 	0.778671  1  213.153  4942
O16 	14895.1 	0.342453  1  649.81  4705
O16 	14895.1 	0.221908  1  4772.56  263
O16 	14895.1 	0.211362  1  -2132.4  7419
O16 	14895.1 	1.00463  1  -4231.82  9699
O16 	14895.1 	0.293814  1  4125.46  955
O16 	14895.1 	0.523747  1  4432.73  603
O16 	14895.1 	0.391875  1  3576.47  1483
O16 	14895.1 	0.393738  1  -712.482  6043
O16 	14895.1 	0.339181  1  -4269.54  9665
O16 	14895.1 	0.537079  1  4356.05  680
O16 	14895.1 	0.522464  1  1242.41  4050
O16 	14895.1 	0.73519  1  -2536.14  8026
O16 	14895.1 	0.277685  1  -73.128  5373
O16 	14895.1 	0.742277  1  -850.308  6081
O16 	14895.1 	0.248655  1  3027.84  2045
O16 	14895.1 	0.461937  1  -1400.63  6776
O16 	14895.1 	0.643662  1  -15.9406  5272
O16 	14895.1 	0.45726  1  -2576.08  7956
O16 	14895.1 	0.689831  1  3949.53  1079
O16 	14895.1 	0.582174  1  -839.531  6081
O16 	14895.1 	0.204726  1  -3777.08  9208
O16 	14895.1 	0.261954  1  -693.563  6097
O16 	14895.1 	0.202136  1  3723.14  1356
O16 	14895.1 	0.280564  1  229.872  4998
O16 	14895.1 	0.412479  1  3547.09  1543
O16 	14895.1 	0.214322  1  -1122.5  6415
O16 	14895.1 	0.383311  1  2278.31  2872
O16 	14895.1 	0.311635  1  -3069.93  8559
O16 	14895.1 	0.23589  1  -1712.86  7006
O16 	14895.1 	0.234665  1  -668.803  6020
O16 	14895.1 	0.552587  1  -1473.87  6921
O16 	14895.1 	0.57752  1  -2768.9  8004
O16 	14895.1 	0.412911  1  1955.72  3275
O16 	14895.1 	0.537763  1  -950.523  6145
O16 	14895.1 	1.51988  1  1260.61  3887
O16 	14895.1 	0.324546  1  -2237.78  7463
O16 	14895.1 	0.350799  1  -1968.17  7391
O16 	14895.1 	0.455316  1  -4563.69  9886
O16 	14895.1 	0.199548  1  -2254.45  7592
O16 	14895.1 	0.767059  1  -1047.51  6253
O16 	14895.1 	0.217448  1  -752.562  6068
O16 	14895.1 	0.356783  1  -1536.93  6947
O16 	14895.1 	0.256305  1  -836.013  6145
O16 	14895.1 	0.326861  1  -1115.23  6506
O16 	14895.1 	0.786748  1  -2399.19  7686
O16 	14895.1 	1.40592  1  -139.222  5350
O16 	14895.1 	0.344799  1  -3934.07  9258
O16 	14895.1 	1.73256  1  33.6812  5152
O16 	14895.1 	0.391562  1  4353.84  692
O16 	14895.1 	0.306095  1  1059.78  4093
O16 	14895.1 	0.24231  1  -3187.21  8603
O16 	14895.1 	0.519229  1  -665.649  5889
O16 	14895.1 	0.665985  1  632.393  4642
O16 	14895.1 	3.18488  1  1859.19  3238
O16 	14895.1 	0.340539  1  -2666.38  7959
O16 	14895.1 	0.239797  1  -3821.57  9334
O16 	14895.1 	0.239071  1  3947.66  1090
O16 	14895.1 	0.435671  1  4791.76  195
O16 	14895.1 	0.234519  1  -4537.77  10127
O16 	14895.1 	0.322089  1  4635.05  400
O16 	14895.1 	0.205179  1  -246.902  5480
O16 	14895.1 	0.209803  1  1983.03  3119
O16 	14895.1 	0.305675  1  2130.22  3032
O16 	14895.1 	0.58208  1  -2127.03  7467
O16 	14895.1 	0.276404  1  -1296.25  6649
O16 	14895.1 	0.243479  1  -2806.85  7955
O16 	14895.1 	0.223649  1  -2435.28  7805
O16 	14895.1 	0.230736  1  -1973.11  7393
O16 	14895.1 	0.434353  1  3834.69  1171
O16 	14895.1 	0.260807  1  -3101.55  8539
O16 	14895.1 	0.190581  1  3459.18  1692
O16 	14895.1 	0.38237  1  -3905.18  9279
O16 	14895.1 	0.442143  1  -4539.52  9931
O16 	14895.1 	4.81019  1  -2485.13  7860
O16 	14895.1 	0.850466  1  2987.97  2100
O16 	14895.1 	0.223425  1  -4276.7  9799
O16 	14895.1 	0.189124  1  3304.02  1784
O16 	14895.1 	0.309733  1  1503.84  3600
O16 	14895.1 	0.34954  1  -4783.83  10221
O16 	14895.1 	0.191506  1  1612.53  3604
O16 	14895.1 	0.26582  1  3828.13  1283
O16 	14895.1 	0.21066  1  -3901.48  9327
O16 	14895.1 	0.261432  1  4866.38  164
O16 	14895.1 	2.46884  1  2808.63  2320
O16 	14895.1 	0.474842  1  398.99  4884
O16 	14895.1 	1.22382  1  -3770.12  9073
O16 	14895.1 	0.318377  1  2784.17  2277
O16 	14895.1 	0.378469  1  -1266.25  6538
O16 	14895.1 	0.294854  1  -4990.75  10547
O16 	14895.1 	0.309244  1  -2136.71  7458
O16 	14895.1 	0.518833  1  4172.02  870
O16 	14895.1 	0.259645  1  -4535.17  10048
O16 	14895.1 	0.380401  1  -2094.21  7425
O16 	14895.1 	0.317434  1  -4318.72  9718
O16 	14895.1 	0.595962  1  1769.19  3391
O16 	14895.1 	0.240514  1  3237.69  1884
O16 	14895.1 	0.285111  1  4330.11  728
O16 	14895.1 	0.657924  1  -3864.25  9296
O16 	14895.1 	0.19192  1  -743.724  6069
O16 	14895.1 	0.274716  1  -246.642  5559
O16 	14895.1 	0.312685  1  4181.38  890
O16 	14895.1 	0.876029  1  1650.55  3541
O16 	14895.1 	0.238661  1  -182.969  5376
O16 	14895.1 	0.341563  1  -4957.84  10327
O16 	14895.1 	0.203582  1  -1944.03  7342
O16 	14895.1 	0.322908  1  2744.55  2342
O16 	14895.1 	0.376312  1  -3717.26  9162
O16 	14895.1 	0.249417  1  2545.22  2577
O16 	14895.1 	0.595711  1  -2892.84  8183
O16 	14895.1 	0.385167  1  374.315  4796
O16 	14895.1 	0.260913  1  1279.33  3921
O16 	14895.1 	0.195412  1  2758.6  2327
O16 	14895.1 	0.897257  1  -567.154  5853
O16 	14895.1 	0.349922  1  3434.18  1639
O16 	14895.1 	0.960355  1  4301.04  710
O16 	14895.1 	0.489729  1  542.866  4656
O16 	14895.1 	0.657261  1  -1400.89  6783
O16 	14895.1 	0.375572  1  2355.79  2688
O16 	14895.1 	0.237711  1  1004.51  4228
O16 	14895.1 	0.437476  1  2569.23  2599
O16 	14895.1 	0.383574  1  -4246.45  9648
O16 	14895.1 	0.202516  1  -1720.06  6911
O16 	14895.1 	0.216001  1  -4908.91  10442
O16 	14895.1 	0.24037  1  -148.824  5428
O16 	14895.1 	0.60717  1  1029.49  4085
O16 	14895.1 	0.301963  1  1747.12  3442
O16 	14895.1 	0.388373  1  3819.02  1212
O16 	14895.1 	0.325379  1  1761.77  3406
O16 	14895.1 	0.189208  1  4856.87  139
O16 	14895.1 	1.45772  1  -1549.7  6971
O16 	14895.1 	0.193298  1  -3276.49  8588
O16 	14895.1 	0.760069  1  -2732.83  8267
O16 	14895.1 	0.291492  1  -1523.72  6863
O16 	14895.1 	1.48223  1  -315.11  5545
O16 	14895.1 	0.19388  1  739.621  4501
O16 	14895.1 	1.30411  1  2989.94  2097
O16 	14895.1 	0.246497  1  -2065.04  7395
O16 	14895.1 	0.8425  1  2036.92  3018
O16 	14895.1 	1.04495  1  3428.33  1687
O16 	14895.1 	0.275215  1  1191.54  4017
O16 	14895.1 	0.307315  1  -748.1  6005
O16 	14895.1 	0.428073  1  3978.36  1062
O16 	14895.1 	0.407122  1  -1677.81  6984
O16 	14895.1 	0.231064  1  -258.225  5505
O16 	14895.1 	0.21521  1  -526.762  5857
O16 	14895.1 	0.228313  1  912.993  4392
O16 	14895.1 	0.269969  1  -1504.45  6762
O16 	14895.1 	0.699034  1  3343.74  1771
O16 	14895.1 	0.273281  1  1519.81  3591
O16 	14895.1 	0.197064  1  4934.2  87
O16 	14895.1 	1.99486  1  -1440.63  6765
O16 	14895.1 	0.362273  1  -4287.34  9668
O16 	14895.1 	0.217616  1  -3506.03  8845
O16 	14895.1 	0.264462  1  -45.578  5336
O16 	14895.1 	0.200274  1  -2005.17  7285
O16 	14895.1 	0.375696  1  -3250.27  8600
O16 	14895.1 	0.306763  1  -4301.2  9647
O16 	14895.1 	0.322409  1  -2948.7  8291
O16 	14895.1 	0.242949  1  140.832  5057
O16 	14895.1 	0.316342  1  1897.5  3219
O16 	14895.1 	0.687444  1  -1414.24  6672
O16 	14895.1 	0.410691  1  -3374.07  8727
O16 	14895.1 	0.305728  1  2146.08  3036
O16 	14895.1 	1.30534  1  724.439  4486
O16 	14895.1 	0.250891  1  -3831.07  9158
O16 	14895.1 	0.218944  1  3189  1934
O16 	14895.1 	0.801702  1  2189.59  2988
O16 	14895.1 	0.544039  1  -1670.77  6965
O16 	14895.1 	0.33232  1  1646.72  3558
O16 	14895.1 	0.339547  1  -2409.58  7743
O16 	14895.1 	0.579205  1  1839.37  3314
O16 	14895.1 	0.198532  1  -4125.25  9474
O16 	14895.1 	0.22507  1  -4357.41  9919
O16 	14895.1 	0.343638  1  -2463.48  7896
O16 	14895.1 	0.261282  1  886.113  4289
O16 	14895.1 	0.720513  1  -46.2932  5309
O16 	14895.1 	0.43161  1  -3191.5  8530
O16 	14895.1 	0.253576  1  -1465.14  6850
O16 	14895.1 	0.343054  1  352.967  4691
O16 	14895.1 	12.3453  1  525.694  4693
O16 	14895.1 	0.464496  1  -1610.67  6985
O16 	14895.1 	0.191325  1  -4583.77  9883
O16 	14895.1 	0.576564  1  -3985.75  9575
O16 	14895.1 	0.201571  1  1298.06  3822
O16 	14895.1 	0.248585  1  -4256.94  9706
O16 	14895.1 	0.798905  1  -1629.97  6896
O16 	14895.1 	0.364203  1  -4430.7  9778
O16 	14895.1 	0.213614  1  3209.59  1928
O16 	14895.1 	3.49758  1  2318.94  2871
O16 	14895.1 	0.430131  1  -874.5  6190
O16 	14895.1 	0.251813  1  -2381.91  7818
O16 	14895.1 	0.218671  1  -3375.6  8769
O16 	14895.1 	1.48493  1  3476.1  1615
O16 	14895.1 	0.731491  1  3154.51  1968
O16 	14895.1 	0.279419  1  -256.985  5569
O16 	14895.1 	0.329736  1  -3546.62  8878
O16 	14895.1 	1.90858  1  1196.75  3912
O16 	14895.1 	0.920489  1  -367.837  5811
O16 	14895.1 	0.287896  1  2797.96  2324
O16 	14895.1 	0.332508  1  -3375.45  8859
O16 	14895.1 	0.679312  1  3098.27  2015
O16 	14895.1 	0.724223  1  -2051.3  7444
O16 	14895.1 	0.254055  1  3505.65  1580
O16 	14895.1 	0.212728  1  3747.29  1300
O16 	14895.1 	0.9197  1  2837.28  2355
O16 	14895.1 	0.250997  1  -2307.81  7647
O16 	14895.1 	0.219154  1  2362.53  2786
O16 	14895.1 	0.421057  1  4157.07  889
O16 	14895.1 	0.209668  1  2852.39  2283
O16 	14895.1 	0.20781  1  4390.56  647
O16 	14895.1 	0.23102  1  1422.39  3686
O16 	14895.1 	0.856461  1  2602.73  2393
O16 	14895.1 	1.07503  1  2949.21  2220
O16 	14895.1 	0.327926  1  2660.18  2524
O16 	14895.1 	1.25652  1  -2824.06  8260
O16 	14895.1 	0.28145  1  519.449  4776
O16 	14895.1 	0.236256  1  1483.99  3621
O16 	14895.1 	0.349545  1  4395.04  582
O16 	14895.1 	0.646608  1  -2897.81  8345
O16 	14895.1 	0.24586  1  179.422  5143
O16 	14895.1 	0.202537  1  -2140.67  7563
O16 	14895.1 	1.18583  1  1200.96  4063
O16 	14895.1 	0.790641  1  4964.48  39
O16 	14895.1 	0.549016  1  2342.25  2772
O16 	14895.1 	0.240012  1  -4241.72  9787
O16 	14895.1 	0.239099  1  -2080.14  7403
O16 	14895.1 	0.431402  1  -3401.59  8885
O16 	14895.1 	0.301947  1  2159.82  3046
O16 	14895.1 	0.361695  1  -4864.78  10331
O16 	14895.1 	0.242092  1  -814.478  6236
O16 	14895.1 	1.01592  1  -1631.62  6912
O16 	14895.1 	1.40607  1  1961.61  3107
O16 	14895.1 	2.00701  1  -2410.54  7689
O16 	14895.1 	0.200701  1  1612.41  3560
O16 	14895.1 	0.38435  1  458.04  4785
O16 	14895.1 	0.536191  1  -4111.82  9583
O16 	14895.1 	0.343911  1  -2082.41  7330
O16 	14895.1 	0.319295  1  2759.23  2372
O16 	14895.1 	1.0608  1  -4120.85  9563
O16 	14895.1 	0.352481  1  -631.876  6005
O16 	14895.1 	0.417809  1  -2842.49  8376
O16 	14895.1 	0.247918  1  -4389.04  9792
O16 	14895.1 	0.507565  1  2468.91  2611
O16 	14895.1 	0.21501  1  3725.96  1313
O16 	14895.1 	0.534053  1  2792.01  2318
O16 	14895.1 	0.229327  1  -2758.92  8199
O16 	14895.1 	1.26749  1  -4265.3  9599
O16 	14895.1 	0.453628  1  -2274.55  7635
O16 	14895.1 	0.282253  1  4697.92  319
O16 	14895.1 	0.207391  1  4622.59  389
O16 	14895.1 	1.19307  1  -2838.34  8132
O16 	14895.1 	0.365806  1  572.323  4638
O16 	14895.1 	0.637672  1  1457.45  3753
O16 	14895.1 	0.61016  1  -3720.37  8923
O16 	14895.1 	0.428775  1  -2333.02  7624
O16 	14895.1 	0.194778  1  604.961  4564
O16 	14895.1 	0.505781  1  4031.62  1049
O16 	14895.1 	4.90706  1  -2735.49  8111
O16 	14895.1 	0.219046  1  -4372.89  9730
O16 	14895.1 	0.270546  1  286.066  4824
O16 	14895.1 	0.279969  1  2452.08  2602
O16 	14895.1 	0.745632  1  4637.11  377
O16 	14895.1 	0.413845  1  3138.14  1881
O16 	14895.1 	0.274033  1  -488.066  5839
O16 	14895.1 	0.254727  1  3757.23  1291
O16 	14895.1 	0.317122  1  -1414.85  6593
