O16 	14895.1 	0.327701  1  -3800.59  9310
O16 	14895.1 	0.243172  1  1542.83  3583
O16 	14895.1 	3.42103  1  4589.74  426
O16 	14895.1 	0.204169  1  -2021.95  7300
O16 	14895.1 	0.207507  1  2215.09  2960
O16 	14895.1 	0.222013  1  -4133.68  9637
O16 	14895.1 	1.14722  1  525.182  4764
O16 	14895.1 	1.07138  1  2687.45  2515
O16 	14895.1 	0.230095  1  964.771  4328
O16 	14895.1 	0.274308  1  1936.76  3351
O16 	14895.1 	0.225992  1  -2585.74  8003
O16 	14895.1 	0.499848  1  -4423.03  9743
O16 	14895.1 	0.189829  1  3720.91  1379
O16 	14895.1 	0.304581  1  -436.086  5734
O16 	14895.1 	0.231458  1  -3501.25  9063
O16 	14895.1 	0.282621  1  -1432.82  6684
O16 	14895.1 	0.222133  1  -2256.52  7766
O16 	14895.1 	0.849403  1  -2214.21  7471
O16 	14895.1 	0.275469  1  830.26  4345
O16 	14895.1 	0.32734  1  -1708.81  6976
O16 	14895.1 	0.341091  1  222.214  4917
O16 	14895.1 	0.561163  1  -4707.82  10028
O16 	14895.1 	0.492491  1  394.194  4750
O16 	14895.1 	0.284037  1  -4673.96  10172
O16 	14895.1 	0.194758  1  4627.45  379
O16 	14895.1 	4.78938  1  -1176.27  6453
O16 	14895.1 	0.276465  1  1709.54  3530
O16 	14895.1 	0.250426  1  -3420.01  8673
O16 	14895.1 	1.05815  1  1063.87  4137
O16 	14895.1 	0.856688  1  4823.39  197
O16 	14895.1 	0.727618  1  1165.08  3914
O16 	14895.1 	0.665968  1  3145.01  2038
O16 	14895.1 	0.210957  1  708.961  4591
O16 	14895.1 	0.367915  1  2008.76  3154
O16 	14895.1 	0.295522  1  -2972.5  8371
O16 	14895.1 	0.244562  1  -3376.5  8778
O16 	14895.1 	0.291409  1  -4956.26  10415
O16 	14895.1 	0.925472  1  3646.87  1467
O16 	14895.1 	0.200394  1  -3339.08  8775
O16 	14895.1 	0.270408  1  -1042.78  6380
O16 	14895.1 	0.491141  1  -3726.31  9297
O16 	14895.1 	0.235403  1  1117.13  4020
O16 	14895.1 	0.503863  1  -4306.1  9766
O16 	14895.1 	0.466228  1  1729.49  3481
O16 	14895.1 	0.238243  1  3697.97  1395
O16 	14895.1 	0.350108  1  624.145  4641
O16 	14895.1 	0.195091  1  3381.77  1725
O16 	14895.1 	0.268539  1  -3975.1  9478
O16 	14895.1 	0.225755  1  4949.94  55
O16 	14895.1 	0.437661  1  2605.75  2475
O16 	14895.1 	0.392755  1  -2535.18  7986
O16 	14895.1 	0.222091  1  1146.9  3953
O16 	14895.1 	0.377296  1  3979.87  1105
O16 	14895.1 	0.234243  1  -1727.64  7165
O16 	14895.1 	0.301749  1  -2215.84  7549
O16 	14895.1 	0.241313  1  -3018.19  8425
O16 	14895.1 	0.868694  1  4358.2  702
O16 	14895.1 	0.202495  1  2179  3068
O16 	14895.1 	0.19668  1  -74.124  5436
O16 	14895.1 	0.491878  1  -4259.26  9823
O16 	14895.1 	0.271545  1  3708.36  1316
O16 	14895.1 	1.19998  1  -3839.77  9404
O16 	14895.1 	0.690651  1  -1376.22  6714
O16 	14895.1 	0.51254  1  -3733.04  8826
O16 	14895.1 	0.198608  1  556.126  4688
O16 	14895.1 	0.683182  1  -1535.49  6849
O16 	14895.1 	0.387973  1  2631.75  2387
O16 	14895.1 	0.252965  1  -725.689  5786
O16 	14895.1 	0.368328  1  4077.4  981
O16 	14895.1 	0.353349  1  -2474.8  7738
O16 	14895.1 	2.44088  1  2074.54  3088
O16 	14895.1 	0.680979  1  889.015  4189
O16 	14895.1 	1.06522  1  -4182.86  9582
O16 	14895.1 	0.222899  1  1792.6  3420
O16 	14895.1 	0.19973  1  -660.687  5992
O16 	14895.1 	0.198977  1  -3149.28  8591
O16 	14895.1 	0.332337  1  3681.63  1390
O16 	14895.1 	0.467472  1  3225.88  1925
O16 	14895.1 	0.305979  1  2233.38  2946
O16 	14895.1 	0.190601  1  2089.34  2971
O16 	14895.1 	0.395819  1  -1418.67  6942
O16 	14895.1 	0.376176  1  -4869.62  10204
O16 	14895.1 	0.205375  1  2487.84  2560
O16 	14895.1 	0.220838  1  1755.43  3412
O16 	14895.1 	0.359699  1  -2027.8  7321
O16 	14895.1 	0.654502  1  3242.78  1817
O16 	14895.1 	0.22307  1  1830.58  3327
O16 	14895.1 	0.236392  1  -4785.78  10313
O16 	14895.1 	0.291832  1  -390.585  5574
O16 	14895.1 	0.226949  1  -2840.53  8139
O16 	14895.1 	0.35705  1  -3243.02  8617
O16 	14895.1 	0.55172  1  -3360.56  8599
O16 	14895.1 	0.24198  1  -1770.39  7209
O16 	14895.1 	0.331801  1  4116.83  932
O16 	14895.1 	0.194757  1  -2936.83  8415
O16 	14895.1 	0.279396  1  -4287.34  9939
O16 	14895.1 	0.380491  1  3156.38  1953
O16 	14895.1 	0.232163  1  -3493.7  8790
O16 	14895.1 	0.256174  1  26.74  5183
O16 	14895.1 	0.315644  1  -2306.6  7509
O16 	14895.1 	0.201007  1  4206.72  877
O16 	14895.1 	0.202319  1  -1827.07  7120
O16 	14895.1 	0.813157  1  -1150.44  6452
O16 	14895.1 	1.40493  1  -335.314  5697
O16 	14895.1 	0.260527  1  -56.8939  5257
O16 	14895.1 	0.362348  1  847.836  4324
O16 	14895.1 	0.971811  1  2138.85  2980
O16 	14895.1 	0.516921  1  -301.884  5576
O16 	14895.1 	0.198661  1  892.608  4317
O16 	14895.1 	0.272666  1  -4595.37  10135
O16 	14895.1 	0.269932  1  -1941.25  7346
O16 	14895.1 	0.286354  1  -1740.35  6987
O16 	14895.1 	1.17835  1  -2126.26  7460
O16 	14895.1 	1.24905  1  -3268.87  8623
O16 	14895.1 	0.400948  1  4948.39  41
O16 	14895.1 	0.992938  1  -1807.6  7069
O16 	14895.1 	0.787875  1  4173.95  835
O16 	14895.1 	0.556184  1  2281.31  2870
O16 	14895.1 	0.470854  1  1999.88  3120
O16 	14895.1 	0.300692  1  1778.18  3315
O16 	14895.1 	0.69931  1  614.889  4633
O16 	14895.1 	0.294205  1  -2487.06  7865
O16 	14895.1 	0.298829  1  0.851304  5304
O16 	14895.1 	0.288816  1  -4317.45  9735
O16 	14895.1 	0.197954  1  -3262.68  8470
O16 	14895.1 	0.264861  1  493.73  4642
O16 	14895.1 	0.33915  1  3824.26  1226
O16 	14895.1 	1.67319  1  1929.82  3302
O16 	14895.1 	1.00624  1  3175.31  1795
O16 	14895.1 	0.477357  1  213.98  4982
O16 	14895.1 	0.196273  1  -2657.63  7960
O16 	14895.1 	0.316389  1  3027.06  2069
O16 	14895.1 	0.209138  1  3251.61  1882
O16 	14895.1 	0.276449  1  3875.17  1209
O16 	14895.1 	0.26998  1  1912.75  3315
O16 	14895.1 	0.200797  1  1354.49  3852
O16 	14895.1 	0.605413  1  -2543.2  8001
O16 	14895.1 	0.377174  1  -3515.73  8796
O16 	14895.1 	0.389315  1  -4669.45  10139
O16 	14895.1 	0.198282  1  -4313.34  9681
O16 	14895.1 	0.189505  1  3074.61  2000
O16 	14895.1 	0.208857  1  4879.6  144
O16 	14895.1 	0.266494  1  1087.74  4121
O16 	14895.1 	0.365049  1  -1039.82  6348
O16 	14895.1 	0.232601  1  1801.96  3286
O16 	14895.1 	0.197384  1  3171.21  1958
O16 	14895.1 	0.725563  1  1712.43  3424
O16 	14895.1 	0.303196  1  4945.8  49
O16 	14895.1 	0.761408  1  -4277.28  9752
O16 	14895.1 	0.549465  1  1041.69  4155
O16 	14895.1 	0.7886  1  -1894.88  7280
O16 	14895.1 	0.292545  1  -2061.09  7271
O16 	14895.1 	0.294087  1  -2181.56  7576
O16 	14895.1 	0.663699  1  4369.23  690
O16 	14895.1 	0.383041  1  2807.06  2347
O16 	14895.1 	0.197129  1  4892.54  132
O16 	14895.1 	0.210267  1  -1364.22  6685
O16 	14895.1 	0.23834  1  4649.38  384
O16 	14895.1 	0.320031  1  4798.6  190
O16 	14895.1 	0.248313  1  -4560.76  10159
O16 	14895.1 	0.464768  1  -4293.91  9749
O16 	14895.1 	0.445484  1  3195.46  1890
O16 	14895.1 	0.32825  1  -953.325  6280
O16 	14895.1 	0.59031  1  -274.409  5509
O16 	14895.1 	0.245022  1  2314.47  2768
O16 	14895.1 	0.243214  1  -444.296  5835
O16 	14895.1 	0.243152  1  4880.4  126
O16 	14895.1 	0.189988  1  -1964.18  7387
O16 	14895.1 	1.93452  1  2136.73  3000
O16 	14895.1 	1.0417  1  -3825.91  9241
O16 	14895.1 	1.42603  1  -1353.52  6653
O16 	14895.1 	0.211519  1  1206.75  4051
O16 	14895.1 	0.796792  1  -272.814  5498
O16 	14895.1 	0.471222  1  -4678.83  10268
O16 	14895.1 	0.486901  1  3280.63  1785
O16 	14895.1 	0.271613  1  770.159  4420
O16 	14895.1 	0.429126  1  335.7  4836
O16 	14895.1 	0.271808  1  -4114.37  9541
O16 	14895.1 	0.190582  1  660.471  4625
O16 	14895.1 	0.43145  1  -1762.99  7087
O16 	14895.1 	2.12264  1  321.518  4876
O16 	14895.1 	0.208793  1  -1061.18  6350
O16 	14895.1 	0.252831  1  1699.49  3467
O16 	14895.1 	0.224396  1  1274.03  3913
O16 	14895.1 	0.227957  1  -4050.73  9474
O16 	14895.1 	3.82906  1  -2209.02  7611
O16 	14895.1 	0.207753  1  -4479.19  9973
O16 	14895.1 	0.671154  1  -4305.88  9664
O16 	14895.1 	0.194031  1  594.584  4485
O16 	14895.1 	0.809012  1  1580.13  3566
O16 	14895.1 	0.199972  1  3830.43  1182
O16 	14895.1 	0.466061  1  970.362  4207
O16 	14895.1 	0.216183  1  1396.75  3827
O16 	14895.1 	0.453743  1  3967.86  1105
O16 	14895.1 	0.288637  1  2304.74  2881
O16 	14895.1 	0.308548  1  -2008.99  7266
O16 	14895.1 	0.223654  1  -3589.47  8928
O16 	14895.1 	0.376943  1  -715.017  6051
O16 	14895.1 	0.239934  1  46.794  5167
O16 	14895.1 	0.320488  1  -1154.11  6651
O16 	14895.1 	0.236935  1  -362.54  5671
O16 	14895.1 	0.346129  1  1223.09  3960
O16 	14895.1 	0.421611  1  -2332.18  7538
O16 	14895.1 	0.211229  1  2905.13  2206
O16 	14895.1 	0.766532  1  341.93  4856
O16 	14895.1 	0.200683  1  1165.95  3931
O16 	14895.1 	0.259431  1  4632.8  384
O16 	14895.1 	0.62048  1  -4946.56  10286
O16 	14895.1 	1.19357  1  -1870.59  7378
O16 	14895.1 	1.44299  1  -1643.64  7050
O16 	14895.1 	0.799323  1  -3172.79  8551
O16 	14895.1 	1.13401  1  4969.86  30
O16 	14895.1 	0.602721  1  196.206  5102
O16 	14895.1 	0.463116  1  -3683.35  9025
O16 	14895.1 	0.622706  1  -35.1003  5241
O16 	14895.1 	0.404458  1  -1236.54  6444
O16 	14895.1 	0.217134  1  4337.15  713
O16 	14895.1 	0.774151  1  -988.998  6303
O16 	14895.1 	0.451461  1  433.051  4828
O16 	14895.1 	0.418244  1  1316.53  3806
O16 	14895.1 	0.258563  1  -1604.55  6917
O16 	14895.1 	0.215479  1  4950.22  49
O16 	14895.1 	0.921097  1  86.3821  5138
O16 	14895.1 	0.773693  1  4449.91  597
O16 	14895.1 	0.579231  1  1025.72  4120
O16 	14895.1 	0.250926  1  318.474  4842
O16 	14895.1 	0.274114  1  -4949.15  10374
O16 	14895.1 	1.05757  1  -3687.23  9097
O16 	14895.1 	0.612767  1  -3789.99  9211
O16 	14895.1 	0.215636  1  4600.45  419
O16 	14895.1 	0.190914  1  271.494  5063
O16 	14895.1 	0.35091  1  2042.91  3095
O16 	14895.1 	1.63189  1  735.78  4515
O16 	14895.1 	0.257876  1  2270.75  2824
O16 	14895.1 	0.205266  1  223.922  4923
O16 	14895.1 	0.193141  1  2410.88  2738
O16 	14895.1 	0.194737  1  -73.0401  5175
O16 	14895.1 	0.228005  1  3321.01  1783
O16 	14895.1 	1.02823  1  -995.84  6164
O16 	14895.1 	0.294737  1  415.742  4849
O16 	14895.1 	2.23147  1  2973.5  2103
O16 	14895.1 	0.241955  1  3293.06  1789
O16 	14895.1 	0.340084  1  4872.06  122
O16 	14895.1 	0.197673  1  -61.7238  5334
O16 	14895.1 	0.526292  1  3423.42  1670
O16 	14895.1 	0.208534  1  1399.49  3751
O16 	14895.1 	0.195088  1  -1047.64  6230
O16 	14895.1 	0.311455  1  982.523  4094
O16 	14895.1 	0.288554  1  708.074  4581
O16 	14895.1 	0.306218  1  -4355.56  9799
O16 	14895.1 	0.34782  1  922.422  4139
O16 	14895.1 	0.512377  1  -2478.83  7804
O16 	14895.1 	0.249995  1  -4675.38  10179
O16 	14895.1 	0.210635  1  3477.71  1543
O16 	14895.1 	0.20102  1  3440.16  1662
O16 	14895.1 	0.278374  1  4316.73  735
O16 	14895.1 	0.352405  1  4573.31  467
O16 	14895.1 	0.321366  1  -1634.02  6845
O16 	14895.1 	0.371702  1  -162.762  5365
O16 	14895.1 	0.439428  1  -2893.46  8156
O16 	14895.1 	2.62755  1  -873.724  6197
O16 	14895.1 	0.335961  1  -1259.21  6764
O16 	14895.1 	0.417213  1  1945.77  3271
O16 	14895.1 	0.208855  1  -3495.42  9013
O16 	14895.1 	0.443608  1  4291.38  752
O16 	14895.1 	0.664331  1  3342.2  1744
O16 	14895.1 	0.266543  1  -4778.57  9980
O16 	14895.1 	0.304597  1  4929.05  77
O16 	14895.1 	0.285422  1  2502.84  2585
O16 	14895.1 	0.213709  1  -324.131  5635
O16 	14895.1 	0.820234  1  -894.002  6014
O16 	14895.1 	0.390486  1  3063.21  2083
O16 	14895.1 	0.217033  1  -1360.44  6622
O16 	14895.1 	0.490145  1  -664.275  5933
O16 	14895.1 	0.543731  1  -2413.78  7699
O16 	14895.1 	0.661732  1  -2299.63  7697
O16 	14895.1 	0.37509  1  4829.18  196
O16 	14895.1 	0.275278  1  1036.87  3996
O16 	14895.1 	0.214971  1  -2623.07  7936
O16 	14895.1 	0.275222  1  1459.3  3722
O16 	14895.1 	2.73311  1  -2638.31  7946
O16 	14895.1 	0.581111  1  -3067.13  8337
O16 	14895.1 	0.253984  1  -4554.75  10071
O16 	14895.1 	0.416356  1  -3280.97  8787
O16 	14895.1 	1.53618  1  -4914.46  10491
O16 	14895.1 	0.691831  1  4044.99  975
O16 	14895.1 	0.338949  1  -3177.32  8848
O16 	14895.1 	0.206626  1  -604.2  5775
O16 	14895.1 	0.353827  1  3624  1407
O16 	14895.1 	0.285264  1  3775.88  1273
O16 	14895.1 	0.33504  1  1144.43  4036
O16 	14895.1 	0.673325  1  783.977  4499
O16 	14895.1 	0.320462  1  -2510.98  7855
O16 	14895.1 	0.202733  1  -334.41  5598
O16 	14895.1 	0.195459  1  3503.49  1624
O16 	14895.1 	0.208639  1  -4753.42  10327
O16 	14895.1 	0.235159  1  -2193.75  7402
O16 	14895.1 	0.712977  1  -2567.62  7868
O16 	14895.1 	0.460565  1  3361.28  1735
O16 	14895.1 	0.549808  1  4715.56  303
O16 	14895.1 	0.356142  1  2569.2  2649
O16 	14895.1 	0.460999  1  -3023.99  8564
O16 	14895.1 	0.569182  1  1829.05  3349
O16 	14895.1 	0.582782  1  192.434  5058
O16 	14895.1 	0.549734  1  -506.996  5739
O16 	14895.1 	0.947517  1  2194.15  3034
O16 	14895.1 	0.280432  1  -4353.34  9819
O16 	14895.1 	0.484611  1  -1003.06  6153
O16 	14895.1 	0.905456  1  -1295.83  6454
O16 	14895.1 	0.405523  1  -222.623  5438
O16 	14895.1 	0.196465  1  4107.22  1005
O16 	14895.1 	0.481933  1  692.16  4647
O16 	14895.1 	0.376065  1  2864.63  2248
O16 	14895.1 	0.386121  1  -2810.8  8161
O16 	14895.1 	0.235227  1  -3618.99  9007
O16 	14895.1 	0.435806  1  2392.12  2765
O16 	14895.1 	0.253571  1  -587.465  5914
O16 	14895.1 	0.538788  1  2065.15  3094
O16 	14895.1 	0.230595  1  -33.5104  5278
O16 	14895.1 	0.197895  1  2075.32  3114
O16 	14895.1 	0.345156  1  -2163.1  7555
O16 	14895.1 	0.222585  1  -4492.05  9947
O16 	14895.1 	0.197207  1  -1681.12  7057
O16 	14895.1 	0.208874  1  -4406.29  9735
O16 	14895.1 	0.23748  1  -606.009  5910
O16 	14895.1 	0.207685  1  -3918.52  9402
O16 	14895.1 	0.304257  1  -4882.71  10230
O16 	14895.1 	0.209649  1  3708.36  1417
O16 	14895.1 	0.541001  1  2150.45  3015
O16 	14895.1 	0.250238  1  2232.26  2894
O16 	14895.1 	0.352478  1  132.426  5155
O16 	14895.1 	0.792058  1  -234.663  5501
O16 	14895.1 	0.214332  1  -4294.78  9827
O16 	14895.1 	1.13487  1  3635.56  1387
O16 	14895.1 	0.210947  1  2756.84  2382
O16 	14895.1 	0.21628  1  -2741.31  8119
O16 	14895.1 	1.09835  1  -1431.5  6726
O16 	14895.1 	0.255598  1  -78.6844  5387
O16 	14895.1 	0.410624  1  4416.06  635
O16 	14895.1 	0.238595  1  -2719.87  8186
O16 	14895.1 	0.210665  1  -4289.7  9764
O16 	14895.1 	0.189172  1  762.761  4480
O16 	14895.1 	0.442269  1  -2603.52  7833
O16 	14895.1 	0.291134  1  2287.75  2770
O16 	14895.1 	0.851876  1  4482.63  535
O16 	14895.1 	0.398331  1  1884.98  3291
O16 	14895.1 	0.278548  1  -4325.29  9771
O16 	14895.1 	0.532653  1  -761.74  6098
O16 	14895.1 	0.190534  1  591.208  4503
O16 	14895.1 	0.269694  1  -1237.08  6453
O16 	14895.1 	0.62664  1  -185.883  5483
O16 	14895.1 	0.215077  1  -1462.45  6874
O16 	14895.1 	0.219358  1  3482.5  1589
O16 	14895.1 	0.235674  1  -4317.23  9818
O16 	14895.1 	0.283619  1  -3636.22  9073
O16 	14895.1 	0.237549  1  421.658  4907
O16 	14895.1 	0.200374  1  -3641.19  9092
O16 	14895.1 	0.460906  1  -1178.27  6327
O16 	14895.1 	1.01632  1  2953.81  2232
O16 	14895.1 	0.312729  1  1405.71  3919
O16 	14895.1 	0.237235  1  -1755.34  7079
O16 	14895.1 	0.517806  1  3699.03  1361
O16 	14895.1 	0.241229  1  -642.158  5907
O16 	14895.1 	0.560341  1  -3318.49  8715
O16 	14895.1 	0.308594  1  491.982  4695
O16 	14895.1 	0.234153  1  -3460.5  8836
O16 	14895.1 	0.974137  1  2589.61  2544
O16 	14895.1 	0.492457  1  3672.49  1386
O16 	14895.1 	0.206381  1  -1756.49  7012
O16 	14895.1 	0.558011  1  -7.99044  5211
O16 	14895.1 	0.410471  1  -4493.68  9988
O16 	14895.1 	0.56695  1  1429.74  3835
O16 	14895.1 	0.200294  1  944.439  4254
O16 	14895.1 	0.205999  1  2590.57  2515
O16 	14895.1 	0.522014  1  2872.24  2216
O16 	14895.1 	0.243201  1  -196.202  5557
O16 	14895.1 	0.471995  1  -4492.68  9856
O16 	14895.1 	0.384865  1  2416.65  2621
O16 	14895.1 	0.259613  1  1517.18  3654
O16 	14895.1 	0.265497  1  1197.35  4003
O16 	14895.1 	0.240097  1  4541.84  465
O16 	14895.1 	0.384799  1  1094.05  4141
O16 	14895.1 	0.459596  1  1661.45  3566
O16 	14895.1 	0.422001  1  -4512.57  9959
O16 	14895.1 	0.336793  1  2403.9  2700
O16 	14895.1 	0.304859  1  4194.7  867
O16 	14895.1 	0.310695  1  4815.17  182
O16 	14895.1 	0.263384  1  -2936.4  8338
O16 	14895.1 	0.270082  1  3481.91  1580
O16 	14895.1 	0.359148  1  2405.65  2735
O16 	14895.1 	0.250275  1  2906.27  2206
O16 	14895.1 	0.199328  1  4681.94  329
O16 	14895.1 	0.595771  1  3367.27  1719
O16 	14895.1 	0.222627  1  -2023.18  7542
O16 	14895.1 	0.370144  1  -1204.67  6569
O16 	14895.1 	0.454914  1  -4116.32  9552
O16 	14895.1 	0.284114  1  -4727.44  10252
O16 	14895.1 	1.23757  1  -2125  7472
O16 	14895.1 	0.399907  1  870.457  4403
O16 	14895.1 	0.233008  1  3108.96  1949
O16 	14895.1 	0.709459  1  -3980.86  9310
O16 	14895.1 	0.615649  1  -3751.62  9166
O16 	14895.1 	0.663999  1  485.966  4714
O16 	14895.1 	0.224905  1  -2150.46  7381
O16 	14895.1 	0.408997  1  925.769  4265
O16 	14895.1 	0.40118  1  707.416  4490
O16 	14895.1 	0.274909  1  -2863.89  8192
O16 	14895.1 	0.260835  1  -3227.42  8518
O16 	14895.1 	0.475384  1  355.905  4874
O16 	14895.1 	0.275419  1  3131.76  1898
O16 	14895.1 	0.373882  1  -819.843  6077
O16 	14895.1 	1.08578  1  2338.51  2777
O16 	14895.1 	0.271743  1  2829.85  2302
O16 	14895.1 	0.227783  1  -3752.32  9319
O16 	14895.1 	0.481169  1  -401.075  5557
O16 	14895.1 	0.894802  1  3000.85  2113
O16 	14895.1 	0.228053  1  2230.48  2916
O16 	14895.1 	0.356623  1  4316.07  686
O16 	14895.1 	1.13445  1  -2220.09  7618
O16 	14895.1 	0.239856  1  4648.73  376
O16 	14895.1 	0.227622  1  -2243.17  7499
O16 	14895.1 	0.412323  1  935.118  4209
O16 	14895.1 	2.1515  1  -3117.6  8511
O16 	14895.1 	1.96118  1  1225.2  3888
O16 	14895.1 	0.192938  1  -3075.73  8495
O16 	14895.1 	1.94705  1  -2691  8166
O16 	14895.1 	0.299972  1  -861.263  6131
O16 	14895.1 	0.301835  1  -4780.87  10324
O16 	14895.1 	2.69227  1  1284.36  3858
O16 	14895.1 	0.651297  1  2623.34  2423
O16 	14895.1 	0.444018  1  779.891  4562
O16 	14895.1 	0.216378  1  -1201.51  6422
O16 	14895.1 	0.272642  1  1768.73  3452
O16 	14895.1 	0.262838  1  -2115.46  7545
O16 	14895.1 	0.272906  1  2015.32  3120
O16 	14895.1 	0.231989  1  635.009  4422
O16 	14895.1 	0.219382  1  2699.23  2336
O16 	14895.1 	0.317175  1  -4669.58  10192
O16 	14895.1 	0.320747  1  3511.83  1562
O16 	14895.1 	0.259085  1  -4740.88  10381
O16 	14895.1 	0.272136  1  3174.57  1875
O16 	14895.1 	0.561597  1  1968.62  3105
O16 	14895.1 	0.244094  1  2.18116  5143
O16 	14895.1 	0.243167  1  -3563  8980
O16 	14895.1 	0.583696  1  4615.88  427
O16 	14895.1 	0.258982  1  -2735.5  7918
O16 	14895.1 	0.368576  1  2768.95  2263
O16 	14895.1 	0.203938  1  -4609.13  10114
O16 	14895.1 	0.4534  1  2510.85  2598
O16 	14895.1 	0.607923  1  -3099.77  8554
O16 	14895.1 	1.36484  1  -2503.51  7912
O16 	14895.1 	1.47856  1  2229.53  2969
O16 	14895.1 	0.414068  1  -3229.24  8686
O16 	14895.1 	0.918665  1  -2829.95  8121
O16 	14895.1 	0.326065  1  -2674.87  8036
O16 	14895.1 	0.324099  1  4562.71  459
O16 	14895.1 	0.25925  1  -240.867  5567
O16 	14895.1 	1.61733  1  4480.98  577
O16 	14895.1 	0.644983  1  2133.89  2988
O16 	14895.1 	0.343235  1  -755.641  6005
O16 	14895.1 	0.692658  1  -4327.64  9806
O16 	14895.1 	0.423741  1  2849.04  2266
O16 	14895.1 	0.193682  1  4061.44  968
O16 	14895.1 	1.03158  1  593.146  4578
O16 	14895.1 	0.319594  1  881.395  4331
O16 	14895.1 	0.880572  1  -182.628  5517
O16 	14895.1 	0.286708  1  -1087.05  6239
O16 	14895.1 	0.229853  1  1352.77  3761
O16 	14895.1 	0.650104  1  2309.63  2764
O16 	14895.1 	0.193538  1  1343  3779
O16 	14895.1 	0.57291  1  4761.16  250
O16 	14895.1 	0.394113  1  -4221.19  9586
O16 	14895.1 	0.229527  1  3912.35  1121
O16 	14895.1 	0.252857  1  1616.88  3529
O16 	14895.1 	0.241268  1  -493.53  5681
O16 	14895.1 	0.389795  1  -3945.65  9474
O16 	14895.1 	0.419322  1  -2110.36  7285
O16 	14895.1 	0.208874  1  -3374.96  8685
O16 	14895.1 	0.319668  1  -299.501  5618
O16 	14895.1 	0.227677  1  -1712.57  7061
O16 	14895.1 	0.320614  1  2287.49  2782
O16 	14895.1 	0.331326  1  733.784  4485
O16 	14895.1 	0.977899  1  4886.74  115
O16 	14895.1 	0.283945  1  2101.33  3016
O16 	14895.1 	0.261918  1  -3430.22  8835
O16 	14895.1 	0.260018  1  -4990.49  10535
O16 	14895.1 	0.332912  1  -201.753  5407
O16 	14895.1 	0.61814  1  -316.414  5607
O16 	14895.1 	0.389283  1  -4732.07  10242
O16 	14895.1 	0.538448  1  -3484.32  8766
O16 	14895.1 	0.190146  1  847.884  4324
O16 	14895.1 	0.375887  1  -798.374  6136
O16 	14895.1 	0.221307  1  2152.34  3036
O16 	14895.1 	0.398052  1  -2587.36  8048
O16 	14895.1 	0.377374  1  -237.349  5598
O16 	14895.1 	0.337516  1  3222.21  1861
O16 	14895.1 	0.23315  1  2125.59  3029
O16 	14895.1 	9.95969  1  -2684.09  8200
O16 	14895.1 	0.375107  1  4965.71  38
O16 	14895.1 	0.231654  1  2365.26  2828
O16 	14895.1 	0.352547  1  -4341.26  9870
O16 	14895.1 	0.416553  1  -4556.2  9961
O16 	14895.1 	0.218739  1  1195.86  4072
O16 	14895.1 	0.274929  1  4157.61  836
O16 	14895.1 	0.268682  1  -300.417  5467
O16 	14895.1 	1.63455  1  -1383.03  6661
O16 	14895.1 	0.529924  1  323.516  4937
O16 	14895.1 	1.43275  1  783.442  4458
O16 	14895.1 	0.719957  1  -2864.22  8231
O16 	14895.1 	0.299163  1  -4331.84  9638
O16 	14895.1 	0.438483  1  -868.146  6092
O16 	14895.1 	0.485816  1  -1749.78  6943
O16 	14895.1 	0.210817  1  -4476.41  9877
O16 	14895.1 	0.264487  1  4554.44  457
O16 	14895.1 	0.203581  1  -2815.91  8141
O16 	14895.1 	0.67413  1  -17.7721  5201
O16 	14895.1 	0.215006  1  4464.87  569
O16 	14895.1 	0.224075  1  -218.199  5402
O16 	14895.1 	0.340879  1  -292.218  5532
O16 	14895.1 	0.43925  1  1244.74  3952
O16 	14895.1 	0.245805  1  -3634.6  8879
O16 	14895.1 	0.350379  1  -1658.34  6874
O16 	14895.1 	0.331315  1  -1406.83  6707
O16 	14895.1 	0.833766  1  -3268.12  8532
O16 	14895.1 	0.307023  1  4751.72  275
O16 	14895.1 	0.234006  1  -4086.6  9356
O16 	14895.1 	0.916809  1  -4700.57  9999
O16 	14895.1 	0.318468  1  4677.24  360
O16 	14895.1 	0.214655  1  373.174  4839
O16 	14895.1 	0.839075  1  2689.81  2436
O16 	14895.1 	0.578327  1  -2218.69  7657
O16 	14895.1 	0.259474  1  3575.85  1501
O16 	14895.1 	0.240911  1  -3779.81  9376
O16 	14895.1 	0.193428  1  4102.23  944
O16 	14895.1 	1.07069  1  2488.72  2608
O16 	14895.1 	0.200129  1  -192.789  5463
O16 	14895.1 	0.598025  1  2964.52  2096
O16 	14895.1 	0.235934  1  -2615.81  7875
O16 	14895.1 	0.229188  1  -4128.47  9531
O16 	14895.1 	0.254267  1  1654.09  3541
O16 	14895.1 	0.302977  1  -367.843  5506
O16 	14895.1 	0.90055  1  -1826.97  7027
O16 	14895.1 	0.345015  1  787.469  4506
O16 	14895.1 	0.195802  1  2706.93  2336
O16 	14895.1 	0.335706  1  103.444  5095
O16 	14895.1 	0.338463  1  4740.65  285
O16 	14895.1 	0.231728  1  -3715.3  9190
O16 	14895.1 	0.676052  1  -1845.92  7259
O16 	14895.1 	0.501863  1  1013.68  4159
O16 	14895.1 	0.740206  1  3477.87  1513
O16 	14895.1 	0.3032  1  2809.89  2285
O16 	14895.1 	0.193416  1  -2510.89  7929
O16 	14895.1 	0.518509  1  3762.76  1277
O16 	14895.1 	0.643234  1  -1257.12  6553
O16 	14895.1 	0.357724  1  -4718.02  10273
O16 	14895.1 	0.194856  1  -3272.93  8712
O16 	14895.1 	0.195101  1  -87.173  5255
O16 	14895.1 	0.337003  1  1018.63  4197
O16 	14895.1 	0.415738  1  4248.75  746
O16 	14895.1 	0.245005  1  -4107.43  9536
O16 	14895.1 	0.20156  1  2978.75  2149
O16 	14895.1 	0.43169  1  -4349.09  10030
O16 	14895.1 	0.525773  1  0.660193  5235
O16 	14895.1 	0.440853  1  -4946.88  10613
O16 	14895.1 	0.29357  1  999.789  4247
O16 	14895.1 	0.30064  1  -3126.59  8593
O16 	14895.1 	0.469665  1  -2654.07  7993
O16 	14895.1 	0.69934  1  -736.668  5982
O16 	14895.1 	0.621619  1  3163.54  1848
O16 	14895.1 	0.247553  1  -1058.99  6313
O16 	14895.1 	0.28989  1  -4558.78  10131
O16 	14895.1 	0.475561  1  3183.07  1927
O16 	14895.1 	0.397739  1  -4504.27  9851
O16 	14895.1 	1.07848  1  3985.08  1118
O16 	14895.1 	0.711294  1  3442.06  1600
O16 	14895.1 	0.197464  1  -347.337  5480
O16 	14895.1 	0.969944  1  384.361  4721
O16 	14895.1 	0.334198  1  -1969.63  7333
O16 	14895.1 	0.19255  1  -3097.72  8453
O16 	14895.1 	0.458572  1  1733.75  3399
O16 	14895.1 	3.03654  1  4357.39  704
O16 	14895.1 	0.402575  1  2758.67  2324
O16 	14895.1 	0.226353  1  4536.43  493
O16 	14895.1 	0.189266  1  3142.11  2006
O16 	14895.1 	0.830935  1  -3785.56  9186
O16 	14895.1 	0.224524  1  -3355.67  8700
O16 	14895.1 	0.188987  1  81.7259  5105
O16 	14895.1 	0.295518  1  3144.94  1917
O16 	14895.1 	0.232989  1  937.415  4346
O16 	14895.1 	0.29275  1  -1782.73  7215
O16 	14895.1 	0.94305  1  -2378.48  7744
O16 	14895.1 	0.528054  1  2071.06  3016
O16 	14895.1 	0.194391  1  2781.24  2286
O16 	14895.1 	0.36326  1  560.089  4707
O16 	14895.1 	0.218  1  970.394  4198
O16 	14895.1 	0.218914  1  2320.56  2864
O16 	14895.1 	0.318513  1  -4843.03  10319
O16 	14895.1 	0.367835  1  1915.85  3302
O16 	14895.1 	0.247593  1  -4453.65  9852
O16 	14895.1 	1.2587  1  4667.98  357
O16 	14895.1 	0.248122  1  -4923.89  10299
O16 	14895.1 	0.212574  1  -2577.22  8043
O16 	14895.1 	0.297469  1  3852.02  1238
O16 	14895.1 	0.331889  1  3721.14  1342
O16 	14895.1 	0.348716  1  2623.39  2414
O16 	14895.1 	0.61323  1  3969.23  1039
O16 	14895.1 	0.189065  1  -4777.18  10259
O16 	14895.1 	0.304285  1  3594.16  1481
O16 	14895.1 	0.587421  1  3338.47  1748
O16 	14895.1 	0.526815  1  2687.42  2397
O16 	14895.1 	0.260084  1  -989.281  6199
O16 	14895.1 	0.562796  1  128.261  5126
O16 	14895.1 	0.334724  1  2790.56  2328
O16 	14895.1 	0.247805  1  1397.62  3767
O16 	14895.1 	0.388388  1  4446.65  594
O16 	14895.1 	0.35428  1  -2215.88  7685
O16 	14895.1 	1.09273  1  2868.92  2258
O16 	14895.1 	0.29206  1  -3158.59  8576
O16 	14895.1 	1.09694  1  3846.58  1200
O16 	14895.1 	0.477543  1  -2501.92  7864
O16 	14895.1 	0.873703  1  -3650.24  8923
O16 	14895.1 	0.689454  1  -1128.87  6373
O16 	14895.1 	0.571205  1  -893.269  6122
O16 	14895.1 	0.189455  1  4985.96  16
O16 	14895.1 	0.189622  1  -4417.8  9853
O16 	14895.1 	0.500782  1  -3132.46  8465
O16 	14895.1 	0.195565  1  -1508.64  6719
O16 	14895.1 	0.904291  1  4509.53  550
O16 	14895.1 	0.202627  1  -1287.41  6583
O16 	14895.1 	0.421553  1  332.42  4792
O16 	14895.1 	0.416053  1  -2138.44  7439
O16 	14895.1 	1.17375  1  -709.907  5866
O16 	14895.1 	0.53072  1  -1915.62  7347
O16 	14895.1 	1.64937  1  -2082.62  7508
O16 	14895.1 	0.218561  1  1889.46  3320
O16 	14895.1 	0.19162  1  -4549.71  9923
O16 	14895.1 	0.20072  1  -4902.18  10521
O16 	14895.1 	0.250303  1  1221.61  4014
O16 	14895.1 	0.229289  1  -4984.28  10538
O16 	14895.1 	0.804731  1  1279.06  3858
O16 	14895.1 	0.218898  1  1960.16  3156
O16 	14895.1 	0.93031  1  4010.55  1055
O16 	14895.1 	0.275573  1  898.078  4331
O16 	14895.1 	0.866067  1  1519.82  3736
O16 	14895.1 	0.536592  1  -1929.09  7191
O16 	14895.1 	0.294807  1  1802.92  3346
O16 	14895.1 	0.276997  1  -379.32  5569
O16 	14895.1 	0.252468  1  1845.25  3375
O16 	14895.1 	2.30594  1  2762.52  2385
O16 	14895.1 	0.245588  1  -3987.11  9352
O16 	14895.1 	0.287787  1  2720.27  2282
O16 	14895.1 	0.396071  1  -4492.64  9873
O16 	14895.1 	0.23031  1  677.974  4417
O16 	14895.1 	0.481489  1  2225.07  2827
O16 	14895.1 	0.230669  1  -2747.37  8142
O16 	14895.1 	0.814147  1  3642.76  1421
O16 	14895.1 	0.959567  1  -491.351  5779
O16 	14895.1 	0.266511  1  -1070.92  6367
O16 	14895.1 	0.224979  1  594.654  4607
O16 	14895.1 	0.234221  1  -184.295  5399
O16 	14895.1 	0.230314  1  4061.37  937
O16 	14895.1 	13.9263  1  -4674.96  10132
O16 	14895.1 	1.5124  1  1437.37  3751
O16 	14895.1 	0.37086  1  -4506.93  10048
O16 	14895.1 	0.403721  1  3619.38  1458
O16 	14895.1 	0.592902  1  -205.418  5434
O16 	14895.1 	0.270369  1  624.859  4491
O16 	14895.1 	0.190804  1  -2389.7  7839
O16 	14895.1 	0.221907  1  4625.22  396
O16 	14895.1 	1.21707  1  3342.45  1707
O16 	14895.1 	1.2997  1  -1518.03  6795
O16 	14895.1 	0.735895  1  1088.66  4033
O16 	14895.1 	0.443016  1  2659.94  2469
O16 	14895.1 	0.204164  1  -260.669  5553
O16 	14895.1 	2.14962  1  2769.78  2345
O16 	14895.1 	0.220865  1  2358.82  2767
O16 	14895.1 	0.269834  1  3130.21  1894
O16 	14895.1 	0.195182  1  3090.57  1940
O16 	14895.1 	0.271375  1  2191.34  2909
O16 	14895.1 	0.372822  1  4713.29  312
O16 	14895.1 	0.294458  1  -4617.17  10030
O16 	14895.1 	0.230097  1  -254.292  5387
O16 	14895.1 	0.421918  1  4916.53  112
O16 	14895.1 	0.233741  1  4869.42  122
O16 	14895.1 	0.201968  1  1456.79  3676
O16 	14895.1 	0.327806  1  -3778.39  9096
O16 	14895.1 	0.207587  1  -851.777  6095
O16 	14895.1 	1.05887  1  507.92  4754
O16 	14895.1 	0.40526  1  4508.91  499
O16 	14895.1 	0.314629  1  4323.31  682
O16 	14895.1 	0.208237  1  -810.009  6008
O16 	14895.1 	0.284561  1  -3885.91  9207
O16 	14895.1 	0.522908  1  1610.78  3556
O16 	14895.1 	0.372492  1  3102.23  2003
O16 	14895.1 	0.307768  1  -4615.18  9879
O16 	14895.1 	0.304785  1  603.399  4630
O16 	14895.1 	0.198091  1  1581.93  3533
O16 	14895.1 	0.236517  1  1688.83  3445
O16 	14895.1 	0.285252  1  306.702  4787
O16 	14895.1 	0.22007  1  3105.24  1886
O16 	14895.1 	0.207574  1  1298.28  3914
O16 	14895.1 	0.486722  1  -4412.97  9945
O16 	14895.1 	2.9445  1  3935.62  1129
O16 	14895.1 	0.624362  1  1871.49  3338
O16 	14895.1 	0.253174  1  -2223.33  7484
O16 	14895.1 	0.307182  1  -4762.69  10098
O16 	14895.1 	0.439724  1  -572.314  5862
O16 	14895.1 	1.71369  1  -3619.91  8855
O16 	14895.1 	0.740408  1  -578.877  5843
O16 	14895.1 	0.221281  1  -4375.16  9845
O16 	14895.1 	0.225628  1  4802.99  186
O16 	14895.1 	0.259825  1  439.749  4784
O16 	14895.1 	0.266807  1  -2071.01  7547
O16 	14895.1 	0.250312  1  828.746  4304
O16 	14895.1 	0.33874  1  3710.32  1287
O16 	14895.1 	0.553011  1  -1926.84  7262
O16 	14895.1 	0.301143  1  -732.439  6098
O16 	14895.1 	1.61699  1  3740.3  1368
O16 	14895.1 	0.196244  1  -1137.68  6319
O16 	14895.1 	0.316953  1  -288.78  5575
O16 	14895.1 	0.265757  1  -2157.44  7487
O16 	14895.1 	0.563516  1  -853.228  6110
O16 	14895.1 	0.431654  1  2597.88  2546
O16 	14895.1 	0.298081  1  -1680.45  7033
O16 	14895.1 	0.410764  1  -1120.63  6337
O16 	14895.1 	1.53764  1  1233.09  3956
O16 	14895.1 	0.229176  1  1078.44  4040
O16 	14895.1 	0.335666  1  -733.175  5871
O16 	14895.1 	0.502425  1  3416.54  1632
O16 	14895.1 	0.439724  1  2815.08  2277
O16 	14895.1 	0.216099  1  469.775  4670
O16 	14895.1 	0.245004  1  -2004  7181
O16 	14895.1 	0.22645  1  -2129.31  7317
O16 	14895.1 	0.477887  1  1110.52  4069
O16 	14895.1 	0.271005  1  3455.32  1571
O16 	14895.1 	0.358819  1  -1794  7081
O16 	14895.1 	0.261328  1  3469.92  1614
O16 	14895.1 	0.301635  1  -2513.51  7799
O16 	14895.1 	0.288863  1  4680.2  325
O16 	14895.1 	0.331358  1  493.807  4756
O16 	14895.1 	0.210591  1  -2774.05  8028
O16 	14895.1 	0.526372  1  1306.71  3782
O16 	14895.1 	0.479984  1  3716.24  1328
O16 	14895.1 	0.991443  1  -118.001  5237
O16 	14895.1 	0.223261  1  -4112.37  9508
O16 	14895.1 	0.188339  1  4228.75  805
O16 	14895.1 	0.2784  1  -1988.11  7340
O16 	14895.1 	0.298793  1  4120.87  918
O16 	14895.1 	0.256525  1  4117.72  918
O16 	14895.1 	0.854925  1  -1321.28  6595
O16 	14895.1 	0.275156  1  -2992.01  8293
O16 	14895.1 	0.331531  1  949.243  4215
O16 	14895.1 	0.337986  1  3438.32  1631
O16 	14895.1 	0.290502  1  -4849.73  10288
O16 	14895.1 	0.202442  1  3959.36  1092
O16 	14895.1 	0.193802  1  -2738.11  7867
O16 	14895.1 	0.40609  1  1907.06  3228
O16 	14895.1 	0.478761  1  3352.75  1738
O16 	14895.1 	0.579051  1  4604.64  431
O16 	14895.1 	1.18522  1  -2648.82  8111
O16 	14895.1 	0.271256  1  3206.55  1859
O16 	14895.1 	0.328257  1  3352.19  1759
O16 	14895.1 	0.693118  1  -1604.76  6948
O16 	14895.1 	0.235511  1  3566.49  1458
O16 	14895.1 	0.193886  1  -4045.33  9353
O16 	14895.1 	0.414266  1  -3297.32  8788
O16 	14895.1 	0.758708  1  4298.36  724
O16 	14895.1 	0.231467  1  456.016  4727
O16 	14895.1 	0.555458  1  -1951.13  7162
O16 	14895.1 	0.38623  1  1861.39  3253
O16 	14895.1 	0.42471  1  1588.73  3548
O16 	14895.1 	0.261434  1  -1339.17  6683
O16 	14895.1 	0.544336  1  793.415  4410
O16 	14895.1 	0.417345  1  3450.57  1658
O16 	14895.1 	0.340032  1  2867.22  2249
O16 	14895.1 	0.97396  1  413.661  4959
O16 	14895.1 	0.303369  1  921.169  4352
O16 	14895.1 	0.21103  1  -36.7973  5302
O16 	14895.1 	0.191567  1  -2151.8  7511
O16 	14895.1 	0.752  1  1739.03  3413
O16 	14895.1 	0.28007  1  -4352.88  9664
O16 	14895.1 	0.274305  1  1958.6  3188
O16 	14895.1 	0.22865  1  -1744.33  6964
O16 	14895.1 	0.202255  1  4548.65  453
O16 	14895.1 	0.201474  1  -3846.78  9124
O16 	14895.1 	0.323667  1  885.306  4288
O16 	14895.1 	0.288267  1  -724.245  5997
O16 	14895.1 	0.379825  1  -4989.61  10375
O16 	14895.1 	0.317428  1  3391.94  1618
O16 	14895.1 	0.200059  1  -4180.52  9579
O16 	14895.1 	0.205805  1  -4193.08  9529
O16 	14895.1 	0.240393  1  -3561.08  8883
O16 	14895.1 	0.240653  1  -1616.03  6843
O16 	14895.1 	0.198913  1  -1990.74  7420
O16 	14895.1 	1.0276  1  1951.7  3145
O16 	14895.1 	0.267614  1  -3149.41  8573
O16 	14895.1 	0.620754  1  3406.78  1665
O16 	14895.1 	0.207698  1  -203.562  5386
O16 	14895.1 	0.25355  1  -2315.11  7436
O16 	14895.1 	0.443326  1  3747.02  1254
O16 	14895.1 	0.58697  1  2909.19  2130
O16 	14895.1 	0.31017  1  -4490.52  10008
O16 	14895.1 	0.33899  1  -2683.81  8176
O16 	14895.1 	0.575931  1  4518.44  505
O16 	14895.1 	0.285254  1  -4959.73  10342
O16 	14895.1 	0.618901  1  -4504.19  9966
O16 	14895.1 	0.387921  1  -1515.09  6855
O16 	14895.1 	0.196864  1  1805.66  3409
O16 	14895.1 	0.706442  1  -4674.45  10025
O16 	14895.1 	0.210184  1  -1856.74  7126
O16 	14895.1 	0.207142  1  -2646.34  8072
O16 	14895.1 	0.4742  1  4147.36  904
O16 	14895.1 	0.337677  1  3571.57  1496
O16 	14895.1 	0.22125  1  903.958  4298
O16 	14895.1 	2.54548  1  3423.76  1608
O16 	14895.1 	0.565953  1  -1366.78  6658
O16 	14895.1 	0.231803  1  -243.445  5493
O16 	14895.1 	3.07323  1  -1014.96  6296
O16 	14895.1 	0.25726  1  4460.27  563
O16 	14895.1 	0.204916  1  3794.46  1223
O16 	14895.1 	0.233972  1  300.98  4947
O16 	14895.1 	0.485406  1  -2006.35  7481
O16 	14895.1 	0.254631  1  4044.08  968
O16 	14895.1 	0.394197  1  990.033  4209
O16 	14895.1 	0.224208  1  -1937.92  7343
O16 	14895.1 	0.321734  1  3398.74  1724
O16 	14895.1 	0.632401  1  -586.637  5918
O16 	14895.1 	0.465311  1  717.952  4477
O16 	14895.1 	1.11519  1  1584.61  3568
O16 	14895.1 	0.602021  1  2232.2  2763
O16 	14895.1 	0.205789  1  503.55  4719
O16 	14895.1 	0.502515  1  3311.17  1798
O16 	14895.1 	0.205588  1  -2476.58  7832
O16 	14895.1 	0.277751  1  445.139  4850
O16 	14895.1 	0.25222  1  -805.694  6181
O16 	14895.1 	0.743254  1  -1598.32  6788
O16 	14895.1 	0.528288  1  -3909.26  9240
O16 	14895.1 	0.571598  1  -4908.72  10205
O16 	14895.1 	0.484624  1  1339.13  3817
O16 	14895.1 	0.450159  1  2634.18  2524
O16 	14895.1 	0.750363  1  3165.32  1892
O16 	14895.1 	0.320637  1  -689.659  5997
O16 	14895.1 	0.312375  1  218.861  5113
O16 	14895.1 	0.191854  1  4006.87  1010
O16 	14895.1 	0.216895  1  2939.74  2175
O16 	14895.1 	0.269531  1  265.319  4958
O16 	14895.1 	0.213471  1  -4363.72  9800
O16 	14895.1 	0.234155  1  4782.12  231
O16 	14895.1 	0.50077  1  -636.7  5897
O16 	14895.1 	0.206699  1  -760.99  6015
O16 	14895.1 	0.401726  1  -4226.38  9584
O16 	14895.1 	1.54907  1  -2212.48  7585
O16 	14895.1 	0.414089  1  -4601.55  10087
O16 	14895.1 	0.214291  1  1676.74  3410
O16 	14895.1 	0.905328  1  3204.49  1851
O16 	14895.1 	0.341536  1  -935.679  6271
O16 	14895.1 	0.501522  1  -71.8374  5244
O16 	14895.1 	0.324927  1  -2690.84  8038
O16 	14895.1 	0.192745  1  -579.182  5805
O16 	14895.1 	0.281914  1  3815.71  1180
O16 	14895.1 	0.429803  1  -4807.02  10162
O16 	14895.1 	0.413201  1  -3233.93  8509
O16 	14895.1 	0.583975  1  1121.25  3966
O16 	14895.1 	0.188778  1  -1175.55  6434
O16 	14895.1 	0.547306  1  -1898.6  7245
O16 	14895.1 	0.25507  1  -950.735  6201
O16 	14895.1 	0.352647  1  948.372  4212
O16 	14895.1 	0.219627  1  809.342  4354
O16 	14895.1 	5.41228  1  -1110.34  6497
O16 	14895.1 	0.404153  1  -503.176  6081
O16 	14895.1 	0.207094  1  -3533.3  8882
O16 	14895.1 	0.850349  1  -1534.56  6945
O16 	14895.1 	0.25387  1  1755.82  3342
O16 	14895.1 	0.523155  1  2596.55  2503
O16 	14895.1 	0.235664  1  2307.53  2889
O16 	14895.1 	0.532149  1  1722.79  3407
O16 	14895.1 	0.212581  1  3974.58  1079
O16 	14895.1 	0.82732  1  -2232.31  7455
O16 	14895.1 	0.316871  1  4872.54  140
O16 	14895.1 	0.317812  1  3273.86  1796
O16 	14895.1 	0.203043  1  4712.54  302
O16 	14895.1 	0.206775  1  -1309.74  6561
O16 	14895.1 	0.193453  1  1025.14  4223
O16 	14895.1 	0.30218  1  4143  932
O16 	14895.1 	0.215969  1  2571.8  2565
O16 	14895.1 	0.262753  1  -4352.41  9625
O16 	14895.1 	0.241741  1  1388.78  3699
O16 	14895.1 	0.511304  1  4335.1  752
O16 	14895.1 	0.465836  1  -2494.82  7954
O16 	14895.1 	1.17821  1  -877.935  6261
O16 	14895.1 	0.226689  1  -1310.01  6638
O16 	14895.1 	17.2289  1  2893.62  2173
O16 	14895.1 	0.202639  1  -620.831  5850
O16 	14895.1 	0.218996  1  -1358.46  6677
O16 	14895.1 	0.215814  1  -3236.23  8652
O16 	14895.1 	0.38635  1  4195.35  871
O16 	14895.1 	0.305218  1  750.789  4479
O16 	14895.1 	0.371664  1  -2090.24  7321
O16 	14895.1 	0.213942  1  -77.304  5359
O16 	14895.1 	0.653291  1  -1720.85  7072
O16 	14895.1 	0.440492  1  1593.38  3494
O16 	14895.1 	0.189307  1  2609.96  2456
O16 	14895.1 	0.19377  1  -638.439  5991
O16 	14895.1 	0.232439  1  -477.384  5900
O16 	14895.1 	0.474615  1  1314.96  3901
O16 	14895.1 	0.200854  1  -4839.42  10151
O16 	14895.1 	0.585985  1  -3240.5  8721
O16 	14895.1 	0.19309  1  -2242.19  7632
O16 	14895.1 	8.17869  1  1329.14  3823
O16 	14895.1 	0.452096  1  4900.11  123
O16 	14895.1 	0.32369  1  -4905.89  10551
O16 	14895.1 	0.598841  1  2044.35  3053
O16 	14895.1 	0.223452  1  2658.42  2483
O16 	14895.1 	0.228705  1  -4862.91  10276
O16 	14895.1 	0.199846  1  -2916.87  8392
O16 	14895.1 	0.596512  1  4166.98  847
O16 	14895.1 	0.279154  1  -4644.47  10099
O16 	14895.1 	0.201848  1  2557.4  2596
O16 	14895.1 	0.557431  1  2026.52  3144
O16 	14895.1 	0.595032  1  4978.52  15
O16 	14895.1 	0.291761  1  670.658  4394
O16 	14895.1 	0.495656  1  2462.73  2707
O16 	14895.1 	0.540094  1  488.358  4745
O16 	14895.1 	0.20283  1  1921.7  3328
O16 	14895.1 	0.37121  1  2833.3  2228
O16 	14895.1 	0.205336  1  285.797  5014
O16 	14895.1 	0.40935  1  2238.56  2896
O16 	14895.1 	0.22133  1  -1460.86  6847
O16 	14895.1 	0.247285  1  2092.88  3102
O16 	14895.1 	0.204065  1  1326.78  3913
O16 	14895.1 	0.274832  1  -2840.73  8070
O16 	14895.1 	0.21017  1  -2424.84  7818
O16 	14895.1 	0.22698  1  -11.6303  5267
O16 	14895.1 	0.25474  1  1834.15  3323
O16 	14895.1 	0.211585  1  453.46  4782
O16 	14895.1 	0.189054  1  -4478.14  9861
O16 	14895.1 	0.27189  1  -3991.29  9349
O16 	14895.1 	0.695877  1  -471.214  5748
O16 	14895.1 	1.56619  1  150.13  5144
O16 	14895.1 	0.20909  1  -1022.15  6301
O16 	14895.1 	3.14507  1  -4316.32  9763
O16 	14895.1 	0.194259  1  -4123.52  9685
O16 	14895.1 	0.731313  1  4735.81  285
O16 	14895.1 	0.204033  1  -1454.61  6782
O16 	14895.1 	1.63363  1  -1350.01  6876
O16 	14895.1 	0.207991  1  -2894.49  8209
O16 	14895.1 	0.915075  1  2980.01  2206
O16 	14895.1 	0.261623  1  -3557.96  8945
O16 	14895.1 	0.479331  1  -2373.94  7731
O16 	14895.1 	0.258581  1  602.981  4584
O16 	14895.1 	0.303659  1  -1211.46  6557
O16 	14895.1 	0.33068  1  -1018.21  6260
O16 	14895.1 	0.599997  1  -3402.2  8830
O16 	14895.1 	0.209093  1  793.951  4412
O16 	14895.1 	0.228857  1  3346.35  1713
O16 	14895.1 	2.35905  1  1454.41  3751
O16 	14895.1 	1.34477  1  1238.89  4047
O16 	14895.1 	0.419358  1  -3221.76  8633
O16 	14895.1 	0.211352  1  2021.6  3090
O16 	14895.1 	0.216241  1  1741.26  3430
O16 	14895.1 	0.316912  1  -2694.55  8099
O16 	14895.1 	0.441428  1  -4968.2  10432
O16 	14895.1 	0.382755  1  -4333.6  9668
O16 	14895.1 	0.29609  1  3640.26  1416
O16 	14895.1 	0.188634  1  -2462.28  7848
O16 	14895.1 	0.257772  1  3519.28  1539
O16 	14895.1 	0.331363  1  -3676.34  9085
O16 	14895.1 	0.226165  1  -4468.99  9939
O16 	14895.1 	2.22746  1  2126.04  3061
O16 	14895.1 	0.229451  1  1864.52  3192
O16 	14895.1 	0.225226  1  -1519.09  6798
O16 	14895.1 	0.256424  1  1657.97  3544
O16 	14895.1 	0.679552  1  3973.51  1086
O16 	14895.1 	1.33695  1  -4964.91  10365
O16 	14895.1 	0.235164  1  -2850.7  8228
O16 	14895.1 	0.458106  1  -2550.02  7822
O16 	14895.1 	0.199603  1  936.245  4228
O16 	14895.1 	0.497131  1  -4015.09  9345
O16 	14895.1 	0.53186  1  3248.5  1813
O16 	14895.1 	0.248395  1  -3909.33  9359
O16 	14895.1 	0.202457  1  -696.727  5987
O16 	14895.1 	0.335606  1  -2899.81  8396
O16 	14895.1 	0.410151  1  -4060.89  9520
O16 	14895.1 	0.347461  1  1184.28  3955
O16 	14895.1 	0.369854  1  -3515.61  8870
O16 	14895.1 	0.284712  1  -3605.65  9003
O16 	14895.1 	0.311851  1  2208.05  2906
O16 	14895.1 	0.996033  1  -1554  6846
O16 	14895.1 	0.223558  1  -1699.84  6896
O16 	14895.1 	0.371393  1  3379.69  1667
O16 	14895.1 	0.332277  1  -2064.61  7326
O16 	14895.1 	0.217151  1  -3918.55  9313
O16 	14895.1 	0.301977  1  4770.63  243
O16 	14895.1 	0.32334  1  4445.82  551
O16 	14895.1 	0.826836  1  2928.36  2247
O16 	14895.1 	0.294942  1  3243.55  1761
O16 	14895.1 	0.422654  1  3643.47  1402
O16 	14895.1 	0.208586  1  -2258.47  7560
O16 	14895.1 	0.196974  1  3294.5  1798
O16 	14895.1 	0.232402  1  -323.773  5590
O16 	14895.1 	0.534795  1  -4464.25  9676
O16 	14895.1 	0.371102  1  -1962.82  7330
O16 	14895.1 	0.345849  1  1241.11  3954
O16 	14895.1 	0.292199  1  -2007.49  7398
O16 	14895.1 	0.683345  1  4237.83  829
O16 	14895.1 	0.229349  1  -4431.88  9731
O16 	14895.1 	0.357903  1  703.704  4564
O16 	14895.1 	0.202899  1  -588.917  5763
O16 	14895.1 	0.342485  1  4648  370
O16 	14895.1 	0.30791  1  -4602.46  9987
O16 	14895.1 	0.554515  1  4812.45  198
O16 	14895.1 	0.206526  1  3701.69  1360
O16 	14895.1 	0.305744  1  -4580.26  10026
O16 	14895.1 	0.438149  1  2972.78  2131
O16 	14895.1 	0.410362  1  4314.01  735
O16 	14895.1 	0.605521  1  4910.06  95
O16 	14895.1 	0.33123  1  -3291.65  8580
O16 	14895.1 	0.211645  1  -3638.95  9176
O16 	14895.1 	0.605548  1  1303.81  3802
O16 	14895.1 	0.344891  1  -3992.83  9515
O16 	14895.1 	0.607431  1  2365.25  2701
O16 	14895.1 	0.467624  1  -272.756  5637
O16 	14895.1 	1.58091  1  -1288.34  6607
O16 	14895.1 	0.236146  1  1812.73  3253
O16 	14895.1 	0.275617  1  -721.243  5887
O16 	14895.1 	0.220459  1  -3079.06  8428
O16 	14895.1 	0.325138  1  3639.31  1482
O16 	14895.1 	0.227939  1  -790.198  6003
O16 	14895.1 	0.327729  1  4005.06  1035
O16 	14895.1 	0.231539  1  -1040.17  6349
O16 	14895.1 	1.01154  1  1567.84  3580
O16 	14895.1 	0.191704  1  4641.81  398
O16 	14895.1 	0.746623  1  1383.76  3812
O16 	14895.1 	0.433441  1  1906.47  3286
O16 	14895.1 	0.311683  1  -1079.63  6328
O16 	14895.1 	0.303314  1  2043.4  3138
O16 	14895.1 	4.21661  1  -1850.52  7242
O16 	14895.1 	0.900667  1  3779.32  1324
O16 	14895.1 	0.911718  1  3618.32  1480
O16 	14895.1 	0.240627  1  -4926.73  10493
O16 	14895.1 	0.377653  1  951.189  4365
O16 	14895.1 	0.236476  1  3253.63  1871
O16 	14895.1 	0.765439  1  3510.13  1532
O16 	14895.1 	0.746316  1  617.913  4487
O16 	14895.1 	0.456676  1  833.884  4338
O16 	14895.1 	0.283246  1  -4034.91  9461
O16 	14895.1 	1.55753  1  -423.077  5697
O16 	14895.1 	0.199867  1  -4492.18  10009
O16 	14895.1 	0.241115  1  -2244.72  7677
O16 	14895.1 	0.596355  1  -4957.25  10396
O16 	14895.1 	0.438364  1  3492.26  1631
O16 	14895.1 	0.196989  1  4350.69  637
O16 	14895.1 	0.23861  1  -888.183  6165
O16 	14895.1 	0.309133  1  -4209.86  9682
O16 	14895.1 	0.263084  1  4255.22  804
O16 	14895.1 	2.04644  1  3933.11  1090
O16 	14895.1 	0.207971  1  4938.31  55
O16 	14895.1 	1.47991  1  -1776.78  7173
O16 	14895.1 	0.200957  1  1485.29  3694
O16 	14895.1 	0.192374  1  4991.18  11
O16 	14895.1 	0.386716  1  3327.59  1821
O16 	14895.1 	0.351512  1  3058.53  1987
O16 	14895.1 	0.214171  1  3782.22  1310
O16 	14895.1 	0.213288  1  -1683.46  6980
O16 	14895.1 	0.191665  1  4507.35  536
O16 	14895.1 	0.216723  1  -232.808  5500
O16 	14895.1 	0.642301  1  1745.39  3409
O16 	14895.1 	0.850138  1  3866.39  1147
O16 	14895.1 	0.274606  1  2165.46  3004
O16 	14895.1 	0.256935  1  -2523.47  7776
O16 	14895.1 	0.362286  1  811.352  4294
O16 	14895.1 	0.303047  1  -4765.4  10380
O16 	14895.1 	0.24952  1  3216.29  1835
O16 	14895.1 	0.316089  1  -3460.53  8769
O16 	14895.1 	0.336221  1  4560.17  472
O16 	14895.1 	0.219805  1  1901.2  3233
O16 	14895.1 	0.349265  1  -2932.48  8424
O16 	14895.1 	0.200264  1  4450.9  591
O16 	14895.1 	0.291206  1  -3053.18  8495
O16 	14895.1 	0.330828  1  -4636.67  10069
O16 	14895.1 	0.639963  1  905.167  4333
O16 	14895.1 	1.00562  1  438.457  4848
O16 	14895.1 	0.336742  1  -3893.02  9221
O16 	14895.1 	0.189564  1  -1868.03  7115
O16 	14895.1 	0.418416  1  -3063.66  8462
O16 	14895.1 	0.553202  1  -2796.83  8017
O16 	14895.1 	0.644405  1  -3451.82  8863
O16 	14895.1 	0.723182  1  -2500.74  7815
O16 	14895.1 	0.542743  1  62.5525  5167
O16 	14895.1 	0.711916  1  48.8694  5048
O16 	14895.1 	0.200554  1  2374.44  2820
O16 	14895.1 	0.433385  1  2193.23  2869
O16 	14895.1 	0.316977  1  3554.66  1531
O16 	14895.1 	0.303801  1  -4163.93  9574
O16 	14895.1 	0.670974  1  -4855.03  10232
O16 	14895.1 	0.246883  1  -2208.42  7635
O16 	14895.1 	0.414689  1  476.13  4702
O16 	14895.1 	0.189391  1  794.998  4329
O16 	14895.1 	0.369342  1  -2570.79  7962
O16 	14895.1 	0.472454  1  3465.7  1627
O16 	14895.1 	0.241639  1  -4056.66  9387
O16 	14895.1 	0.377363  1  1306.03  3876
O16 	14895.1 	0.195979  1  -902.913  6126
O16 	14895.1 	0.397623  1  -996.843  6366
O16 	14895.1 	0.22491  1  4773.36  246
O16 	14895.1 	0.239659  1  1640.09  3546
O16 	14895.1 	0.257369  1  1546.26  3625
O16 	14895.1 	18.3409  1  431.148  4840
O16 	14895.1 	0.425425  1  1358.56  3828
O16 	14895.1 	0.254577  1  1162.45  4019
O16 	14895.1 	0.40402  1  -3347.16  8731
O16 	14895.1 	0.319278  1  -4914.97  10357
O16 	14895.1 	0.270683  1  -1539.87  6749
O16 	14895.1 	0.254768  1  -433.131  5631
O16 	14895.1 	0.199883  1  4805.16  177
O16 	14895.1 	0.399401  1  1780.61  3364
O16 	14895.1 	0.241744  1  -3041.44  8486
O16 	14895.1 	0.214233  1  -1343.09  6631
O16 	14895.1 	0.401647  1  3517.94  1525
O16 	14895.1 	0.240512  1  1799.5  3372
O16 	14895.1 	0.224728  1  -1807.6  7090
O16 	14895.1 	0.196519  1  2978  2098
O16 	14895.1 	0.206505  1  -1103.79  6406
O16 	14895.1 	0.54478  1  -1596.7  6894
O16 	14895.1 	0.223254  1  -2906.64  8312
O16 	14895.1 	0.206519  1  -1930.24  7171
O16 	14895.1 	0.296763  1  -851.586  6222
O16 	14895.1 	2.33597  1  -1606.28  6945
O16 	14895.1 	0.193366  1  -3320.31  8874
O16 	14895.1 	0.255041  1  4879.82  124
O16 	14895.1 	5.52099  1  -3997.01  9443
O16 	14895.1 	0.474861  1  -3196.14  8661
O16 	14895.1 	0.238006  1  -1674.69  6918
O16 	14895.1 	4.47989  1  -746.728  6016
O16 	14895.1 	0.381514  1  4482.05  552
O16 	14895.1 	0.454991  1  -3572.07  9056
O16 	14895.1 	0.498541  1  -2648.84  8113
O16 	14895.1 	0.240142  1  1414.77  3751
O16 	14895.1 	0.39585  1  3476.05  1599
O16 	14895.1 	0.370848  1  -2307.78  7638
O16 	14895.1 	0.451843  1  -4902  10450
O16 	14895.1 	0.474809  1  1143.76  4020
O16 	14895.1 	0.387962  1  3775.37  1289
O16 	14895.1 	0.372842  1  -3834.08  9131
O16 	14895.1 	0.267769  1  -4482.56  10030
O16 	14895.1 	0.230807  1  2565.64  2553
O16 	14895.1 	0.317663  1  -874.836  6106
O16 	14895.1 	0.242444  1  1511.96  3634
O16 	14895.1 	0.208723  1  4273.31  743
O16 	14895.1 	1.33951  1  4989.56  10
O16 	14895.1 	0.327703  1  -4697.77  10148
O16 	14895.1 	0.429898  1  1981.17  3214
O16 	14895.1 	0.240112  1  2152.08  3026
O16 	14895.1 	0.381367  1  -3774.01  9047
O16 	14895.1 	0.290596  1  -3841.88  9230
O16 	14895.1 	0.252313  1  -865.724  6041
O16 	14895.1 	2.79309  1  4459.35  587
O16 	14895.1 	0.400823  1  -3429.81  8960
O16 	14895.1 	0.360032  1  -3528.45  8750
O16 	14895.1 	0.336816  1  -1966.21  7229
O16 	14895.1 	0.259416  1  1617.27  3523
O16 	14895.1 	0.411114  1  -1329.2  6474
O16 	14895.1 	0.205365  1  -3413.61  8768
O16 	14895.1 	1.34431  1  -4906.5  10348
O16 	14895.1 	0.326762  1  160.433  4973
O16 	14895.1 	2.81804  1  1480.03  3618
O16 	14895.1 	0.26719  1  -4465.3  9836
O16 	14895.1 	0.251929  1  1586.22  3564
O16 	14895.1 	0.207668  1  -2721.74  8092
O16 	14895.1 	0.325701  1  2474.12  2621
O16 	14895.1 	0.445342  1  4959.41  48
O16 	14895.1 	0.56951  1  335.732  4838
O16 	14895.1 	0.220014  1  -2082.52  7439
O16 	14895.1 	0.352939  1  791.398  4347
O16 	14895.1 	0.232915  1  255.608  4995
O16 	14895.1 	0.239778  1  4247.3  803
O16 	14895.1 	0.562551  1  -2774.53  8072
O16 	14895.1 	0.468943  1  -4954.84  10218
O16 	14895.1 	0.355081  1  -3377.69  8627
O16 	14895.1 	0.271648  1  3197.04  1908
O16 	14895.1 	0.621754  1  1329.32  3848
O16 	14895.1 	1.47318  1  2334.39  2816
O16 	14895.1 	1.49197  1  468.623  4792
O16 	14895.1 	0.87898  1  -1872.29  7360
O16 	14895.1 	0.47114  1  -2960.62  8421
O16 	14895.1 	0.234238  1  2866.67  2266
O16 	14895.1 	0.219673  1  567.661  4624
O16 	14895.1 	0.198933  1  -2608.42  7935
O16 	14895.1 	1.39769  1  3622.38  1379
O16 	14895.1 	0.835016  1  -2388  7658
O16 	14895.1 	0.249338  1  -2716.72  8023
O16 	14895.1 	0.346005  1  -926.539  6286
O16 	14895.1 	0.650366  1  -1481.41  6805
O16 	14895.1 	0.198425  1  -1003.29  6295
O16 	14895.1 	0.260802  1  4860.29  167
O16 	14895.1 	2.12321  1  -871.369  6026
O16 	14895.1 	0.221769  1  274.757  4992
O16 	14895.1 	0.397422  1  -117.564  5361
O16 	14895.1 	0.290195  1  -2246.45  7497
O16 	14895.1 	0.199692  1  -4420.96  9761
O16 	14895.1 	0.716126  1  3153  1915
O16 	14895.1 	0.2073  1  828.253  4407
O16 	14895.1 	0.217824  1  168.992  5148
O16 	14895.1 	0.253592  1  -748.048  6050
O16 	14895.1 	0.337715  1  1439.02  3734
O16 	14895.1 	0.365764  1  -852.633  6087
O16 	14895.1 	0.292343  1  -724.9  5889
O16 	14895.1 	0.294974  1  200.114  5044
O16 	14895.1 	0.219612  1  -3725.17  9114
O16 	14895.1 	0.338883  1  -2105.85  7602
O16 	14895.1 	0.393827  1  -1554.13  6893
O16 	14895.1 	0.222281  1  -3687.84  8848
O16 	14895.1 	0.202792  1  -2188.8  7771
O16 	14895.1 	0.322348  1  1746.26  3424
O16 	14895.1 	0.204352  1  -3415.82  8793
O16 	14895.1 	0.300588  1  963.632  4149
O16 	14895.1 	0.29097  1  -1630.9  6948
O16 	14895.1 	0.20346  1  -697.3  5832
O16 	14895.1 	0.242301  1  3968.44  1094
O16 	14895.1 	0.379961  1  915.469  4260
O16 	14895.1 	0.279578  1  -2806.61  8262
O16 	14895.1 	1.80522  1  1237.21  4013
O16 	14895.1 	0.399292  1  4634.3  373
O16 	14895.1 	0.347734  1  -1656.61  6863
O16 	14895.1 	0.253843  1  -4760.2  10149
O16 	14895.1 	0.418483  1  3619.96  1427
O16 	14895.1 	0.335009  1  542.286  4610
O16 	14895.1 	0.244871  1  1006.23  4160
O16 	14895.1 	0.342308  1  2952.7  2090
O16 	14895.1 	0.473105  1  -1510.79  6701
O16 	14895.1 	0.773991  1  310.546  4924
O16 	14895.1 	0.211476  1  -2417.1  7751
O16 	14895.1 	0.199236  1  664.484  4627
O16 	14895.1 	0.279736  1  -3041.35  8524
O16 	14895.1 	0.239557  1  -956.706  6295
O16 	14895.1 	0.612001  1  -277.261  5540
O16 	14895.1 	0.223809  1  109.212  5118
O16 	14895.1 	0.362731  1  -1878.06  7237
O16 	14895.1 	0.35106  1  199.708  4987
O16 	14895.1 	0.286962  1  3750.35  1340
O16 	14895.1 	1.64742  1  1589.78  3547
O16 	14895.1 	0.189507  1  886.463  4316
O16 	14895.1 	0.212075  1  146.898  5040
O16 	14895.1 	0.339167  1  -339.823  5542
O16 	14895.1 	0.342131  1  -3447.82  8868
O16 	14895.1 	0.490672  1  3413.55  1647
O16 	14895.1 	0.205527  1  -1484.21  6755
O16 	14895.1 	0.327456  1  -4610.63  10132
O16 	14895.1 	0.449923  1  -659.808  5986
O16 	14895.1 	0.248068  1  -4839.18  10530
O16 	14895.1 	0.395759  1  -4152.29  9603
O16 	14895.1 	0.197353  1  1347.25  3809
O16 	14895.1 	0.466734  1  1338.58  3746
O16 	14895.1 	0.18999  1  3010.51  2058
O16 	14895.1 	0.311323  1  4594.88  433
O16 	14895.1 	0.408072  1  -2732.48  8044
O16 	14895.1 	0.252125  1  -3682.45  9125
O16 	14895.1 	0.36416  1  -452.334  5672
O16 	14895.1 	0.232136  1  -1257.9  6521
O16 	14895.1 	0.7464  1  4101.16  971
O16 	14895.1 	0.363282  1  2842.54  2221
O16 	14895.1 	0.334732  1  3698.52  1360
O16 	14895.1 	0.190991  1  1018.49  4230
O16 	14895.1 	0.539372  1  1091.26  4089
O16 	14895.1 	0.936575  1  960.35  4303
O16 	14895.1 	0.189031  1  -4754.58  10364
O16 	14895.1 	0.326741  1  4812.98  204
O16 	14895.1 	0.703839  1  -700.717  6033
O16 	14895.1 	0.279954  1  -1321.11  6396
O16 	14895.1 	0.63919  1  -567.197  5767
O16 	14895.1 	0.205943  1  1031.53  4167
O16 	14895.1 	0.269959  1  2234.89  2851
O16 	14895.1 	0.249803  1  -1265.83  6473
O16 	14895.1 	0.472643  1  -581.505  5877
O16 	14895.1 	0.208149  1  1531.96  3648
O16 	14895.1 	0.334535  1  -2960.27  8463
O16 	14895.1 	2.43994  1  -2288.47  7627
O16 	14895.1 	2.079  1  -3581.81  8985
O16 	14895.1 	0.216629  1  4722.3  317
O16 	14895.1 	0.241631  1  4851.51  182
O16 	14895.1 	0.284862  1  -3096.41  8464
O16 	14895.1 	0.397614  1  1928.92  3215
O16 	14895.1 	0.749873  1  -1182.93  6265
O16 	14895.1 	0.918194  1  4149.77  879
O16 	14895.1 	0.188736  1  2378.39  2697
O16 	14895.1 	0.194011  1  1185.48  3957
O16 	14895.1 	0.349548  1  -2679.84  8077
O16 	14895.1 	0.489403  1  -2987.88  8458
O16 	14895.1 	0.189131  1  -4049.96  9513
O16 	14895.1 	0.209441  1  -2203.72  7544
O16 	14895.1 	0.300456  1  206.994  5051
O16 	14895.1 	0.398871  1  -95.3735  5304
O16 	14895.1 	0.202717  1  -426.168  5642
O16 	14895.1 	0.265987  1  -4966.81  10405
O16 	14895.1 	0.330851  1  4090.31  934
O16 	14895.1 	0.489507  1  686.084  4484
O16 	14895.1 	0.50288  1  -2258.81  7427
O16 	14895.1 	0.244443  1  1571.86  3697
O16 	14895.1 	0.18862  1  -2296.03  7768
O16 	14895.1 	0.473719  1  -532.501  5825
O16 	14895.1 	0.250579  1  -4062.4  9516
O16 	14895.1 	0.211877  1  2561.66  2515
O16 	14895.1 	0.203384  1  -2881.6  8239
O16 	14895.1 	0.457112  1  -323.048  5599
O16 	14895.1 	1.05462  1  2529.17  2611
O16 	14895.1 	0.412509  1  4570.69  469
O16 	14895.1 	2.6026  1  -1200.86  6542
O16 	14895.1 	0.226841  1  244.282  4826
O16 	14895.1 	0.238267  1  26.4538  5061
O16 	14895.1 	0.188447  1  -1780.17  6988
O16 	14895.1 	0.56566  1  4652.85  378
O16 	14895.1 	0.540801  1  -1578.45  6666
O16 	14895.1 	0.265415  1  632.158  4600
O16 	14895.1 	0.299468  1  4.20509  5168
O16 	14895.1 	0.340911  1  -4974.61  10505
O16 	14895.1 	0.258347  1  -4863.33  10257
O16 	14895.1 	0.193382  1  328.811  4935
O16 	14895.1 	0.289575  1  -3566.09  9053
O16 	14895.1 	0.374206  1  693.661  4476
O16 	14895.1 	0.225967  1  -3931.27  9250
O16 	14895.1 	0.34797  1  -3469.22  8817
O16 	14895.1 	0.217504  1  2622.24  2520
O16 	14895.1 	0.211648  1  164.663  4990
O16 	14895.1 	1.01906  1  -1192.12  6479
O16 	14895.1 	0.692693  1  -3281.92  8669
O16 	14895.1 	2.22009  1  2734.97  2402
O16 	14895.1 	0.223101  1  223.589  5112
O16 	14895.1 	0.188987  1  1830.95  3317
O16 	14895.1 	0.264943  1  3826.49  1149
O16 	14895.1 	0.497834  1  995.29  4251
O16 	14895.1 	0.284327  1  950.064  4198
O16 	14895.1 	0.304815  1  3958.26  1135
O16 	14895.1 	0.73678  1  -1583.39  6875
O16 	14895.1 	1.41877  1  -1180.45  6400
O16 	14895.1 	0.55998  1  -3244.42  8712
O16 	14895.1 	0.225818  1  -1613.81  6955
O16 	14895.1 	0.200433  1  1318.17  3984
O16 	14895.1 	0.252912  1  1662.28  3503
O16 	14895.1 	0.219771  1  -26.794  5343
O16 	14895.1 	0.229379  1  4976.27  25
O16 	14895.1 	0.304045  1  3204.59  1950
O16 	14895.1 	2.05455  1  3269.45  1833
O16 	14895.1 	0.843345  1  2834.83  2259
O16 	14895.1 	0.193531  1  4686.75  340
O16 	14895.1 	0.240321  1  -1422.94  6698
O16 	14895.1 	0.363387  1  -1434.97  6745
O16 	14895.1 	0.311289  1  6.64106  5279
O16 	14895.1 	0.246559  1  3417.71  1697
O16 	14895.1 	0.21602  1  -413.622  5657
O16 	14895.1 	0.310331  1  4146.76  924
O16 	14895.1 	0.529309  1  -230.763  5484
O16 	14895.1 	0.206805  1  2866.6  2234
O16 	14895.1 	0.211214  1  21.6351  5328
O16 	14895.1 	0.304024  1  -4122.14  9712
O16 	14895.1 	0.554662  1  -400.793  5678
O16 	14895.1 	0.194391  1  -2422.16  7713
O16 	14895.1 	0.272564  1  390.22  4793
O16 	14895.1 	0.212794  1  -3311.59  8550
O16 	14895.1 	0.29299  1  2422.5  2716
O16 	14895.1 	0.197363  1  4963.82  41
O16 	14895.1 	0.408602  1  2238.55  2947
O16 	14895.1 	0.188764  1  -118.443  5422
O16 	14895.1 	0.53375  1  2533.18  2558
O16 	14895.1 	0.545077  1  -2089.07  7408
O16 	14895.1 	0.191171  1  955.566  4302
O16 	14895.1 	0.275793  1  2405.25  2636
O16 	14895.1 	0.481072  1  -753.243  6005
O16 	14895.1 	0.358864  1  4558.64  460
O16 	14895.1 	0.293642  1  4572.03  454
O16 	14895.1 	0.277463  1  -12.5236  5197
O16 	14895.1 	0.192649  1  -2425.21  7743
O16 	14895.1 	0.373907  1  -1138.6  6468
O16 	14895.1 	0.864837  1  1870.97  3330
O16 	14895.1 	1.43998  1  -3103.22  8390
O16 	14895.1 	2.61696  1  1494.26  3698
O16 	14895.1 	0.299448  1  281.176  5075
O16 	14895.1 	0.268115  1  -4371.02  10024
O16 	14895.1 	0.421333  1  105.168  5106
O16 	14895.1 	0.26737  1  -854.496  6134
O16 	14895.1 	0.307293  1  4829.71  164
O16 	14895.1 	0.264276  1  1119.83  4137
O16 	14895.1 	0.535606  1  -931.462  6248
O16 	14895.1 	0.202464  1  769.237  4451
O16 	14895.1 	0.289842  1  650.746  4554
O16 	14895.1 	0.41637  1  -3619.01  9055
O16 	14895.1 	0.357995  1  -359.524  5763
O16 	14895.1 	0.269522  1  376.614  4807
O16 	14895.1 	0.191132  1  -4281.13  9637
O16 	14895.1 	0.196174  1  123.154  5050
O16 	14895.1 	5.19645  1  -363.676  5631
O16 	14895.1 	0.358893  1  -223.045  5623
O16 	14895.1 	0.193981  1  1924.82  3196
O16 	14895.1 	0.289125  1  -4316.09  9769
O16 	14895.1 	2.22279  1  1106.34  4061
O16 	14895.1 	0.227786  1  4693.25  306
O16 	14895.1 	1.76423  1  3076.83  2018
O16 	14895.1 	0.236835  1  -3747.61  9134
O16 	14895.1 	0.307808  1  -4350.05  9903
O16 	14895.1 	0.282328  1  4244.24  792
O16 	14895.1 	0.308102  1  2125.77  3002
O16 	14895.1 	0.575651  1  3724.28  1326
O16 	14895.1 	2.03009  1  4500.34  501
O16 	14895.1 	0.303773  1  3928.94  1136
O16 	14895.1 	0.237139  1  -700.032  5949
O16 	14895.1 	0.589118  1  3659.55  1379
O16 	14895.1 	0.227542  1  912.222  4287
O16 	14895.1 	0.603207  1  -2486.08  7682
O16 	14895.1 	0.210977  1  -1007.68  6277
O16 	14895.1 	0.200363  1  60.355  5103
O16 	14895.1 	0.288205  1  -4521.16  10031
O16 	14895.1 	0.329627  1  -2452.47  7877
O16 	14895.1 	2.50715  1  -2536.81  7938
O16 	14895.1 	0.303191  1  2626.18  2470
O16 	14895.1 	0.978344  1  -929.131  6419
O16 	14895.1 	0.20496  1  4913.06  103
O16 	14895.1 	0.222909  1  4669.72  408
O16 	14895.1 	0.225711  1  -4556.99  10130
O16 	14895.1 	0.216889  1  -2608.81  7977
O16 	14895.1 	0.258805  1  140.036  5035
O16 	14895.1 	0.220508  1  -3278.79  8629
O16 	14895.1 	2.68325  1  -4291.24  9832
O16 	14895.1 	0.444174  1  -4547.96  9857
O16 	14895.1 	0.988616  1  4444.18  581
O16 	14895.1 	0.21926  1  4889.63  118
O16 	14895.1 	0.21788  1  4187.97  828
O16 	14895.1 	0.380001  1  -3856.79  9268
O16 	14895.1 	2.60371  1  -871.222  6202
O16 	14895.1 	0.217672  1  3260.33  1831
O16 	14895.1 	4.01653  1  2098.66  3104
O16 	14895.1 	0.218995  1  1467.88  3778
O16 	14895.1 	0.246564  1  -1669.91  7029
O16 	14895.1 	0.256273  1  -4812.24  10326
O16 	14895.1 	1.25064  1  -470.111  5774
O16 	14895.1 	0.392298  1  1291.47  3775
O16 	14895.1 	0.32081  1  1836.48  3259
O16 	14895.1 	0.261794  1  -4633.79  9889
O16 	14895.1 	0.889712  1  -1310.5  6710
O16 	14895.1 	0.234811  1  -685.932  5897
O16 	14895.1 	0.285574  1  -4381.97  9783
O16 	14895.1 	0.787214  1  -602.045  5841
O16 	14895.1 	0.232078  1  4954.78  54
O16 	14895.1 	0.362364  1  -534.546  5856
O16 	14895.1 	0.301082  1  -4870.47  10246
O16 	14895.1 	0.237778  1  -3064.99  8428
O16 	14895.1 	0.299453  1  2115.78  3007
O16 	14895.1 	0.671769  1  -4310.89  9909
O16 	14895.1 	0.645472  1  1277.42  3972
O16 	14895.1 	0.333851  1  4496.48  523
O16 	14895.1 	0.234989  1  -2079.98  7527
O16 	14895.1 	0.370618  1  -201.729  5486
O16 	14895.1 	0.763098  1  -1488.08  6748
O16 	14895.1 	0.239288  1  4712.55  288
O16 	14895.1 	0.347671  1  -2947.9  8288
O16 	14895.1 	0.417994  1  588.334  4669
O16 	14895.1 	0.217666  1  -2563.09  7690
O16 	14895.1 	0.222539  1  -3269.64  8454
O16 	14895.1 	0.25463  1  -1115.08  6333
O16 	14895.1 	0.392571  1  4356.14  688
O16 	14895.1 	2.04799  1  1223.91  3862
O16 	14895.1 	0.207367  1  1474.78  3646
O16 	14895.1 	0.492504  1  -119.74  5274
O16 	14895.1 	0.327612  1  -2823.29  8291
O16 	14895.1 	0.317722  1  3805.11  1271
O16 	14895.1 	0.299544  1  152.158  5120
O16 	14895.1 	0.298285  1  -533.635  5762
O16 	14895.1 	0.462856  1  2659.55  2553
O16 	14895.1 	0.393448  1  188.991  5077
O16 	14895.1 	0.342553  1  -1361.7  6659
O16 	14895.1 	0.266526  1  -3063.35  8401
O16 	14895.1 	1.04986  1  227.922  5014
O16 	14895.1 	0.848481  1  -4747.71  10178
O16 	14895.1 	1.00792  1  4748.57  257
O16 	14895.1 	0.19166  1  2489.88  2621
O16 	14895.1 	0.195498  1  3031.32  1995
O16 	14895.1 	0.283949  1  -4990.24  10612
O16 	14895.1 	0.351498  1  3598.14  1469
O16 	14895.1 	0.491576  1  2731.36  2374
O16 	14895.1 	0.242209  1  37.7854  5178
O16 	14895.1 	0.248226  1  -2578.78  7919
O16 	14895.1 	0.397323  1  -4291.44  9679
O16 	14895.1 	0.242349  1  -595.2  5719
O16 	14895.1 	0.274347  1  3065.09  2079
O16 	14895.1 	0.190005  1  -3831.12  9253
O16 	14895.1 	1.40723  1  1572  3712
O16 	14895.1 	0.286054  1  4189.67  852
O16 	14895.1 	0.301214  1  1062.61  4051
O16 	14895.1 	0.635895  1  -3653.39  9116
O16 	14895.1 	0.507219  1  4175.46  778
O16 	14895.1 	0.737412  1  -2011.71  7284
O16 	14895.1 	0.838519  1  -576.216  5750
O16 	14895.1 	5.71592  1  4325.2  726
O16 	14895.1 	0.202714  1  -3643.14  9031
O16 	14895.1 	0.218876  1  3359.68  1696
O16 	14895.1 	0.621405  1  -1940.41  7390
O16 	14895.1 	0.215839  1  1948.65  3238
O16 	14895.1 	0.21499  1  -2436.07  7811
O16 	14895.1 	0.531343  1  -1956.61  7236
O16 	14895.1 	0.259993  1  -810.15  6072
O16 	14895.1 	0.249133  1  1089.69  4095
O16 	14895.1 	0.582964  1  4090.39  907
O16 	14895.1 	0.261552  1  -3909.6  9377
O16 	14895.1 	1.98051  1  -1917.68  7265
O16 	14895.1 	0.22012  1  4508.18  519
O16 	14895.1 	0.208324  1  3361.02  1709
O16 	14895.1 	0.370785  1  1872.57  3309
O16 	14895.1 	0.28419  1  -4163.71  9669
O16 	14895.1 	0.200183  1  532.647  4582
O16 	14895.1 	0.20001  1  2280.47  2866
O16 	14895.1 	0.254538  1  3469.71  1545
O16 	14895.1 	0.287965  1  -4851.07  10174
O16 	14895.1 	0.470391  1  -4159.94  9485
O16 	14895.1 	0.200358  1  -1900.99  7303
O16 	14895.1 	0.445902  1  -1764.16  7195
O16 	14895.1 	0.580201  1  -963.463  6255
O16 	14895.1 	0.188517  1  -4596.21  10024
O16 	14895.1 	1.15243  1  3086.92  1929
O16 	14895.1 	0.282045  1  -1147.67  6448
O16 	14895.1 	0.298318  1  -3546.77  9099
O16 	14895.1 	0.414604  1  -3291.29  8639
O16 	14895.1 	0.451079  1  4453.28  563
O16 	14895.1 	0.382553  1  859.634  4346
O16 	14895.1 	1.60644  1  133.683  4972
O16 	14895.1 	0.578558  1  549.229  4712
O16 	14895.1 	0.306126  1  784.255  4363
O16 	14895.1 	0.321686  1  3572.99  1536
O16 	14895.1 	0.293695  1  3344.09  1773
O16 	14895.1 	0.255752  1  -1476.37  6726
O16 	14895.1 	0.732129  1  -2612.94  7938
O16 	14895.1 	1.50462  1  -3287.77  8498
O16 	14895.1 	0.444275  1  -2463.13  7743
O16 	14895.1 	0.240485  1  -1911.19  7308
O16 	14895.1 	0.449395  1  1970.29  3167
O16 	14895.1 	0.211202  1  3563.9  1474
O16 	14895.1 	0.248893  1  -3392.05  8774
O16 	14895.1 	0.360589  1  -2584.18  7974
O16 	14895.1 	0.190293  1  569.136  4581
O16 	14895.1 	0.320517  1  -2975.7  8225
O16 	14895.1 	0.209956  1  2759.45  2350
O16 	14895.1 	0.256967  1  -1384.36  6677
O16 	14895.1 	0.434159  1  1816.81  3254
O16 	14895.1 	0.330602  1  -604.332  5865
O16 	14895.1 	0.196915  1  3169.59  1862
O16 	14895.1 	0.240671  1  1852.86  3291
O16 	14895.1 	0.297585  1  -2889.14  8327
O16 	14895.1 	0.59216  1  520.029  4737
O16 	14895.1 	0.740949  1  2297.58  2886
O16 	14895.1 	0.299506  1  -3728.23  8978
O16 	14895.1 	0.371558  1  -2175.6  7452
O16 	14895.1 	0.203902  1  -2501.05  7794
O16 	14895.1 	0.634395  1  -4651.82  10127
O16 	14895.1 	0.359046  1  3566.65  1537
O16 	14895.1 	0.406003  1  2106.72  3055
O16 	14895.1 	0.466342  1  597.458  4497
O16 	14895.1 	0.200326  1  -4500.26  10078
O16 	14895.1 	0.290985  1  2944.5  2154
O16 	14895.1 	0.229592  1  -3117.15  8520
O16 	14895.1 	0.317896  1  -612.596  5793
