O16 	14895.1 	0.296128  1  -1664.36  6739
O16 	14895.1 	0.238243  1  430.842  4850
O16 	14895.1 	0.594509  1  1897.09  3273
O16 	14895.1 	0.276889  1  -4621.32  10015
O16 	14895.1 	0.281144  1  -3511.6  8827
O16 	14895.1 	2.35736  1  2262.78  2862
O16 	14895.1 	0.215994  1  -1799.72  6980
O16 	14895.1 	0.217173  1  -1676.45  6978
O16 	14895.1 	0.250274  1  3267.46  1835
O16 	14895.1 	0.194406  1  -4695.57  9979
O16 	14895.1 	0.190627  1  -4009.72  9528
O16 	14895.1 	0.663297  1  225.823  5000
O16 	14895.1 	0.372499  1  4894.4  103
O16 	14895.1 	0.881971  1  -2912.17  8290
O16 	14895.1 	0.340766  1  -937.761  6111
O16 	14895.1 	0.319501  1  1407.15  3792
O16 	14895.1 	0.512181  1  132.969  5013
O16 	14895.1 	0.232376  1  -604.041  5813
O16 	14895.1 	0.430932  1  3763.51  1251
O16 	14895.1 	1.04095  1  2144.62  2971
O16 	14895.1 	0.39905  1  -3416.71  8730
O16 	14895.1 	0.262461  1  417.056  4796
O16 	14895.1 	0.686481  1  -3291.36  8547
O16 	14895.1 	0.347925  1  3364.36  1719
O16 	14895.1 	0.258433  1  3352.69  1694
O16 	14895.1 	0.190001  1  2021.65  3116
O16 	14895.1 	0.198242  1  -432.004  5665
O16 	14895.1 	0.223697  1  -4717.71  9927
O16 	14895.1 	0.201042  1  -1186.65  6501
O16 	14895.1 	0.250728  1  -4357.3  9721
O16 	14895.1 	0.381556  1  -2755.58  8021
O16 	14895.1 	0.26075  1  430.364  4775
O16 	14895.1 	0.332172  1  813.875  4386
O16 	14895.1 	0.371861  1  4437.69  558
O16 	14895.1 	1.53531  1  -369.56  5578
O16 	14895.1 	0.214343  1  -4243.07  9719
O16 	14895.1 	0.74495  1  2868.59  2240
O16 	14895.1 	0.232802  1  -1867.54  7142
O16 	14895.1 	0.222205  1  -1442.57  6581
O16 	14895.1 	0.452001  1  -3267.33  8589
O16 	14895.1 	0.198744  1  -786.971  6176
O16 	14895.1 	1.09916  1  -3053.41  8445
O16 	14895.1 	0.213526  1  -1437.01  6712
O16 	14895.1 	0.270797  1  -712.279  5911
O16 	14895.1 	0.453453  1  -4886.51  10374
O16 	14895.1 	0.676375  1  3706.13  1349
O16 	14895.1 	0.959491  1  992.703  4129
O16 	14895.1 	0.18923  1  -2591.47  7782
O16 	14895.1 	1.03443  1  -2373.33  7798
O16 	14895.1 	0.705561  1  -1660.02  6990
O16 	14895.1 	0.243452  1  -3268.73  8633
O16 	14895.1 	0.300919  1  -1867.59  7099
O16 	14895.1 	0.969438  1  -2797.18  8098
O16 	14895.1 	0.664555  1  -4911.13  10267
O16 	14895.1 	0.544592  1  -1484.03  6683
O16 	14895.1 	0.815657  1  4138.82  956
O16 	14895.1 	0.422897  1  1729.18  3459
O16 	14895.1 	0.304589  1  -961.523  6178
O16 	14895.1 	0.281737  1  2080.94  3021
O16 	14895.1 	0.711985  1  3592.86  1427
O16 	14895.1 	0.240014  1  -153.018  5428
O16 	14895.1 	0.26548  1  -3673.19  9146
O16 	14895.1 	0.196805  1  -4708.73  10168
O16 	14895.1 	0.321503  1  -274.199  5545
O16 	14895.1 	0.219719  1  -306.306  5571
O16 	14895.1 	0.195873  1  280.517  4921
O16 	14895.1 	0.480169  1  -4903.88  10255
O16 	14895.1 	0.256192  1  -3441.64  8759
O16 	14895.1 	0.655753  1  -2161.79  7672
O16 	14895.1 	0.203951  1  2641.04  2521
O16 	14895.1 	0.315088  1  2835.57  2307
O16 	14895.1 	1.01302  1  4847.25  164
O16 	14895.1 	0.200204  1  -796.075  6094
O16 	14895.1 	0.225751  1  3799.53  1266
O16 	14895.1 	0.213305  1  4864.12  138
O16 	14895.1 	0.695332  1  -2935.8  8301
O16 	14895.1 	0.237068  1  -2802.49  8070
O16 	14895.1 	1.12632  1  1786.17  3362
O16 	14895.1 	0.578887  1  4833.14  183
O16 	14895.1 	0.253457  1  -4498.38  10109
O16 	14895.1 	0.265291  1  1625.93  3347
O16 	14895.1 	0.46417  1  -3841.52  9340
O16 	14895.1 	0.249163  1  -4681.57  10070
O16 	14895.1 	0.383706  1  -1775.05  7211
O16 	14895.1 	0.192008  1  1409.34  3779
O16 	14895.1 	0.213716  1  -3853.88  9212
O16 	14895.1 	0.364469  1  -4263.48  9673
O16 	14895.1 	0.249256  1  -1500.51  6883
O16 	14895.1 	0.273203  1  3478.96  1550
O16 	14895.1 	0.188829  1  3635.44  1408
O16 	14895.1 	0.256526  1  52.0122  5073
O16 	14895.1 	0.201575  1  -1805.74  7158
O16 	14895.1 	0.314161  1  3607.2  1498
O16 	14895.1 	0.355703  1  -4018.88  9590
O16 	14895.1 	0.223769  1  -271.04  5448
O16 	14895.1 	0.384793  1  4429.01  620
O16 	14895.1 	0.327813  1  -3512.2  8969
O16 	14895.1 	0.191933  1  -1492.25  6759
O16 	14895.1 	0.762589  1  3762.89  1307
O16 	14895.1 	0.328524  1  3914.65  1139
O16 	14895.1 	1.74429  1  -2064.31  7507
O16 	14895.1 	0.313841  1  -3587.31  9098
O16 	14895.1 	0.236408  1  4195.75  799
O16 	14895.1 	0.321193  1  -1880.99  7192
O16 	14895.1 	0.210733  1  3517.09  1499
O16 	14895.1 	1.25762  1  -2470.92  7822
O16 	14895.1 	0.361748  1  4505.88  549
O16 	14895.1 	0.216861  1  1480.87  3708
O16 	14895.1 	0.358238  1  3759.01  1335
O16 	14895.1 	0.220632  1  2256.62  2796
O16 	14895.1 	0.278424  1  -4447.82  9773
O16 	14895.1 	0.247664  1  -2262.68  7421
O16 	14895.1 	0.38267  1  3496.49  1637
O16 	14895.1 	0.200141  1  1692.41  3520
O16 	14895.1 	0.19524  1  -1772.31  7203
O16 	14895.1 	0.475231  1  -3056.1  8433
O16 	14895.1 	0.310258  1  -1112.38  6365
O16 	14895.1 	0.492295  1  1127.23  4120
O16 	14895.1 	0.575354  1  4688.41  329
O16 	14895.1 	0.192545  1  -934.689  6144
O16 	14895.1 	0.595536  1  -3813.68  9237
O16 	14895.1 	0.189714  1  2573.91  2497
O16 	14895.1 	0.799622  1  4644.85  371
O16 	14895.1 	0.512502  1  2985.69  2162
O16 	14895.1 	0.380583  1  2336.43  2847
O16 	14895.1 	0.86136  1  149.965  5168
O16 	14895.1 	1.20617  1  4179.86  859
O16 	14895.1 	0.279305  1  -753.999  6049
O16 	14895.1 	0.831351  1  -4905.14  10209
O16 	14895.1 	3.69213  1  -1762.85  7104
O16 	14895.1 	1.71875  1  1299.02  3780
O16 	14895.1 	0.239294  1  -1906.35  7222
O16 	14895.1 	0.263513  1  -4534.41  9975
O16 	14895.1 	0.223457  1  -2906.03  8213
O16 	14895.1 	0.308268  1  -1432.23  6690
O16 	14895.1 	0.255967  1  -4049.31  9384
O16 	14895.1 	0.21194  1  1614.06  3626
O16 	14895.1 	0.232787  1  3191.1  1894
O16 	14895.1 	0.402027  1  -3452.72  8752
O16 	14895.1 	0.469975  1  -3062.82  8377
O16 	14895.1 	0.23994  1  2090.22  3007
O16 	14895.1 	0.682417  1  3645.84  1397
O16 	14895.1 	2.22717  1  4802.91  202
O16 	14895.1 	0.226769  1  -2970.88  8388
O16 	14895.1 	0.440781  1  -4946.38  10404
O16 	14895.1 	0.237632  1  3333.98  1720
O16 	14895.1 	0.262464  1  -2138.39  7653
O16 	14895.1 	0.253671  1  29.7134  5189
O16 	14895.1 	0.189602  1  3366.96  1658
O16 	14895.1 	0.341218  1  -2041.58  7476
O16 	14895.1 	0.298709  1  4304.35  728
O16 	14895.1 	0.854095  1  190.519  5018
O16 	14895.1 	0.231988  1  -2769.8  8188
O16 	14895.1 	0.218451  1  4381.61  680
O16 	14895.1 	0.386961  1  3364.2  1730
O16 	14895.1 	0.571951  1  -1234.54  6642
O16 	14895.1 	0.219659  1  967.167  4133
O16 	14895.1 	0.203528  1  -3678.02  9193
O16 	14895.1 	1.10717  1  2318.22  2855
O16 	14895.1 	0.282206  1  -3769.85  9125
O16 	14895.1 	0.224439  1  -3180.34  8574
O16 	14895.1 	0.20195  1  484.558  4664
O16 	14895.1 	0.217261  1  4661.92  369
O16 	14895.1 	0.221901  1  1055.84  4099
O16 	14895.1 	0.502217  1  -1290.75  6528
O16 	14895.1 	0.623067  1  -581.34  5859
O16 	14895.1 	0.643296  1  -1027.53  6239
O16 	14895.1 	0.247251  1  2524.31  2594
O16 	14895.1 	0.283817  1  1136.49  4027
O16 	14895.1 	0.21468  1  -508.852  5741
O16 	14895.1 	0.766778  1  -1953.82  7309
O16 	14895.1 	0.278044  1  472.764  4732
O16 	14895.1 	0.234801  1  -3783.33  9097
O16 	14895.1 	0.494435  1  -642.307  5972
O16 	14895.1 	0.500528  1  3124.12  1950
O16 	14895.1 	0.23057  1  -56.119  5351
O16 	14895.1 	0.545223  1  -326.23  5660
O16 	14895.1 	0.362885  1  2192.89  3009
O16 	14895.1 	0.546083  1  -4593.66  10140
O16 	14895.1 	0.195869  1  -2235.99  7596
O16 	14895.1 	0.424592  1  -1042.12  6363
O16 	14895.1 	0.375479  1  -3409.21  8913
O16 	14895.1 	0.203055  1  799.343  4372
O16 	14895.1 	0.231753  1  -1641.35  6967
O16 	14895.1 	0.238654  1  1642.12  3573
O16 	14895.1 	0.385686  1  3909.74  1102
O16 	14895.1 	0.404969  1  2040.96  3043
O16 	14895.1 	0.965625  1  -3612.23  9009
O16 	14895.1 	2.51186  1  3743  1312
O16 	14895.1 	0.318586  1  -4783.02  10223
O16 	14895.1 	0.248871  1  -562.753  5800
O16 	14895.1 	0.422819  1  -2573.9  7922
O16 	14895.1 	0.30899  1  -1981.15  7167
O16 	14895.1 	0.433297  1  -3021.99  8266
O16 	14895.1 	0.785345  1  -4371.86  9815
O16 	14895.1 	0.337214  1  4244.62  802
O16 	14895.1 	0.707001  1  856.679  4253
O16 	14895.1 	0.224336  1  -124.104  5374
O16 	14895.1 	0.568771  1  -36.8161  5289
O16 	14895.1 	0.22883  1  1475.08  3754
O16 	14895.1 	1.18562  1  315.923  4906
O16 	14895.1 	0.363288  1  -4963.46  10374
O16 	14895.1 	0.365635  1  -2744.48  7940
O16 	14895.1 	0.366345  1  -2337.96  7473
O16 	14895.1 	0.203251  1  1063.87  4068
O16 	14895.1 	0.20706  1  -1355.46  6702
O16 	14895.1 	0.706991  1  -4655.66  10032
O16 	14895.1 	0.305038  1  -1921.8  7401
O16 	14895.1 	0.315721  1  -1538.9  6789
O16 	14895.1 	0.556787  1  1744.11  3427
O16 	14895.1 	0.402702  1  524.888  4680
O16 	14895.1 	0.633486  1  2519.46  2606
O16 	14895.1 	0.207552  1  -4614.23  10134
O16 	14895.1 	0.212881  1  -504.607  5629
O16 	14895.1 	0.222255  1  215.678  4958
O16 	14895.1 	0.216562  1  1434.3  3757
O16 	14895.1 	0.191884  1  -2071.2  7399
O16 	14895.1 	0.203987  1  -4522.04  9759
O16 	14895.1 	0.440835  1  327.755  4895
O16 	14895.1 	0.238567  1  2571.48  2536
O16 	14895.1 	0.560757  1  1387.58  3745
O16 	14895.1 	0.205112  1  1499.64  3688
O16 	14895.1 	1.78817  1  4299.51  740
O16 	14895.1 	0.496552  1  -1348.16  6728
O16 	14895.1 	0.231594  1  -1174.3  6509
O16 	14895.1 	0.226454  1  -1142.04  6273
O16 	14895.1 	0.563797  1  855.231  4372
O16 	14895.1 	0.493245  1  -1832.81  7137
O16 	14895.1 	0.542272  1  -2414.05  7865
O16 	14895.1 	0.197229  1  392.189  4853
O16 	14895.1 	0.261274  1  -1061.65  6375
O16 	14895.1 	0.472004  1  4799.59  206
O16 	14895.1 	0.268185  1  -1914.04  7029
O16 	14895.1 	0.426161  1  -4519.28  9891
O16 	14895.1 	0.282245  1  4678.36  348
O16 	14895.1 	0.245625  1  -4204.01  9608
O16 	14895.1 	0.32657  1  -4207.98  9542
O16 	14895.1 	0.381088  1  -976.442  6270
O16 	14895.1 	0.198508  1  -4696.71  9952
O16 	14895.1 	0.209403  1  3046.17  2006
O16 	14895.1 	0.329778  1  -3328.94  8610
O16 	14895.1 	0.296337  1  -4456.95  10076
O16 	14895.1 	0.19453  1  -2222.59  7394
O16 	14895.1 	0.568077  1  461.133  4614
O16 	14895.1 	0.223362  1  -4768.27  10383
O16 	14895.1 	0.248081  1  -2252.4  7480
O16 	14895.1 	0.270719  1  -3764.99  9352
O16 	14895.1 	0.501443  1  3171.27  1925
O16 	14895.1 	0.199541  1  2499.77  2579
O16 	14895.1 	0.210792  1  273.986  4971
O16 	14895.1 	0.307473  1  3838.36  1205
O16 	14895.1 	0.221191  1  -128.608  5347
O16 	14895.1 	0.217079  1  -2490.71  7857
O16 	14895.1 	0.199561  1  -3440.16  8595
O16 	14895.1 	0.272599  1  -1398.67  6702
O16 	14895.1 	0.458123  1  -3366.83  8792
O16 	14895.1 	0.311135  1  394.358  4805
O16 	14895.1 	0.343932  1  1774.39  3401
O16 	14895.1 	0.219907  1  1891.61  3299
O16 	14895.1 	0.19573  1  -60.0755  5272
O16 	14895.1 	0.424637  1  -104.401  5387
O16 	14895.1 	0.272238  1  4194.15  820
O16 	14895.1 	0.901794  1  -3012.08  8347
O16 	14895.1 	0.280735  1  4639.91  387
O16 	14895.1 	0.211915  1  -2914.55  8170
O16 	14895.1 	1.44534  1  270.928  5024
O16 	14895.1 	0.241923  1  3932.58  1138
O16 	14895.1 	1.79279  1  4612.24  437
O16 	14895.1 	0.308014  1  4293.59  768
O16 	14895.1 	0.51517  1  4203.04  871
O16 	14895.1 	0.374647  1  -987.115  6162
O16 	14895.1 	0.916894  1  1834.39  3349
O16 	14895.1 	0.556855  1  2029.59  3062
O16 	14895.1 	0.620813  1  -938.983  6242
O16 	14895.1 	0.233901  1  2824.88  2281
O16 	14895.1 	0.209972  1  -3943.45  9391
O16 	14895.1 	0.234561  1  1885.32  3133
O16 	14895.1 	0.273682  1  903.188  4300
O16 	14895.1 	0.275715  1  2961.27  2101
O16 	14895.1 	0.351152  1  -3121.62  8614
O16 	14895.1 	0.373444  1  -2602.9  8018
O16 	14895.1 	0.535405  1  2610.04  2553
O16 	14895.1 	0.31704  1  1824.22  3243
O16 	14895.1 	0.652672  1  2849.88  2270
O16 	14895.1 	0.714136  1  -1512.81  6858
O16 	14895.1 	0.581199  1  -2470.91  7776
O16 	14895.1 	0.541887  1  -4634.47  9966
O16 	14895.1 	0.279413  1  -2130.71  7434
O16 	14895.1 	0.291249  1  2150.95  3024
O16 	14895.1 	0.707811  1  -186.857  5333
O16 	14895.1 	0.294677  1  -2135.01  7323
O16 	14895.1 	0.414268  1  2677.88  2479
O16 	14895.1 	0.774244  1  2226.95  2846
O16 	14895.1 	0.242842  1  4043.44  980
O16 	14895.1 	0.297773  1  1731.39  3376
O16 	14895.1 	0.52078  1  3845.49  1198
O16 	14895.1 	0.19003  1  -1185.15  6597
O16 	14895.1 	1.26564  1  -4060.98  9195
O16 	14895.1 	0.958987  1  2793.86  2385
O16 	14895.1 	0.332568  1  2954.09  2188
O16 	14895.1 	5.64698  1  -3034.23  8237
O16 	14895.1 	0.238839  1  -3719.13  9100
O16 	14895.1 	0.294186  1  2642.41  2493
O16 	14895.1 	0.704185  1  -1315.74  6593
O16 	14895.1 	0.235476  1  3639.29  1383
O16 	14895.1 	0.503453  1  -4309.37  9657
O16 	14895.1 	0.422557  1  -1599.15  6922
O16 	14895.1 	0.300579  1  1204.08  3934
O16 	14895.1 	1.0914  1  -1500.13  6828
O16 	14895.1 	1.16879  1  601.658  4682
O16 	14895.1 	0.396665  1  -1886.98  7163
O16 	14895.1 	0.243807  1  -1743.67  6932
O16 	14895.1 	0.730873  1  2076.35  3032
O16 	14895.1 	1.10573  1  3663.44  1347
O16 	14895.1 	0.190978  1  932.516  4141
O16 	14895.1 	0.325505  1  3981.66  1036
O16 	14895.1 	1.78536  1  -1217.77  6570
O16 	14895.1 	0.237794  1  -1931.98  7184
O16 	14895.1 	0.196644  1  4357.4  675
O16 	14895.1 	0.191622  1  3272.04  1812
O16 	14895.1 	0.259917  1  4164.74  857
O16 	14895.1 	0.237631  1  -3366.91  8739
O16 	14895.1 	0.231587  1  4220.35  752
O16 	14895.1 	0.489861  1  -123.159  5372
O16 	14895.1 	0.261977  1  -3800.63  9150
O16 	14895.1 	0.370143  1  1897.98  3216
O16 	14895.1 	0.795656  1  3918.13  1186
O16 	14895.1 	0.272446  1  1401.19  3801
O16 	14895.1 	0.291273  1  1293.27  3848
O16 	14895.1 	0.470471  1  545.533  4571
O16 	14895.1 	0.766991  1  -4326.2  9823
O16 	14895.1 	0.798773  1  45.3369  5168
O16 	14895.1 	0.189573  1  1486.05  3817
O16 	14895.1 	0.193258  1  -852.857  6070
O16 	14895.1 	0.232562  1  3071.3  1983
O16 	14895.1 	0.588442  1  -3287.06  8657
O16 	14895.1 	0.233344  1  -3580.34  8970
O16 	14895.1 	0.765894  1  3026.84  2037
O16 	14895.1 	1.42035  1  -1185.35  6302
O16 	14895.1 	0.405172  1  -565.866  5891
O16 	14895.1 	1.24324  1  -1403.39  6822
O16 	14895.1 	0.359942  1  -747.038  6027
O16 	14895.1 	1.56374  1  2826.79  2351
O16 	14895.1 	0.26568  1  2514.67  2700
O16 	14895.1 	0.279146  1  1906.34  3316
O16 	14895.1 	0.337229  1  50.2945  5217
O16 	14895.1 	0.586036  1  3708.91  1309
O16 	14895.1 	0.239703  1  4900.2  114
O16 	14895.1 	0.534513  1  -515.688  5897
O16 	14895.1 	0.385319  1  1473.37  3699
O16 	14895.1 	0.254025  1  -1384.48  6585
O16 	14895.1 	0.220221  1  3398.27  1685
O16 	14895.1 	0.216737  1  135.297  5082
O16 	14895.1 	0.634204  1  642.835  4538
O16 	14895.1 	0.189244  1  4359.73  614
O16 	14895.1 	0.213141  1  4595.55  463
O16 	14895.1 	0.255256  1  1247.78  3979
O16 	14895.1 	0.253732  1  -3577.43  8944
O16 	14895.1 	1.29841  1  2608.43  2474
O16 	14895.1 	0.293154  1  -4664.43  10001
O16 	14895.1 	0.397947  1  2955.14  2109
O16 	14895.1 	0.391776  1  -579.742  5726
O16 	14895.1 	0.248096  1  -4535.42  9985
O16 	14895.1 	0.35306  1  -4823.25  10246
O16 	14895.1 	0.333443  1  3023.9  1966
O16 	14895.1 	0.392318  1  4935.97  81
O16 	14895.1 	0.288649  1  4716.18  311
O16 	14895.1 	0.433878  1  439.792  4816
O16 	14895.1 	1.54041  1  1220.1  3980
O16 	14895.1 	0.35668  1  4415.57  611
O16 	14895.1 	0.606506  1  -4925.95  10661
O16 	14895.1 	1.85981  1  1214.92  3825
O16 	14895.1 	1.19823  1  497.698  4626
O16 	14895.1 	0.67416  1  -1068.92  6347
O16 	14895.1 	0.254393  1  4182.89  828
O16 	14895.1 	0.579866  1  1428.67  3751
O16 	14895.1 	0.371671  1  738.823  4487
O16 	14895.1 	0.544363  1  2699.08  2373
O16 	14895.1 	3.06967  1  3415.48  1698
O16 	14895.1 	0.188211  1  3822.01  1179
O16 	14895.1 	0.226726  1  19.5844  5211
O16 	14895.1 	0.502106  1  2549.18  2460
O16 	14895.1 	0.282364  1  -2857.47  8209
O16 	14895.1 	0.80227  1  3971.55  1058
O16 	14895.1 	0.463218  1  -4082.57  9495
O16 	14895.1 	0.200478  1  -3406.58  8752
O16 	14895.1 	0.923994  1  326.026  4940
O16 	14895.1 	0.331659  1  4394.82  666
O16 	14895.1 	0.34022  1  706.089  4360
O16 	14895.1 	0.238062  1  -4191.81  9512
O16 	14895.1 	0.484888  1  -4905.38  10328
O16 	14895.1 	0.293943  1  3356.96  1755
O16 	14895.1 	0.87933  1  1195.29  3927
O16 	14895.1 	0.192857  1  -2205.07  7406
O16 	14895.1 	0.293931  1  -120.675  5352
O16 	14895.1 	0.19805  1  -4114.91  9604
O16 	14895.1 	0.188945  1  2336.16  2741
O16 	14895.1 	0.286498  1  -1266.11  6774
O16 	14895.1 	0.753728  1  4395.11  631
O16 	14895.1 	0.562503  1  -2262.26  7559
O16 	14895.1 	0.492074  1  1230.29  3930
O16 	14895.1 	0.191393  1  -1990.72  7241
O16 	14895.1 	0.197185  1  4760.33  262
O16 	14895.1 	0.362025  1  2914.98  2161
O16 	14895.1 	0.900015  1  -3064.63  8292
O16 	14895.1 	0.316381  1  -1850.18  7079
O16 	14895.1 	0.350585  1  -2355.62  7697
O16 	14895.1 	0.269567  1  2422.07  2720
O16 	14895.1 	0.38194  1  1032.8  4195
O16 	14895.1 	0.318062  1  -2990.68  8235
O16 	14895.1 	0.193971  1  3782.85  1218
O16 	14895.1 	1.59727  1  -2725.84  8062
O16 	14895.1 	0.426833  1  -4751.81  10203
O16 	14895.1 	0.215754  1  -2087.98  7246
O16 	14895.1 	0.225034  1  4630.01  356
O16 	14895.1 	0.20847  1  -3910.45  9301
O16 	14895.1 	0.193  1  430.587  4935
O16 	14895.1 	0.284027  1  3510.9  1516
O16 	14895.1 	0.450837  1  250.549  4965
O16 	14895.1 	0.22144  1  -43.5999  5277
O16 	14895.1 	0.280943  1  -2191.25  7549
O16 	14895.1 	0.556835  1  299.013  4840
O16 	14895.1 	0.254759  1  1711.56  3424
O16 	14895.1 	0.617552  1  4717.71  292
O16 	14895.1 	0.451912  1  -2007.6  7279
O16 	14895.1 	0.703119  1  -1839.76  7177
O16 	14895.1 	0.241614  1  -4681.83  10273
O16 	14895.1 	0.445216  1  -1594.79  6862
O16 	14895.1 	0.354479  1  -1711.37  7041
O16 	14895.1 	0.262768  1  -2450.97  7835
O16 	14895.1 	0.891616  1  -2097.69  7556
O16 	14895.1 	0.191406  1  661.296  4428
O16 	14895.1 	0.202491  1  -2563.04  7872
O16 	14895.1 	0.41796  1  -3031.14  8346
O16 	14895.1 	0.263492  1  -3816.23  9101
O16 	14895.1 	1.1905  1  4886.73  121
O16 	14895.1 	0.410277  1  -3209.13  8460
O16 	14895.1 	0.219295  1  -575.937  5807
O16 	14895.1 	0.343425  1  1189.46  4001
O16 	14895.1 	0.968377  1  -2647.04  8009
O16 	14895.1 	0.20646  1  -4699.01  10019
O16 	14895.1 	1.1054  1  947.424  4255
O16 	14895.1 	0.194214  1  4944.59  53
O16 	14895.1 	0.200179  1  4312.47  775
O16 	14895.1 	0.453404  1  -1718.51  7115
O16 	14895.1 	0.388569  1  4882.37  136
O16 	14895.1 	0.288477  1  -1995.93  7331
O16 	14895.1 	0.195828  1  4651.79  343
O16 	14895.1 	0.234927  1  -1688.68  6901
O16 	14895.1 	0.26978  1  4566.09  432
O16 	14895.1 	0.658408  1  -128.526  5423
O16 	14895.1 	0.200448  1  848.545  4342
O16 	14895.1 	0.29237  1  3307.69  1709
O16 	14895.1 	0.40297  1  -4484.99  10085
O16 	14895.1 	0.277694  1  525.108  4550
O16 	14895.1 	0.365926  1  1174.77  4053
O16 	14895.1 	0.350653  1  3319.56  1779
O16 	14895.1 	0.386107  1  -950.566  6219
O16 	14895.1 	0.207967  1  -514.681  5590
O16 	14895.1 	1.40311  1  -4216.4  9872
O16 	14895.1 	0.46884  1  -2106.1  7331
O16 	14895.1 	0.199657  1  3332.99  1807
O16 	14895.1 	1.87048  1  1511.96  3649
O16 	14895.1 	1.46714  1  -601.236  5703
O16 	14895.1 	0.281354  1  -2167.57  7510
O16 	14895.1 	1.85061  1  538.976  4787
O16 	14895.1 	0.198703  1  4655.45  345
O16 	14895.1 	1.11229  1  4471.55  529
O16 	14895.1 	0.268696  1  3598.58  1420
O16 	14895.1 	0.502943  1  2227.21  2904
O16 	14895.1 	0.193509  1  2340.95  2852
O16 	14895.1 	0.194255  1  -3074.22  8355
O16 	14895.1 	0.229183  1  2334.47  2804
O16 	14895.1 	0.374276  1  -488.641  5706
O16 	14895.1 	0.321117  1  308.598  4962
O16 	14895.1 	0.608705  1  -1491.65  6848
O16 	14895.1 	0.235001  1  -1142.07  6456
O16 	14895.1 	0.202196  1  -3631.21  8997
O16 	14895.1 	0.80219  1  -479.957  5669
O16 	14895.1 	1.02868  1  -4698.63  10114
O16 	14895.1 	0.307491  1  -4338.27  9887
O16 	14895.1 	0.265399  1  -4620.27  10009
O16 	14895.1 	0.454611  1  -1135.63  6458
O16 	14895.1 	0.22859  1  3472  1603
O16 	14895.1 	0.287818  1  -1983.14  7287
O16 	14895.1 	0.777258  1  797.763  4336
O16 	14895.1 	1.12199  1  1815.23  3371
O16 	14895.1 	0.230376  1  -4302.82  9752
O16 	14895.1 	0.554308  1  2257.72  2954
O16 	14895.1 	0.96008  1  2152.84  2993
O16 	14895.1 	0.516864  1  -344.545  5680
O16 	14895.1 	1.88201  1  2551.06  2590
O16 	14895.1 	0.202302  1  -3092.52  8333
O16 	14895.1 	0.416122  1  1904.52  3233
O16 	14895.1 	0.353258  1  -4669.6  10146
O16 	14895.1 	0.195669  1  -2213.01  7542
O16 	14895.1 	0.966637  1  4965.31  34
O16 	14895.1 	0.198248  1  -4666.97  10030
O16 	14895.1 	0.457144  1  -1024.19  6391
O16 	14895.1 	0.441239  1  73.4077  5134
O16 	14895.1 	0.620237  1  4773.44  225
O16 	14895.1 	4.15171  1  4352.11  685
O16 	14895.1 	3.30754  1  1878.29  3188
O16 	14895.1 	0.353979  1  -2158.93  7518
O16 	14895.1 	0.227171  1  -858.746  6102
O16 	14895.1 	0.524764  1  225.488  4868
O16 	14895.1 	0.478367  1  154.513  5056
O16 	14895.1 	0.888924  1  -4365.46  9715
O16 	14895.1 	0.33712  1  -12.2592  5286
O16 	14895.1 	0.244883  1  -2273.89  7642
O16 	14895.1 	0.309376  1  1282.85  3889
O16 	14895.1 	0.58211  1  -1076.07  6368
O16 	14895.1 	0.450611  1  3056.71  2084
O16 	14895.1 	0.307951  1  2795.14  2343
O16 	14895.1 	0.376099  1  -1889.5  7119
O16 	14895.1 	0.272047  1  -695.107  5924
O16 	14895.1 	0.459965  1  -3677.98  9105
O16 	14895.1 	1.60598  1  4677.98  381
O16 	14895.1 	0.28739  1  -816.894  6104
O16 	14895.1 	0.19047  1  -3301.33  8765
O16 	14895.1 	0.214906  1  -727.25  5884
O16 	14895.1 	0.219942  1  -3654.82  8973
O16 	14895.1 	0.784358  1  42.5251  5120
O16 	14895.1 	0.205924  1  2689.7  2422
O16 	14895.1 	0.217419  1  4055.14  995
O16 	14895.1 	0.545211  1  -1565.38  6908
O16 	14895.1 	0.20045  1  4793.47  219
O16 	14895.1 	0.255672  1  4899.71  108
O16 	14895.1 	0.201144  1  -3455.45  8630
O16 	14895.1 	0.32117  1  -818.639  6080
O16 	14895.1 	0.299095  1  -4406.67  9948
O16 	14895.1 	0.265315  1  -1250.48  6515
O16 	14895.1 	0.377326  1  4706.01  294
O16 	14895.1 	0.571884  1  3316.54  1760
O16 	14895.1 	0.268593  1  -3889.02  9246
O16 	14895.1 	0.364595  1  -1941.67  7306
O16 	14895.1 	0.455591  1  4356.67  661
O16 	14895.1 	0.229472  1  2683.03  2420
O16 	14895.1 	0.309421  1  -245.669  5514
O16 	14895.1 	0.271733  1  4215.59  805
O16 	14895.1 	0.31025  1  -4802.16  10239
O16 	14895.1 	0.284095  1  -933.725  6232
O16 	14895.1 	0.400117  1  3560.61  1506
O16 	14895.1 	0.435503  1  2147.83  2964
O16 	14895.1 	0.284864  1  -1987.73  7298
O16 	14895.1 	0.574169  1  554.656  4602
O16 	14895.1 	0.344145  1  2704.98  2313
O16 	14895.1 	0.620679  1  2891.79  2136
O16 	14895.1 	0.246792  1  314.453  4990
O16 	14895.1 	0.217776  1  -4234.23  9796
O16 	14895.1 	0.276804  1  -2959.9  8405
O16 	14895.1 	0.225649  1  3027.11  2027
O16 	14895.1 	0.201306  1  -4701.11  9948
O16 	14895.1 	0.655721  1  -4589.57  10053
O16 	14895.1 	0.437458  1  1495.55  3614
O16 	14895.1 	0.315415  1  -718.863  6083
O16 	14895.1 	0.194108  1  -455.062  5848
O16 	14895.1 	0.209881  1  -2205.22  7438
O16 	14895.1 	0.244843  1  2803.67  2218
O16 	14895.1 	0.195389  1  4495.45  569
O16 	14895.1 	0.32447  1  1261.03  3899
O16 	14895.1 	0.384129  1  437.396  4884
O16 	14895.1 	0.380269  1  1108.77  3920
O16 	14895.1 	0.450526  1  -4512.47  9868
O16 	14895.1 	0.251456  1  4964.47  38
O16 	14895.1 	0.649046  1  2955.55  2139
O16 	14895.1 	0.342586  1  -2662.11  8075
O16 	14895.1 	1.11715  1  819.659  4350
O16 	14895.1 	0.669446  1  4872.75  133
O16 	14895.1 	0.229531  1  -3738.11  9096
O16 	14895.1 	0.437752  1  -4518.68  9929
O16 	14895.1 	0.866896  1  -3446.41  8791
O16 	14895.1 	0.337705  1  -4492.51  9914
O16 	14895.1 	0.214054  1  2554.14  2537
O16 	14895.1 	0.313891  1  -2322.54  7619
O16 	14895.1 	0.596617  1  -461.693  5745
O16 	14895.1 	0.555024  1  -2133.5  7384
O16 	14895.1 	0.764271  1  3166.6  1920
O16 	14895.1 	0.281181  1  -1407.7  6720
O16 	14895.1 	1.27497  1  4754.06  247
O16 	14895.1 	0.21422  1  -1303.75  6550
O16 	14895.1 	0.354916  1  -3949.73  9466
O16 	14895.1 	1.75714  1  3204.63  1902
O16 	14895.1 	0.38332  1  -99.9211  5387
O16 	14895.1 	0.240797  1  3308.79  1845
O16 	14895.1 	2.45592  1  -1527.04  6830
O16 	14895.1 	0.359715  1  -1934.71  7113
O16 	14895.1 	0.958326  1  4407.39  634
O16 	14895.1 	0.753397  1  4342.89  719
O16 	14895.1 	0.340367  1  -4449  10110
O16 	14895.1 	0.18936  1  -1016.87  6221
O16 	14895.1 	0.192465  1  1665.92  3507
O16 	14895.1 	0.54687  1  243.021  4998
O16 	14895.1 	0.315848  1  -652.591  5929
O16 	14895.1 	0.217609  1  -520.174  5810
O16 	14895.1 	0.395344  1  -1744.82  7066
O16 	14895.1 	0.23412  1  -3986.31  9384
O16 	14895.1 	0.250905  1  1727.77  3452
O16 	14895.1 	0.221752  1  -4384.42  9908
O16 	14895.1 	0.189933  1  -1279.02  6523
O16 	14895.1 	0.3692  1  -580.894  5835
O16 	14895.1 	0.315016  1  536.986  4742
O16 	14895.1 	0.567016  1  -3879.26  9504
O16 	14895.1 	0.934394  1  -2988.75  8366
O16 	14895.1 	0.271693  1  -3249.88  8620
O16 	14895.1 	0.328117  1  -2928.95  8191
O16 	14895.1 	0.377971  1  -3891.56  9202
O16 	14895.1 	0.458234  1  303.835  4964
O16 	14895.1 	0.241871  1  3737.83  1357
O16 	14895.1 	0.189177  1  -3074.05  8408
O16 	14895.1 	0.435606  1  -1093.44  6485
O16 	14895.1 	0.273687  1  -1321.43  6591
O16 	14895.1 	0.520384  1  2014.19  3104
O16 	14895.1 	0.874696  1  2844.52  2328
O16 	14895.1 	0.374162  1  -4681.21  10162
O16 	14895.1 	0.200667  1  887.193  4268
O16 	14895.1 	0.257455  1  -4803.09  10154
O16 	14895.1 	0.447586  1  -212.041  5565
O16 	14895.1 	0.275938  1  176.264  4883
O16 	14895.1 	0.223538  1  -4358.07  9514
O16 	14895.1 	1.31044  1  1703  3489
O16 	14895.1 	0.244264  1  -3917.51  9264
O16 	14895.1 	0.228983  1  340.486  4889
O16 	14895.1 	0.242608  1  -4950.75  10523
O16 	14895.1 	0.523731  1  1555.64  3706
O16 	14895.1 	0.619763  1  -921.446  6210
O16 	14895.1 	0.204577  1  2029.9  3098
O16 	14895.1 	0.233851  1  -528.011  5761
O16 	14895.1 	0.559609  1  -1587.89  6942
O16 	14895.1 	0.317502  1  -1646.57  6852
O16 	14895.1 	2.69932  1  -3426.48  8871
O16 	14895.1 	0.415351  1  3603.5  1443
O16 	14895.1 	0.29524  1  1382.89  3750
O16 	14895.1 	0.329229  1  1121.66  4045
O16 	14895.1 	0.195972  1  -1714.55  6991
O16 	14895.1 	0.454882  1  2093.51  3093
O16 	14895.1 	0.878038  1  -2433.83  7571
O16 	14895.1 	0.426366  1  376.184  4969
O16 	14895.1 	1.41679  1  427.825  4764
O16 	14895.1 	1.56067  1  3587.69  1542
O16 	14895.1 	0.215907  1  436.245  4932
O16 	14895.1 	0.333086  1  361.347  4822
O16 	14895.1 	0.483832  1  -2467.06  7639
O16 	14895.1 	0.934126  1  -4912.27  10501
O16 	14895.1 	0.222647  1  -2650.86  8045
O16 	14895.1 	1.07573  1  4857.73  137
O16 	14895.1 	1.20232  1  -3431.41  8727
O16 	14895.1 	0.310931  1  2192.35  2963
O16 	14895.1 	0.26219  1  -2932.55  8398
O16 	14895.1 	0.393721  1  -1131.01  6497
O16 	14895.1 	0.814091  1  -310.859  5539
O16 	14895.1 	0.313395  1  1711.3  3514
O16 	14895.1 	0.25775  1  2273.78  2870
O16 	14895.1 	0.213289  1  -4730.32  10176
O16 	14895.1 	0.188379  1  4469.51  568
O16 	14895.1 	0.212134  1  -1589.91  6818
O16 	14895.1 	0.2466  1  984.599  4138
O16 	14895.1 	0.499514  1  323.006  4914
O16 	14895.1 	0.240357  1  3387.97  1739
O16 	14895.1 	0.271375  1  1049.59  4166
O16 	14895.1 	0.24692  1  -4850.83  10309
O16 	14895.1 	0.349226  1  4301.25  760
O16 	14895.1 	0.242138  1  -1358.77  6610
O16 	14895.1 	0.555694  1  4564.18  445
O16 	14895.1 	0.240022  1  1227.39  4015
O16 	14895.1 	0.770945  1  2962.66  2082
O16 	14895.1 	0.204691  1  -4019.09  9320
O16 	14895.1 	0.263866  1  2074.37  3041
O16 	14895.1 	0.482896  1  531.818  4669
O16 	14895.1 	0.474391  1  -1515.46  6812
O16 	14895.1 	0.687694  1  1494.29  3640
O16 	14895.1 	0.367026  1  -4902.43  10409
O16 	14895.1 	4.15049  1  -143.535  5434
O16 	14895.1 	0.252201  1  4844.83  139
O16 	14895.1 	0.219199  1  -2662.56  7931
O16 	14895.1 	0.324801  1  -4420.21  9818
O16 	14895.1 	0.665657  1  2967.8  2209
O16 	14895.1 	0.197364  1  3383.79  1702
O16 	14895.1 	0.197302  1  -4828.69  10313
O16 	14895.1 	0.277146  1  4723.64  285
O16 	14895.1 	0.440278  1  -4419.3  10005
O16 	14895.1 	1.76018  1  -4524.7  10113
O16 	14895.1 	0.595157  1  -3366.08  8648
O16 	14895.1 	0.219966  1  -4749.59  10247
O16 	14895.1 	0.36035  1  2213.88  2808
O16 	14895.1 	2.07612  1  63.2893  5197
O16 	14895.1 	0.232644  1  2148.11  3023
O16 	14895.1 	0.467522  1  2955.56  2208
O16 	14895.1 	0.285974  1  101.296  5195
O16 	14895.1 	0.779215  1  -2348.6  7711
O16 	14895.1 	0.981267  1  -3677.89  9062
O16 	14895.1 	0.599106  1  477.545  4746
O16 	14895.1 	0.231468  1  -2905.4  8283
O16 	14895.1 	0.228074  1  -346.199  5669
O16 	14895.1 	0.19557  1  1899.02  3236
O16 	14895.1 	0.420686  1  2620.83  2538
O16 	14895.1 	0.707634  1  1080.24  4088
O16 	14895.1 	0.633378  1  3047.28  2028
O16 	14895.1 	0.3225  1  138.93  5076
O16 	14895.1 	0.542337  1  3989.36  1086
O16 	14895.1 	0.202395  1  1250.55  3877
O16 	14895.1 	0.460424  1  -4686.5  10129
O16 	14895.1 	0.228221  1  -1807.31  7049
O16 	14895.1 	0.240534  1  -3780.73  9183
O16 	14895.1 	0.671946  1  3775.68  1284
O16 	14895.1 	0.226694  1  4060.07  963
O16 	14895.1 	0.625245  1  -3869.94  9319
O16 	14895.1 	0.542941  1  4475.6  510
O16 	14895.1 	0.728389  1  -4606.75  10124
O16 	14895.1 	0.900607  1  4633.88  387
O16 	14895.1 	0.192194  1  640.779  4489
O16 	14895.1 	0.601408  1  3657.77  1409
O16 	14895.1 	0.191601  1  -3174.94  8596
O16 	14895.1 	0.2257  1  -694.283  6068
O16 	14895.1 	0.26979  1  2385.65  2757
O16 	14895.1 	0.604775  1  1250.46  3938
O16 	14895.1 	0.263799  1  -1662.14  7049
O16 	14895.1 	0.356056  1  2289.99  2887
O16 	14895.1 	0.344911  1  -96.5723  5335
O16 	14895.1 	0.601548  1  -4034.52  9524
O16 	14895.1 	0.216417  1  1503.69  3793
O16 	14895.1 	3.00534  1  4691.48  309
O16 	14895.1 	0.637888  1  -2784.99  8068
O16 	14895.1 	4.82238  1  -3759.92  9258
O16 	14895.1 	0.267087  1  -4446.64  9799
O16 	14895.1 	0.380636  1  723.359  4492
O16 	14895.1 	0.825207  1  -4173.16  9609
O16 	14895.1 	0.375385  1  -4690.91  10107
O16 	14895.1 	2.74169  1  3914.94  1066
O16 	14895.1 	0.539086  1  -1461.01  6693
O16 	14895.1 	0.758856  1  2047.68  3072
O16 	14895.1 	0.217158  1  -4479  9979
O16 	14895.1 	0.198171  1  -2243.77  7638
O16 	14895.1 	0.410206  1  -401.169  5734
O16 	14895.1 	0.205708  1  777.313  4426
O16 	14895.1 	0.225461  1  -4053.17  9429
O16 	14895.1 	0.302092  1  280.256  4978
O16 	14895.1 	0.206161  1  3759.94  1214
O16 	14895.1 	0.262969  1  43.5207  5158
O16 	14895.1 	0.39205  1  1457.48  3753
O16 	14895.1 	0.198767  1  1803.94  3391
O16 	14895.1 	0.413898  1  -4628.57  10061
O16 	14895.1 	0.447691  1  2702.28  2371
O16 	14895.1 	0.219812  1  -2496.9  7861
O16 	14895.1 	0.210709  1  4324.61  725
O16 	14895.1 	0.201253  1  4656.55  355
O16 	14895.1 	0.447778  1  -4962.97  10313
O16 	14895.1 	0.866778  1  2201.31  2990
O16 	14895.1 	0.24866  1  -3188.65  8578
O16 	14895.1 	0.340157  1  4100.09  907
O16 	14895.1 	0.410891  1  -1602.43  7014
O16 	14895.1 	0.376422  1  2759.66  2312
O16 	14895.1 	0.29166  1  -82.1846  5237
O16 	14895.1 	0.280289  1  826.177  4372
O16 	14895.1 	0.216349  1  2824  2282
O16 	14895.1 	1.1022  1  -844.209  6101
O16 	14895.1 	0.364337  1  -2382.63  7574
O16 	14895.1 	0.211198  1  1781.11  3470
O16 	14895.1 	0.89347  1  3043.19  2088
O16 	14895.1 	0.762403  1  1772.68  3391
O16 	14895.1 	0.21402  1  -3096.45  8625
O16 	14895.1 	0.193802  1  2169.4  2984
O16 	14895.1 	0.473651  1  -4813.36  10257
O16 	14895.1 	0.20938  1  -1608.72  7004
O16 	14895.1 	0.377328  1  -3476.36  9119
O16 	14895.1 	0.214783  1  -4672.26  10224
O16 	14895.1 	0.26711  1  470.505  4739
O16 	14895.1 	0.604993  1  756.111  4420
O16 	14895.1 	0.328867  1  -431.673  5691
O16 	14895.1 	0.332053  1  3956.5  1065
O16 	14895.1 	0.717712  1  2384.01  2697
O16 	14895.1 	0.456047  1  2261.56  2908
O16 	14895.1 	0.244537  1  3663.38  1340
O16 	14895.1 	0.786682  1  -741.839  6036
O16 	14895.1 	0.242449  1  3900.08  1152
O16 	14895.1 	0.335623  1  -1295.6  6698
O16 	14895.1 	1.16029  1  -2569.6  7883
O16 	14895.1 	0.194529  1  1039.49  4115
O16 	14895.1 	0.973603  1  -1897.8  7132
O16 	14895.1 	0.358059  1  -1695.41  7097
O16 	14895.1 	0.898045  1  -3835.07  9115
O16 	14895.1 	0.241391  1  2663.89  2420
O16 	14895.1 	0.191368  1  -2301.75  7632
O16 	14895.1 	0.218166  1  -1182.49  6528
O16 	14895.1 	2.51768  1  4994.3  7
O16 	14895.1 	0.189311  1  -3671.73  9045
O16 	14895.1 	0.194417  1  4230.36  814
O16 	14895.1 	0.581153  1  3857.73  1189
O16 	14895.1 	0.676779  1  4138.2  870
O16 	14895.1 	1.17287  1  1705.9  3444
O16 	14895.1 	0.782318  1  -3858.47  9280
O16 	14895.1 	0.357951  1  -4996.87  10355
O16 	14895.1 	0.35401  1  -1833.74  7158
O16 	14895.1 	0.329583  1  -1485.85  6710
O16 	14895.1 	0.31126  1  -1359.32  6759
O16 	14895.1 	0.196184  1  893.738  4344
O16 	14895.1 	0.326921  1  -3290.04  8550
O16 	14895.1 	0.19369  1  3553.4  1515
O16 	14895.1 	0.281776  1  235.158  5049
O16 	14895.1 	0.252526  1  -1075.64  6378
O16 	14895.1 	1.13104  1  -1175.71  6385
O16 	14895.1 	0.23485  1  2257.49  2801
O16 	14895.1 	0.216348  1  -4086.51  9730
O16 	14895.1 	3.2518  1  -4737.56  10061
O16 	14895.1 	0.507259  1  -3989.77  9517
O16 	14895.1 	0.711308  1  3962.76  1101
O16 	14895.1 	0.426725  1  -603.306  5902
O16 	14895.1 	0.189869  1  -3774.51  9242
O16 	14895.1 	0.42507  1  -3018.67  8469
O16 	14895.1 	0.362745  1  -3262.09  8686
O16 	14895.1 	0.637107  1  -727.874  5992
O16 	14895.1 	0.262007  1  -3429.33  8969
O16 	14895.1 	0.200182  1  -927.08  6167
O16 	14895.1 	0.559968  1  597.31  4651
O16 	14895.1 	0.574655  1  -2506.74  7826
O16 	14895.1 	0.266817  1  3946.77  1133
O16 	14895.1 	0.396416  1  2381.41  2774
O16 	14895.1 	3.42379  1  4903.58  111
O16 	14895.1 	0.197468  1  1634.46  3613
O16 	14895.1 	0.315524  1  3176.68  1900
O16 	14895.1 	0.52433  1  -3941.45  9343
O16 	14895.1 	0.244774  1  -4692.38  10267
O16 	14895.1 	0.242884  1  -1128.82  6511
O16 	14895.1 	0.218761  1  -1748.52  7020
O16 	14895.1 	0.316906  1  -1412.75  6642
O16 	14895.1 	0.304827  1  -4547.94  10119
O16 	14895.1 	0.328217  1  4180.33  877
O16 	14895.1 	0.242636  1  3807.95  1309
O16 	14895.1 	0.232753  1  1919.59  3176
O16 	14895.1 	0.346153  1  -894.905  6214
O16 	14895.1 	0.667136  1  2993.91  2188
O16 	14895.1 	0.334999  1  1175.08  3890
O16 	14895.1 	0.200084  1  3520.67  1552
O16 	14895.1 	0.270853  1  -3547.61  8897
O16 	14895.1 	0.198474  1  2525.21  2601
O16 	14895.1 	0.297028  1  -2861.15  8058
O16 	14895.1 	0.410091  1  1086.37  4108
O16 	14895.1 	0.808371  1  1387.2  3724
O16 	14895.1 	0.221719  1  -2072.81  7567
O16 	14895.1 	0.221745  1  -4003.25  9462
O16 	14895.1 	0.221145  1  1169.75  4121
O16 	14895.1 	0.240204  1  1784.64  3404
O16 	14895.1 	0.269205  1  -2716.05  7896
O16 	14895.1 	0.503943  1  -2480.81  7757
O16 	14895.1 	0.246285  1  -3863.14  9224
O16 	14895.1 	0.336217  1  4947.81  64
O16 	14895.1 	0.475612  1  2959.54  2164
O16 	14895.1 	1.54342  1  -1732.38  7078
O16 	14895.1 	0.62188  1  -4939.62  10437
O16 	14895.1 	0.246071  1  -4287.39  9722
O16 	14895.1 	0.491835  1  3432.73  1643
O16 	14895.1 	0.360107  1  3648.55  1445
O16 	14895.1 	0.326104  1  163.49  5144
O16 	14895.1 	1.00589  1  1047.18  4129
O16 	14895.1 	0.198556  1  -1862.57  7200
O16 	14895.1 	0.497299  1  2278.11  2927
O16 	14895.1 	0.281411  1  3307.05  1822
O16 	14895.1 	0.571397  1  -4319.08  9969
O16 	14895.1 	0.214716  1  -4134.45  9652
O16 	14895.1 	0.519031  1  3490.56  1621
O16 	14895.1 	0.262329  1  -3378.97  8680
O16 	14895.1 	0.243319  1  -1586.93  6809
O16 	14895.1 	0.350377  1  191.369  5011
O16 	14895.1 	0.577664  1  3110.91  1914
O16 	14895.1 	0.681242  1  -3240.32  8647
O16 	14895.1 	0.236274  1  -4831.37  10196
O16 	14895.1 	0.354139  1  3795.21  1255
O16 	14895.1 	0.395711  1  3060.06  2037
O16 	14895.1 	0.414079  1  3369.2  1782
O16 	14895.1 	0.19445  1  -2523.32  7752
O16 	14895.1 	0.224133  1  4107.73  940
O16 	14895.1 	0.217431  1  -1816.13  7075
O16 	14895.1 	0.480103  1  948.607  4148
O16 	14895.1 	2.94466  1  -1411.39  6615
O16 	14895.1 	0.276369  1  -4091.89  9568
O16 	14895.1 	0.332046  1  4658.69  377
O16 	14895.1 	0.361425  1  -701.151  6069
O16 	14895.1 	0.228882  1  938.461  4233
O16 	14895.1 	0.236448  1  -1083.21  6380
O16 	14895.1 	0.19955  1  -1381.85  6693
O16 	14895.1 	0.266261  1  -4522.88  9875
O16 	14895.1 	0.315099  1  -3813.78  9232
O16 	14895.1 	0.892732  1  3032.92  2133
O16 	14895.1 	0.230662  1  3232.61  1852
O16 	14895.1 	0.285246  1  3256.89  1841
O16 	14895.1 	0.484079  1  -4537.58  9930
O16 	14895.1 	0.220659  1  1061.11  4183
O16 	14895.1 	0.309077  1  1444.24  3755
O16 	14895.1 	0.197428  1  1173.52  3982
O16 	14895.1 	0.423051  1  -166.7  5418
O16 	14895.1 	0.407938  1  1882.29  3349
O16 	14895.1 	0.437058  1  2355.85  2797
O16 	14895.1 	0.60382  1  2084.03  3080
O16 	14895.1 	0.425248  1  2300.35  2909
O16 	14895.1 	0.208076  1  4968.97  35
O16 	14895.1 	0.368436  1  -2841.9  8231
O16 	14895.1 	0.630997  1  -1432.71  6709
O16 	14895.1 	0.266534  1  -2415.07  7644
O16 	14895.1 	0.25223  1  -1724.57  6914
O16 	14895.1 	0.284273  1  -1971.48  7275
O16 	14895.1 	0.216311  1  537.877  4590
O16 	14895.1 	1.0855  1  -588.883  5887
O16 	14895.1 	0.224589  1  -117.546  5268
O16 	14895.1 	1.48226  1  -2446.18  7961
O16 	14895.1 	0.646953  1  1958.12  3123
O16 	14895.1 	0.267166  1  2143.3  2958
O16 	14895.1 	0.29666  1  2776.66  2379
O16 	14895.1 	0.329739  1  1325.13  3832
O16 	14895.1 	0.732161  1  3165.91  1917
O16 	14895.1 	0.743909  1  1513.63  3645
O16 	14895.1 	0.243815  1  -1124.03  6349
O16 	14895.1 	0.294294  1  2439.63  2700
O16 	14895.1 	0.237739  1  1761.54  3350
O16 	14895.1 	0.193906  1  -2241.39  7525
O16 	14895.1 	1.85241  1  3096.73  1975
O16 	14895.1 	0.206712  1  -2998.62  8371
O16 	14895.1 	0.188705  1  4153.76  885
O16 	14895.1 	0.459221  1  1025.61  4152
O16 	14895.1 	0.78964  1  -1494.08  6762
O16 	14895.1 	0.231049  1  4751.88  266
O16 	14895.1 	0.230408  1  -2300.29  7655
O16 	14895.1 	0.764114  1  -3721.03  9194
O16 	14895.1 	0.226425  1  -2345.42  7667
O16 	14895.1 	0.204486  1  -2132.13  7417
O16 	14895.1 	0.250701  1  -4469.98  10012
O16 	14895.1 	0.221481  1  -3233.67  8696
O16 	14895.1 	0.26674  1  -4820.26  10170
O16 	14895.1 	0.456214  1  -4480.72  9850
O16 	14895.1 	0.189428  1  -1874.26  7104
O16 	14895.1 	0.514211  1  -3241.33  8618
O16 	14895.1 	0.217092  1  176.745  5095
O16 	14895.1 	0.203371  1  155.61  5126
O16 	14895.1 	0.335047  1  -1800.5  7119
O16 	14895.1 	0.227394  1  2183.18  2849
O16 	14895.1 	0.369843  1  -1367.34  6550
O16 	14895.1 	0.21068  1  -1267.02  6454
O16 	14895.1 	0.211454  1  -1365.05  6571
O16 	14895.1 	1.00194  1  995.679  4250
O16 	14895.1 	0.441981  1  -3684.85  8997
O16 	14895.1 	0.210833  1  4558.87  450
O16 	14895.1 	0.193093  1  2168.03  2903
O16 	14895.1 	0.609752  1  3124.55  1925
O16 	14895.1 	0.27167  1  1520.73  3535
O16 	14895.1 	0.521812  1  -852.014  6167
O16 	14895.1 	0.408717  1  -899.859  6223
O16 	14895.1 	0.270405  1  -1753.04  7037
O16 	14895.1 	0.431124  1  4591.5  427
O16 	14895.1 	0.917309  1  -2678.26  7945
O16 	14895.1 	0.326161  1  1467.94  3655
O16 	14895.1 	0.203913  1  4339.5  699
O16 	14895.1 	0.208349  1  -1514.63  6669
O16 	14895.1 	0.884841  1  -4541.31  10191
O16 	14895.1 	0.299776  1  -104.299  5265
O16 	14895.1 	0.311775  1  255.511  5116
O16 	14895.1 	0.231772  1  -1122.91  6308
O16 	14895.1 	0.339343  1  2091.28  3046
O16 	14895.1 	0.316206  1  -697.717  5877
O16 	14895.1 	0.196905  1  -1133.02  6527
O16 	14895.1 	0.928402  1  2903.8  2204
O16 	14895.1 	0.407859  1  -2823.9  8265
O16 	14895.1 	0.951666  1  -1396.56  6773
O16 	14895.1 	0.205074  1  -4517.4  10008
O16 	14895.1 	0.459057  1  -4963.87  10455
O16 	14895.1 	0.341953  1  -4674.26  10169
O16 	14895.1 	0.323299  1  667.878  4449
O16 	14895.1 	0.499787  1  797.132  4412
O16 	14895.1 	0.295922  1  4590  438
O16 	14895.1 	1.73017  1  -2637.91  8119
O16 	14895.1 	0.759276  1  1286.61  3870
O16 	14895.1 	0.209288  1  -923.338  6163
O16 	14895.1 	0.257294  1  -2780.42  8173
O16 	14895.1 	0.392327  1  3341.05  1692
O16 	14895.1 	0.281403  1  1303.75  3779
O16 	14895.1 	0.594032  1  -634.329  5870
O16 	14895.1 	0.308364  1  1913.52  3268
O16 	14895.1 	1.32639  1  1342.58  3895
O16 	14895.1 	0.297089  1  -670.216  5752
O16 	14895.1 	0.192229  1  4648.43  360
O16 	14895.1 	0.311823  1  -2946.39  8367
O16 	14895.1 	0.230562  1  380.633  4764
O16 	14895.1 	0.360301  1  -834.39  6122
O16 	14895.1 	0.216034  1  -4354.66  9633
O16 	14895.1 	0.505381  1  1844.64  3341
O16 	14895.1 	0.381373  1  1379.36  3845
O16 	14895.1 	0.682797  1  4877.4  120
O16 	14895.1 	1.6789  1  -195.092  5418
O16 	14895.1 	0.711071  1  -4528.98  9989
O16 	14895.1 	0.188367  1  4772.83  228
O16 	14895.1 	0.827509  1  908.814  4332
O16 	14895.1 	0.723768  1  -1801.24  7220
O16 	14895.1 	0.254905  1  4317.15  729
O16 	14895.1 	0.602937  1  4522.84  509
O16 	14895.1 	0.217553  1  -1904.97  7389
O16 	14895.1 	0.257373  1  -1808.36  7077
O16 	14895.1 	0.230216  1  1910.58  3307
O16 	14895.1 	0.341444  1  -2571.91  7891
O16 	14895.1 	3.77713  1  -1043.12  6378
O16 	14895.1 	0.281841  1  4517.96  480
O16 	14895.1 	0.192425  1  4979.77  16
O16 	14895.1 	0.190842  1  -4196.4  9702
O16 	14895.1 	0.24189  1  138.911  5085
O16 	14895.1 	1.14367  1  1490.24  3677
O16 	14895.1 	0.306035  1  4980.21  23
O16 	14895.1 	0.561102  1  4158.28  903
O16 	14895.1 	0.988111  1  596.958  4621
O16 	14895.1 	0.351264  1  586.284  4593
O16 	14895.1 	0.276362  1  2869.86  2214
O16 	14895.1 	0.402347  1  180.229  4974
O16 	14895.1 	0.424639  1  -1076.21  6227
O16 	14895.1 	1.01938  1  -2449.19  7610
O16 	14895.1 	0.25936  1  4648.06  380
O16 	14895.1 	1.01768  1  46.9743  5040
O16 	14895.1 	0.306591  1  -4104.74  9527
O16 	14895.1 	0.192557  1  4884.52  121
O16 	14895.1 	0.216475  1  -1549.7  6909
O16 	14895.1 	0.238286  1  2663.24  2410
O16 	14895.1 	0.220416  1  -22.3916  5110
O16 	14895.1 	1.30752  1  4083.52  975
O16 	14895.1 	1.00603  1  2268.11  2901
O16 	14895.1 	0.38113  1  -201.828  5455
O16 	14895.1 	0.189147  1  -2021.3  7477
O16 	14895.1 	0.192666  1  3527.16  1530
O16 	14895.1 	0.312052  1  -3312.16  8453
O16 	14895.1 	0.556502  1  2214.61  3051
O16 	14895.1 	0.26015  1  -2001.87  7423
O16 	14895.1 	0.416663  1  3097.77  2046
O16 	14895.1 	0.266904  1  -262.355  5409
O16 	14895.1 	0.215355  1  -1007.51  6535
O16 	14895.1 	0.273974  1  -2612.89  8020
O16 	14895.1 	0.275098  1  -3205.91  8521
O16 	14895.1 	0.252396  1  3685.65  1303
O16 	14895.1 	0.239231  1  3415.38  1638
O16 	14895.1 	0.352732  1  2409.52  2688
O16 	14895.1 	0.444433  1  1722.22  3432
O16 	14895.1 	1.00818  1  699.526  4442
O16 	14895.1 	0.294317  1  1971.8  3096
O16 	14895.1 	0.19331  1  607.239  4516
O16 	14895.1 	0.466501  1  -4459.38  9880
O16 	14895.1 	0.361773  1  4620.58  414
O16 	14895.1 	0.333627  1  1941.97  3132
O16 	14895.1 	0.499059  1  662.393  4472
O16 	14895.1 	0.939935  1  -4555.13  9989
O16 	14895.1 	0.210914  1  1431.38  3742
O16 	14895.1 	0.336876  1  -4127.57  9623
O16 	14895.1 	0.439194  1  -4358.01  9772
O16 	14895.1 	0.701074  1  1562.67  3546
O16 	14895.1 	0.470399  1  3514.46  1581
O16 	14895.1 	0.217461  1  4415.1  632
O16 	14895.1 	0.330211  1  -884.203  6140
O16 	14895.1 	0.292776  1  -983.845  6239
O16 	14895.1 	1.21031  1  -422.43  5851
O16 	14895.1 	0.763991  1  -3529.79  8902
O16 	14895.1 	0.277072  1  -1031.35  6182
O16 	14895.1 	0.196181  1  4483.96  534
O16 	14895.1 	0.35252  1  -3478.29  8961
O16 	14895.1 	0.482922  1  3685.09  1466
O16 	14895.1 	1.29753  1  956.631  4330
O16 	14895.1 	0.75773  1  -2958.79  8381
O16 	14895.1 	0.273635  1  -3545.15  8826
O16 	14895.1 	1.89295  1  2053.5  3151
O16 	14895.1 	0.193357  1  -231.463  5470
O16 	14895.1 	0.317346  1  4178.09  830
O16 	14895.1 	0.279234  1  -172.463  5502
O16 	14895.1 	0.262532  1  -480.352  5775
O16 	14895.1 	0.248201  1  -1838.74  7182
O16 	14895.1 	0.285521  1  4769.19  246
O16 	14895.1 	0.377348  1  -3978.99  9343
O16 	14895.1 	0.353781  1  -195.993  5442
O16 	14895.1 	1.19803  1  -1548.86  6849
O16 	14895.1 	0.339482  1  2195.97  2988
O16 	14895.1 	0.202507  1  -1814.29  7139
O16 	14895.1 	1.10117  1  2300.54  2778
O16 	14895.1 	0.202414  1  -595.642  5821
O16 	14895.1 	0.23314  1  1872.86  3208
O16 	14895.1 	0.434165  1  3778.06  1262
O16 	14895.1 	0.198776  1  2464.1  2673
O16 	14895.1 	0.329724  1  2743.47  2330
O16 	14895.1 	0.18999  1  -3210.74  8674
O16 	14895.1 	0.299107  1  2447.93  2688
O16 	14895.1 	0.209255  1  4200.98  829
O16 	14895.1 	0.566944  1  3775.95  1243
O16 	14895.1 	2.43955  1  -194.666  5391
O16 	14895.1 	0.259677  1  317.683  4859
O16 	14895.1 	0.236104  1  -1391.53  6648
O16 	14895.1 	0.909938  1  -4901.92  10507
O16 	14895.1 	0.198125  1  -371.943  5580
O16 	14895.1 	0.236707  1  3531.37  1595
O16 	14895.1 	0.209004  1  3099.53  1963
O16 	14895.1 	0.294176  1  3612.34  1504
O16 	14895.1 	0.363918  1  2197.15  2913
O16 	14895.1 	0.703771  1  2315.95  2841
O16 	14895.1 	1.21249  1  -4386.33  9833
O16 	14895.1 	0.240095  1  4877.27  124
O16 	14895.1 	0.474261  1  -685.363  6076
O16 	14895.1 	0.239841  1  1430.06  3839
O16 	14895.1 	1.62686  1  1502.5  3677
O16 	14895.1 	0.635309  1  -3113.31  8394
O16 	14895.1 	0.673515  1  4551.4  483
O16 	14895.1 	0.197206  1  -4860.27  10278
O16 	14895.1 	0.288292  1  -820.354  6052
O16 	14895.1 	0.2458  1  4420.11  612
O16 	14895.1 	0.43178  1  -2748.81  8058
O16 	14895.1 	1.95182  1  -4736.6  10314
O16 	14895.1 	0.207212  1  3155.96  1919
O16 	14895.1 	0.310664  1  -3828.74  9289
O16 	14895.1 	0.213624  1  3755.49  1269
O16 	14895.1 	0.482296  1  -2634.6  7803
O16 	14895.1 	0.192639  1  3699.57  1396
O16 	14895.1 	0.320711  1  -3531.36  9107
O16 	14895.1 	0.376112  1  926.954  4286
O16 	14895.1 	0.202134  1  -3949.69  9387
O16 	14895.1 	2.50491  1  -2937.3  8290
O16 	14895.1 	0.295083  1  -2281.16  7592
O16 	14895.1 	0.232387  1  -1735.27  7054
O16 	14895.1 	0.470313  1  937.972  4235
O16 	14895.1 	0.451036  1  -4310.4  9820
O16 	14895.1 	0.394866  1  1867.35  3256
O16 	14895.1 	0.5604  1  1430.32  3758
O16 	14895.1 	0.279235  1  2193.73  2901
O16 	14895.1 	0.505877  1  1204.23  3902
O16 	14895.1 	0.537493  1  53.6586  5162
O16 	14895.1 	0.200507  1  707.596  4571
O16 	14895.1 	0.280995  1  2579.69  2586
O16 	14895.1 	0.229706  1  2838.65  2255
O16 	14895.1 	0.387866  1  913.733  4393
O16 	14895.1 	0.371451  1  -4440.69  9876
O16 	14895.1 	0.677308  1  4672.53  361
O16 	14895.1 	0.502034  1  2611.31  2619
O16 	14895.1 	0.420142  1  3775.23  1282
O16 	14895.1 	0.25929  1  -2387.9  7679
O16 	14895.1 	0.500855  1  -2811.79  8258
O16 	14895.1 	0.273644  1  -1846.88  7225
O16 	14895.1 	0.211013  1  -4096.28  9528
O16 	14895.1 	0.519912  1  577.2  4631
O16 	14895.1 	0.794633  1  1215.68  4068
O16 	14895.1 	0.427789  1  2264.56  2913
O16 	14895.1 	0.960978  1  -2406.66  7824
O16 	14895.1 	0.295799  1  -3627.91  9208
O16 	14895.1 	0.265638  1  -4518.53  9818
O16 	14895.1 	0.281832  1  321.087  4878
O16 	14895.1 	0.279392  1  -312.419  5660
O16 	14895.1 	0.58537  1  3339.14  1755
O16 	14895.1 	0.304776  1  -227.605  5338
O16 	14895.1 	0.197738  1  -3481.21  8882
O16 	14895.1 	0.283069  1  4737.81  299
O16 	14895.1 	0.287338  1  1140.23  4130
O16 	14895.1 	0.474518  1  -4859.79  10368
O16 	14895.1 	0.331364  1  1999.94  3216
O16 	14895.1 	0.216637  1  -4636.87  9714
O16 	14895.1 	0.217213  1  -4276.09  9842
O16 	14895.1 	0.207885  1  -1196.68  6525
O16 	14895.1 	0.341667  1  4879.26  111
O16 	14895.1 	0.214758  1  -4766.09  10289
O16 	14895.1 	0.470652  1  4944.04  61
O16 	14895.1 	0.719599  1  -2721.95  7980
O16 	14895.1 	0.335673  1  -3073.83  8380
O16 	14895.1 	0.824  1  -4293.77  9692
O16 	14895.1 	0.198916  1  2253.86  2892
O16 	14895.1 	0.359613  1  2141.43  3004
O16 	14895.1 	0.403504  1  254.761  5008
O16 	14895.1 	0.248598  1  4575.83  426
O16 	14895.1 	0.209618  1  -2592.89  8010
O16 	14895.1 	0.363458  1  4483.23  541
O16 	14895.1 	1.02276  1  3364.92  1683
O16 	14895.1 	0.468888  1  -3747.98  9077
O16 	14895.1 	0.67805  1  -4674.87  10093
O16 	14895.1 	0.374954  1  -322.633  5564
O16 	14895.1 	0.335458  1  -2324.44  7676
O16 	14895.1 	0.759305  1  3116.73  1965
O16 	14895.1 	0.237264  1  -1261.69  6608
O16 	14895.1 	0.257298  1  -798.007  6107
O16 	14895.1 	0.211594  1  4119.64  866
O16 	14895.1 	0.728614  1  -2851.88  8327
O16 	14895.1 	0.201524  1  -4250.81  9492
O16 	14895.1 	0.680164  1  2248.61  2866
O16 	14895.1 	0.254319  1  -4181.31  9639
O16 	14895.1 	0.249478  1  2631.21  2499
O16 	14895.1 	0.364995  1  -3856.81  9393
O16 	14895.1 	0.337402  1  3803.07  1225
O16 	14895.1 	0.205991  1  3605.22  1463
O16 	14895.1 	0.296784  1  -236.708  5413
O16 	14895.1 	0.20597  1  -1453.26  6717
O16 	14895.1 	0.438892  1  591.378  4526
O16 	14895.1 	0.257363  1  4112.05  930
O16 	14895.1 	1.04732  1  -1358.29  6686
O16 	14895.1 	1.02798  1  862.264  4464
O16 	14895.1 	0.221891  1  -2050.49  7401
O16 	14895.1 	0.320907  1  -3956.8  9497
O16 	14895.1 	0.676077  1  757.462  4337
O16 	14895.1 	0.636112  1  -3515.38  8730
O16 	14895.1 	0.501312  1  -4234.13  9614
O16 	14895.1 	0.332491  1  -2896.22  8231
O16 	14895.1 	0.314415  1  2031.8  3127
O16 	14895.1 	2.34401  1  630.406  4540
O16 	14895.1 	0.224786  1  3303.26  1792
O16 	14895.1 	0.208865  1  3139.77  1944
O16 	14895.1 	0.199623  1  -3035.77  8230
O16 	14895.1 	0.313082  1  3255.28  1844
O16 	14895.1 	0.243518  1  -4888.93  10431
O16 	14895.1 	0.279272  1  -3304.78  8818
O16 	14895.1 	0.190766  1  3279.11  1864
O16 	14895.1 	0.201554  1  2406.34  2661
O16 	14895.1 	0.265192  1  4034.06  1027
O16 	14895.1 	0.355373  1  -4589.41  10026
O16 	14895.1 	1.8675  1  2169.97  3036
O16 	14895.1 	0.975206  1  -2140.17  7563
O16 	14895.1 	0.513143  1  4719.17  323
O16 	14895.1 	0.69487  1  4464.58  591
O16 	14895.1 	0.329037  1  -4989.84  10284
O16 	14895.1 	0.942939  1  -380.981  5684
O16 	14895.1 	0.414666  1  -341.029  5614
O16 	14895.1 	0.284523  1  119.334  5091
O16 	14895.1 	0.336175  1  -3752.42  9206
O16 	14895.1 	0.345981  1  3377.98  1696
O16 	14895.1 	0.203803  1  -2306.57  7688
O16 	14895.1 	0.205033  1  1503.9  3671
O16 	14895.1 	0.364039  1  4579.57  457
O16 	14895.1 	0.461208  1  3540.37  1567
O16 	14895.1 	0.225808  1  3556.75  1545
O16 	14895.1 	0.370607  1  -4327.35  9845
O16 	14895.1 	2.60962  1  878.448  4269
O16 	14895.1 	0.472235  1  -589.692  5843
O16 	14895.1 	0.489573  1  -189.782  5398
O16 	14895.1 	0.219382  1  -951.058  6219
O16 	14895.1 	1.23854  1  3372.71  1632
O16 	14895.1 	0.980215  1  3666.05  1371
O16 	14895.1 	0.234903  1  1550.68  3565
O16 	14895.1 	0.278556  1  -1704.59  6931
O16 	14895.1 	0.276485  1  3016.85  2077
O16 	14895.1 	0.261051  1  -825.386  6160
O16 	14895.1 	1.16214  1  2922.58  2198
O16 	14895.1 	1.3681  1  4221.66  829
O16 	14895.1 	0.196309  1  -1238.43  6487
O16 	14895.1 	0.322455  1  -2961.05  8314
O16 	14895.1 	0.253179  1  970.797  4142
O16 	14895.1 	2.74031  1  -2531.39  7923
O16 	14895.1 	0.242922  1  3365.57  1759
O16 	14895.1 	0.215843  1  4558.28  453
O16 	14895.1 	0.258843  1  2756.46  2326
O16 	14895.1 	0.251069  1  3280.94  1870
O16 	14895.1 	0.353974  1  3297.57  1796
O16 	14895.1 	0.403258  1  3702.54  1366
O16 	14895.1 	0.192989  1  2689.79  2419
O16 	14895.1 	0.268524  1  -1672.91  7020
O16 	14895.1 	0.728657  1  -1843.23  7220
O16 	14895.1 	0.372643  1  -4406.44  9710
O16 	14895.1 	0.495694  1  -3453.22  8825
O16 	14895.1 	0.335427  1  -1981.42  7456
O16 	14895.1 	0.288954  1  -1068.78  6327
O16 	14895.1 	0.213501  1  -3620.52  9127
O16 	14895.1 	0.489616  1  3287.32  1743
O16 	14895.1 	0.760726  1  4033.85  1015
O16 	14895.1 	0.239525  1  3238.92  1880
O16 	14895.1 	0.37899  1  -2705.46  7946
O16 	14895.1 	0.20519  1  -1532.9  6909
O16 	14895.1 	0.202644  1  -4479.51  9849
O16 	14895.1 	0.219117  1  -1995.35  7367
O16 	14895.1 	0.217334  1  2985.24  2103
O16 	14895.1 	0.466654  1  -2450.96  7614
O16 	14895.1 	0.561919  1  3232.45  1775
O16 	14895.1 	0.478521  1  418.026  4703
O16 	14895.1 	0.362945  1  1373.11  3769
O16 	14895.1 	0.561217  1  3926.27  1154
O16 	14895.1 	0.899575  1  721.492  4545
O16 	14895.1 	0.193351  1  3470.83  1614
O16 	14895.1 	0.301827  1  -4495.33  9769
O16 	14895.1 	0.871487  1  -4213.9  9551
O16 	14895.1 	0.271609  1  -2400.86  7770
O16 	14895.1 	0.328494  1  -820.211  6144
O16 	14895.1 	0.385466  1  4902.42  115
O16 	14895.1 	0.203884  1  968.36  4227
O16 	14895.1 	0.211943  1  -1394.43  6756
O16 	14895.1 	0.457781  1  3362.38  1674
O16 	14895.1 	1.22314  1  -3504.03  8906
O16 	14895.1 	0.341145  1  -1699.91  7023
O16 	14895.1 	0.573434  1  29.1205  5193
O16 	14895.1 	0.874275  1  2014.97  3152
O16 	14895.1 	0.248071  1  764.405  4325
O16 	14895.1 	0.239184  1  -4624.56  10155
O16 	14895.1 	0.828321  1  -1926.59  7387
O16 	14895.1 	0.243475  1  357.643  4831
O16 	14895.1 	0.204548  1  -4459.6  9972
O16 	14895.1 	0.790816  1  -4298.07  9673
O16 	14895.1 	0.26095  1  -3267.4  8602
O16 	14895.1 	0.275025  1  2272.54  2783
O16 	14895.1 	0.505932  1  -2377.63  7714
O16 	14895.1 	0.298072  1  3980.32  1094
O16 	14895.1 	0.208903  1  -928.9  6264
O16 	14895.1 	0.349478  1  -4195.02  9771
O16 	14895.1 	0.310717  1  -2140.39  7562
O16 	14895.1 	0.910916  1  197.721  5058
O16 	14895.1 	0.349558  1  2813.78  2215
O16 	14895.1 	0.651818  1  1159.22  3882
O16 	14895.1 	0.348805  1  1444.35  3749
O16 	14895.1 	0.412078  1  581.476  4627
O16 	14895.1 	0.316077  1  -12.1274  5230
O16 	14895.1 	0.274278  1  1779.7  3344
O16 	14895.1 	0.597087  1  -454.051  5812
O16 	14895.1 	0.230481  1  4112.85  899
O16 	14895.1 	0.443143  1  3469.47  1602
O16 	14895.1 	0.61246  1  -504.833  5689
O16 	14895.1 	0.293864  1  720.059  4535
O16 	14895.1 	0.564266  1  -2449.43  7720
O16 	14895.1 	0.261466  1  -3814.01  9339
O16 	14895.1 	0.285805  1  -7.1287  5246
O16 	14895.1 	0.726663  1  -2454.56  7814
O16 	14895.1 	0.210195  1  3245.69  1817
O16 	14895.1 	0.259669  1  2261.16  2801
O16 	14895.1 	0.434694  1  -4959.31  10432
O16 	14895.1 	0.189423  1  -2634.97  7916
O16 	14895.1 	0.192631  1  1535.13  3617
O16 	14895.1 	0.378685  1  1097.88  4150
O16 	14895.1 	0.212769  1  -2674.83  7883
O16 	14895.1 	0.291731  1  -856.741  6019
O16 	14895.1 	0.198187  1  -1527.64  6761
O16 	14895.1 	0.202502  1  1287.61  3844
O16 	14895.1 	0.231708  1  2226.32  2924
O16 	14895.1 	0.229647  1  1967.94  3117
O16 	14895.1 	0.522586  1  -3529.53  8640
O16 	14895.1 	0.229348  1  2751.49  2329
O16 	14895.1 	0.775589  1  2377.86  2702
O16 	14895.1 	0.410698  1  -3941.36  9469
O16 	14895.1 	1.53067  1  -3593.22  9134
O16 	14895.1 	0.269486  1  2903.53  2208
O16 	14895.1 	0.338531  1  1224.4  3960
O16 	14895.1 	0.239645  1  1782.02  3298
O16 	14895.1 	0.32587  1  1007.66  4195
O16 	14895.1 	0.195668  1  -118.415  5473
O16 	14895.1 	0.203944  1  2561.44  2594
O16 	14895.1 	0.268535  1  -4132.63  9717
O16 	14895.1 	0.347367  1  -4227.2  9725
O16 	14895.1 	0.213463  1  -2495.3  7702
O16 	14895.1 	0.322099  1  103.804  5135
O16 	14895.1 	0.342856  1  1495.51  3644
O16 	14895.1 	0.270368  1  -3632.79  9101
O16 	14895.1 	0.32492  1  2097.78  2994
O16 	14895.1 	0.230146  1  466.859  4806
O16 	14895.1 	0.195106  1  2407.95  2694
O16 	14895.1 	0.498931  1  -3760.59  9075
O16 	14895.1 	1.10865  1  4328.48  708
O16 	14895.1 	0.540238  1  -475.225  5743
O16 	14895.1 	0.548941  1  -521.005  5811
O16 	14895.1 	0.188342  1  2920.89  2141
O16 	14895.1 	1.04586  1  -29.8252  5188
O16 	14895.1 	0.449083  1  -3261.69  8730
O16 	14895.1 	0.317742  1  -3272.08  8905
O16 	14895.1 	0.444479  1  2868.23  2256
O16 	14895.1 	0.298879  1  562.855  4640
O16 	14895.1 	0.407766  1  643.171  4508
O16 	14895.1 	0.233733  1  -2955.7  8397
O16 	14895.1 	0.206414  1  78.2844  5149
O16 	14895.1 	0.2483  1  -2530.14  7970
O16 	14895.1 	0.207161  1  3019.26  2027
O16 	14895.1 	0.238024  1  2443.91  2627
O16 	14895.1 	0.254664  1  4021.22  1009
O16 	14895.1 	0.705081  1  642.326  4438
O16 	14895.1 	0.243272  1  408.813  4688
O16 	14895.1 	0.288612  1  4877.89  124
O16 	14895.1 	0.193411  1  -942.253  6128
O16 	14895.1 	0.277407  1  534.785  4698
O16 	14895.1 	0.844716  1  1056.98  3967
O16 	14895.1 	0.373287  1  -837.048  6358
O16 	14895.1 	0.563258  1  2447.07  2653
O16 	14895.1 	0.464514  1  501.246  4689
O16 	14895.1 	0.238569  1  1244.67  3878
O16 	14895.1 	0.361837  1  -762.215  5977
O16 	14895.1 	0.457531  1  2502.6  2599
O16 	14895.1 	0.689517  1  4171.55  892
O16 	14895.1 	0.459033  1  1021.58  4254
O16 	14895.1 	0.220407  1  684.49  4482
O16 	14895.1 	0.197054  1  2433.64  2636
O16 	14895.1 	0.196382  1  -4445.17  9943
O16 	14895.1 	0.210101  1  4429.3  634
O16 	14895.1 	0.299551  1  -3486.53  8820
O16 	14895.1 	0.592929  1  -1268.97  6471
O16 	14895.1 	0.406395  1  -1078.81  6522
O16 	14895.1 	0.21067  1  2943.97  2061
O16 	14895.1 	0.320917  1  1259.92  3827
O16 	14895.1 	0.197185  1  79.0887  5117
O16 	14895.1 	0.195197  1  -1589.59  7044
O16 	14895.1 	0.321687  1  -4582.14  10035
O16 	14895.1 	0.41242  1  948.273  4207
O16 	14895.1 	0.594805  1  3609.23  1458
O16 	14895.1 	0.655707  1  -4594.22  10016
O16 	14895.1 	0.210439  1  -2560.11  7833
O16 	14895.1 	0.205082  1  -1220.47  6544
O16 	14895.1 	0.69976  1  -1597.89  6895
O16 	14895.1 	0.358006  1  -3710.18  9100
O16 	14895.1 	0.244485  1  -4097.65  9724
O16 	14895.1 	0.225381  1  4289.08  733
O16 	14895.1 	0.394716  1  -2908.44  8194
O16 	14895.1 	0.236547  1  -731.567  6022
O16 	14895.1 	0.27953  1  4909.43  105
O16 	14895.1 	0.191282  1  2393.24  2776
O16 	14895.1 	0.27449  1  1845.25  3256
O16 	14895.1 	1.34049  1  -2805.24  8236
O16 	14895.1 	0.26602  1  684.039  4440
O16 	14895.1 	0.256789  1  -1442.57  6658
O16 	14895.1 	0.977053  1  1467.59  3677
O16 	14895.1 	0.500586  1  2209.03  2861
O16 	14895.1 	0.202335  1  -2351.33  7511
O16 	14895.1 	0.962595  1  1091.38  4025
O16 	14895.1 	0.222314  1  -1777.47  7048
O16 	14895.1 	1.34238  1  -1541.57  6982
O16 	14895.1 	0.362913  1  3118.38  1959
O16 	14895.1 	0.201507  1  -2040.94  7344
O16 	14895.1 	0.203185  1  2823.25  2205
O16 	14895.1 	0.445362  1  1839.83  3281
O16 	14895.1 	0.263367  1  3153.38  1914
O16 	14895.1 	0.327501  1  623.424  4631
O16 	14895.1 	0.640918  1  3604.37  1454
O16 	14895.1 	0.419064  1  792.291  4348
O16 	14895.1 	0.278278  1  -4176.19  9416
O16 	14895.1 	0.196655  1  1307.62  3787
O16 	14895.1 	0.188801  1  -4700.47  10147
O16 	14895.1 	0.260006  1  1809.77  3353
O16 	14895.1 	0.22397  1  3912.98  1126
O16 	14895.1 	0.577101  1  357.743  4787
O16 	14895.1 	0.421689  1  271.798  4885
O16 	14895.1 	0.225047  1  -1573.79  6894
O16 	14895.1 	0.335802  1  -1586.74  6988
O16 	14895.1 	0.381154  1  2937.96  2166
O16 	14895.1 	0.840332  1  2694.76  2416
O16 	14895.1 	0.476742  1  52.5119  5272
O16 	14895.1 	0.20522  1  3179.06  1991
O16 	14895.1 	0.285311  1  -2527.71  7939
O16 	14895.1 	0.207813  1  2288.85  2832
O16 	14895.1 	0.578898  1  1151.74  3967
O16 	14895.1 	0.32605  1  4787.77  206
O16 	14895.1 	0.515816  1  3565.04  1538
O16 	14895.1 	0.645717  1  -4202  9358
O16 	14895.1 	0.27573  1  249.504  4931
O16 	14895.1 	0.270807  1  4545.67  489
O16 	14895.1 	0.198705  1  -2310.98  7736
O16 	14895.1 	0.265607  1  4206.93  830
O16 	14895.1 	0.220699  1  2081.94  3029
O16 	14895.1 	0.428356  1  1347.65  3822
O16 	14895.1 	0.252633  1  2872.38  2259
O16 	14895.1 	0.420127  1  3970.42  1092
O16 	14895.1 	0.264248  1  74.5775  5137
O16 	14895.1 	0.2224  1  -1548.48  6960
O16 	14895.1 	0.207622  1  4414.04  591
O16 	14895.1 	0.692102  1  3328.35  1677
O16 	14895.1 	0.505552  1  -3153.32  8357
O16 	14895.1 	0.76685  1  75.2484  5098
O16 	14895.1 	0.30537  1  1571.8  3562
O16 	14895.1 	0.205222  1  4398.38  642
O16 	14895.1 	0.294352  1  -2269.7  7611
O16 	14895.1 	0.211469  1  3828.62  1230
O16 	14895.1 	0.227041  1  3750.54  1277
O16 	14895.1 	0.383953  1  -4756.1  10128
O16 	14895.1 	0.46531  1  2181.48  2958
O16 	14895.1 	0.231651  1  -2496.13  7802
O16 	14895.1 	0.376675  1  -836.839  6199
O16 	14895.1 	0.282411  1  -2467.04  7743
O16 	14895.1 	0.447292  1  -2443.65  7809
O16 	14895.1 	0.224909  1  1068.4  4063
O16 	14895.1 	0.362183  1  -617.486  5851
O16 	14895.1 	0.5223  1  -2882.01  8261
O16 	14895.1 	0.282097  1  -4451.33  9962
O16 	14895.1 	1.08897  1  4874.9  114
O16 	14895.1 	0.292687  1  -3153.96  8557
O16 	14895.1 	0.375839  1  1064.68  4130
O16 	14895.1 	0.265078  1  4499.68  518
O16 	14895.1 	0.319421  1  -739.242  6048
O16 	14895.1 	0.254957  1  599.71  4636
O16 	14895.1 	0.54195  1  4706.35  355
O16 	14895.1 	0.607507  1  56.3746  5222
O16 	14895.1 	0.24301  1  2237.05  2978
O16 	14895.1 	0.204666  1  -4730.33  10241
O16 	14895.1 	0.380348  1  1841.98  3375
O16 	14895.1 	0.294911  1  -1984.7  7393
O16 	14895.1 	0.459253  1  1686.75  3565
O16 	14895.1 	0.709706  1  -3609.6  9132
O16 	14895.1 	0.203664  1  1540.26  3577
O16 	14895.1 	0.413819  1  -1371.33  6773
O16 	14895.1 	0.207254  1  -4853.24  10373
O16 	14895.1 	0.255403  1  2491.41  2630
O16 	14895.1 	1.60264  1  2120.13  3093
O16 	14895.1 	0.21275  1  -4460.49  10033
O16 	14895.1 	0.234283  1  4677.2  331
O16 	14895.1 	0.196723  1  2718.78  2375
O16 	14895.1 	0.62359  1  -3043.63  8393
O16 	14895.1 	0.210661  1  -4227.34  9700
O16 	14895.1 	0.300906  1  4426.28  622
O16 	14895.1 	0.2112  1  154.873  5134
O16 	14895.1 	0.264833  1  2144.07  3008
O16 	14895.1 	0.254943  1  4033.76  1048
O16 	14895.1 	0.197195  1  -4489.16  9845
O16 	14895.1 	0.264921  1  -1480.47  6743
O16 	14895.1 	0.195172  1  -4944.91  10360
O16 	14895.1 	0.45212  1  -3466.36  8998
O16 	14895.1 	0.247634  1  4762.44  260
O16 	14895.1 	0.302145  1  1790.76  3384
O16 	14895.1 	0.357277  1  -1308.07  6689
O16 	14895.1 	0.333307  1  -2690.24  7914
O16 	14895.1 	0.279837  1  4960.12  42
O16 	14895.1 	0.375614  1  -1570.27  7077
O16 	14895.1 	0.198071  1  3224.54  1867
O16 	14895.1 	0.210891  1  2905.94  2225
O16 	14895.1 	0.294404  1  4466.68  578
O16 	14895.1 	0.210196  1  -1492.51  6791
O16 	14895.1 	1.23154  1  341.14  4854
O16 	14895.1 	1.36123  1  3961.53  1133
