O16 	14895.1 	0.330868  1  4620.49  409
O16 	14895.1 	0.217417  1  4126.94  913
O16 	14895.1 	2.8091  1  207.795  5197
O16 	14895.1 	0.264067  1  -777.441  6048
O16 	14895.1 	0.397801  1  1901.16  3128
O16 	14895.1 	0.235524  1  4994.9  5
O16 	14895.1 	0.246205  1  -3335.77  8809
O16 	14895.1 	5.10158  1  -2617.19  8159
O16 	14895.1 	0.703403  1  2626.32  2495
O16 	14895.1 	0.250042  1  -3056.47  8452
O16 	14895.1 	0.217145  1  4585.37  441
O16 	14895.1 	0.202119  1  2660.97  2492
O16 	14895.1 	0.388197  1  -2547.85  8001
O16 	14895.1 	0.196547  1  -1232.93  6603
O16 	14895.1 	1.00745  1  -3590.73  8965
O16 	14895.1 	0.252466  1  1957.02  3262
O16 	14895.1 	0.523808  1  -4272.93  9721
O16 	14895.1 	0.309173  1  4794.49  205
O16 	14895.1 	0.419551  1  -557.91  5781
O16 	14895.1 	0.264575  1  3912.01  1097
O16 	14895.1 	0.269785  1  3518.65  1556
O16 	14895.1 	0.257103  1  -4028.98  9332
O16 	14895.1 	0.492948  1  -935.095  6365
O16 	14895.1 	2.73792  1  536.618  4627
O16 	14895.1 	0.554012  1  -1869.79  7220
O16 	14895.1 	0.195444  1  521.378  4725
O16 	14895.1 	1.54574  1  -2185.65  7501
O16 	14895.1 	0.657637  1  2964.96  2124
O16 	14895.1 	0.250154  1  -538.705  5702
O16 	14895.1 	0.916607  1  1913.94  3221
O16 	14895.1 	0.234457  1  -1320.92  6577
O16 	14895.1 	0.427945  1  -1700.82  6994
O16 	14895.1 	0.567855  1  1268.53  3983
O16 	14895.1 	0.24887  1  1607.91  3539
O16 	14895.1 	0.317868  1  4419.85  618
O16 	14895.1 	0.192879  1  4009.94  1056
O16 	14895.1 	0.230409  1  1937.08  3196
O16 	14895.1 	0.329244  1  -219.209  5455
O16 	14895.1 	0.906026  1  -1868.97  7205
O16 	14895.1 	0.189071  1  -677.835  5989
O16 	14895.1 	0.650487  1  791.829  4512
O16 	14895.1 	0.316586  1  4726.52  271
O16 	14895.1 	0.355411  1  -858.126  6233
O16 	14895.1 	0.453877  1  -1366.15  6765
O16 	14895.1 	0.650121  1  -4038.8  9567
O16 	14895.1 	0.67763  1  2447.96  2745
O16 	14895.1 	0.21433  1  75.9139  5305
O16 	14895.1 	0.454157  1  -4023.06  9518
O16 	14895.1 	0.211357  1  -2377.56  7872
O16 	14895.1 	0.214793  1  4950.8  70
O16 	14895.1 	0.225388  1  1005.96  4194
O16 	14895.1 	0.528932  1  3517.11  1492
O16 	14895.1 	0.4274  1  -2860.66  8204
O16 	14895.1 	0.228007  1  -4812.39  10272
O16 	14895.1 	0.194611  1  28.1386  5160
O16 	14895.1 	0.319819  1  -2240.15  7585
O16 	14895.1 	0.814992  1  -1274.9  6569
O16 	14895.1 	0.402398  1  -4856.98  10265
O16 	14895.1 	2.82097  1  759.072  4487
O16 	14895.1 	0.310103  1  -2075.65  7506
O16 	14895.1 	0.302795  1  -4988.88  10538
O16 	14895.1 	0.61558  1  -2271.18  7651
O16 	14895.1 	0.444255  1  -3812.54  9238
O16 	14895.1 	0.244856  1  -1788.95  7105
O16 	14895.1 	1.08829  1  -4140.29  9448
O16 	14895.1 	0.567471  1  -2679.63  8160
O16 	14895.1 	0.234276  1  2868.13  2256
O16 	14895.1 	0.287743  1  -35.637  5194
O16 	14895.1 	0.189004  1  -3652.69  9056
O16 	14895.1 	0.225798  1  -1065.73  6381
O16 	14895.1 	0.311007  1  3697.49  1438
O16 	14895.1 	0.436892  1  -2019.24  7455
O16 	14895.1 	0.205316  1  1729.72  3380
O16 	14895.1 	0.326563  1  -2995.67  8421
O16 	14895.1 	0.51974  1  2311.46  2826
O16 	14895.1 	0.316292  1  971.176  4206
O16 	14895.1 	0.384756  1  -2863.33  8294
O16 	14895.1 	0.216659  1  -4616.22  9887
O16 	14895.1 	0.897077  1  1696.33  3365
O16 	14895.1 	0.261303  1  -3626.03  9193
O16 	14895.1 	0.465168  1  -4902.64  10516
O16 	14895.1 	0.325038  1  -3065.17  8588
O16 	14895.1 	0.317839  1  4488.09  550
O16 	14895.1 	0.28039  1  2983.38  2177
O16 	14895.1 	0.510072  1  1227.43  3991
O16 	14895.1 	0.267222  1  -1216.04  6645
O16 	14895.1 	0.192293  1  4719.35  281
O16 	14895.1 	0.250012  1  4895.06  94
O16 	14895.1 	0.228859  1  -3988.12  9327
O16 	14895.1 	0.970601  1  -2816.51  8129
O16 	14895.1 	0.341828  1  -3674.83  9312
O16 	14895.1 	0.440345  1  4706.3  318
O16 	14895.1 	0.283468  1  -806.951  6017
O16 	14895.1 	0.229612  1  73.9539  5241
O16 	14895.1 	0.189288  1  -866.397  6162
O16 	14895.1 	0.196513  1  3675.79  1326
O16 	14895.1 	0.194137  1  49.7225  5190
O16 	14895.1 	0.428667  1  11.88  5162
O16 	14895.1 	0.372018  1  2616.53  2502
O16 	14895.1 	0.502606  1  3133.51  2012
O16 	14895.1 	0.264284  1  -2369.93  7717
O16 	14895.1 	0.333972  1  4817.17  190
O16 	14895.1 	0.339968  1  3295.08  1793
O16 	14895.1 	0.558293  1  -3711.81  9293
O16 	14895.1 	0.195313  1  -2400.34  7617
O16 	14895.1 	0.246944  1  568.955  4572
O16 	14895.1 	0.76043  1  3629.01  1444
O16 	14895.1 	0.683732  1  -2117.85  7521
O16 	14895.1 	0.350574  1  2914  2155
O16 	14895.1 	0.767012  1  -2871.37  8180
O16 	14895.1 	0.243477  1  825.763  4420
O16 	14895.1 	0.810044  1  594.86  4714
O16 	14895.1 	0.267195  1  -4217.91  9799
O16 	14895.1 	0.385071  1  3566.09  1504
O16 	14895.1 	0.203739  1  -4534.89  9964
O16 	14895.1 	0.447733  1  2960.63  2125
O16 	14895.1 	0.615791  1  -739.463  6036
O16 	14895.1 	0.208641  1  3682.57  1348
O16 	14895.1 	0.279992  1  855.595  4368
O16 	14895.1 	0.314032  1  3094.45  1988
O16 	14895.1 	0.21179  1  -1237.38  6577
O16 	14895.1 	0.303257  1  -2414.89  7809
O16 	14895.1 	0.691934  1  3720.66  1355
O16 	14895.1 	0.223798  1  -162.462  5486
O16 	14895.1 	0.463193  1  -1720.52  7130
O16 	14895.1 	0.196285  1  1381.76  3751
O16 	14895.1 	0.714425  1  857.02  4302
O16 	14895.1 	0.245754  1  -1436.28  6798
O16 	14895.1 	0.561468  1  -3151.14  8424
O16 	14895.1 	0.19259  1  4653.33  372
O16 	14895.1 	0.535039  1  4212.43  857
O16 	14895.1 	0.241956  1  239.602  4922
O16 	14895.1 	0.193618  1  -4165.97  9704
O16 	14895.1 	0.220333  1  3696.39  1376
O16 	14895.1 	0.287907  1  4643.35  400
O16 	14895.1 	0.569149  1  1509.38  3500
O16 	14895.1 	0.254179  1  -1977.76  7387
O16 	14895.1 	0.388092  1  -2976.2  8353
O16 	14895.1 	0.254404  1  4197.67  853
O16 	14895.1 	0.300125  1  2305.4  2795
O16 	14895.1 	0.27017  1  -1237.49  6509
O16 	14895.1 	0.56407  1  932.57  4346
O16 	14895.1 	0.448632  1  -3587.83  9035
O16 	14895.1 	0.228065  1  2731.7  2476
O16 	14895.1 	0.195415  1  -3837.27  9287
O16 	14895.1 	0.287998  1  2970.08  2113
O16 	14895.1 	0.300345  1  4533.73  481
O16 	14895.1 	0.878718  1  -327.374  5656
O16 	14895.1 	0.199966  1  -2547.28  8094
O16 	14895.1 	0.220545  1  2693.57  2410
O16 	14895.1 	0.210823  1  1824.15  3281
O16 	14895.1 	0.362742  1  322.142  4968
O16 	14895.1 	0.255188  1  -3041.74  8438
O16 	14895.1 	0.306246  1  3107.47  1956
O16 	14895.1 	0.994179  1  2974.13  2100
O16 	14895.1 	0.333012  1  949.218  4210
O16 	14895.1 	0.272845  1  -390.916  5594
O16 	14895.1 	0.560591  1  1947.09  3196
O16 	14895.1 	0.346119  1  -3528.81  8924
O16 	14895.1 	0.239456  1  -1500.12  6982
O16 	14895.1 	0.375657  1  -1506.57  6722
O16 	14895.1 	0.354895  1  4469.15  539
O16 	14895.1 	0.191972  1  -2302.21  7578
O16 	14895.1 	0.569716  1  4140.85  889
O16 	14895.1 	0.239183  1  -310.923  5622
O16 	14895.1 	0.380404  1  -2434.35  7842
O16 	14895.1 	0.532151  1  -4930.36  10503
O16 	14895.1 	0.337388  1  -3368.45  8883
O16 	14895.1 	0.234166  1  -3721.35  9125
O16 	14895.1 	0.239824  1  3797.89  1258
O16 	14895.1 	0.217872  1  -1057.84  6357
O16 	14895.1 	0.22259  1  -3459.95  8865
O16 	14895.1 	0.37706  1  2597.48  2504
O16 	14895.1 	0.214477  1  128.385  5105
O16 	14895.1 	0.234735  1  221.138  4998
O16 	14895.1 	0.196557  1  -3105.19  8506
O16 	14895.1 	0.314247  1  1366.9  3860
O16 	14895.1 	0.392775  1  -3532.86  9039
O16 	14895.1 	0.207448  1  -3969.66  9526
O16 	14895.1 	0.265781  1  -3745.2  9079
O16 	14895.1 	0.882718  1  2893.99  2188
O16 	14895.1 	0.386104  1  -2459.14  8001
O16 	14895.1 	0.280824  1  -4303.23  9734
O16 	14895.1 	0.537805  1  1216.8  3799
O16 	14895.1 	0.223388  1  -1293.21  6594
O16 	14895.1 	0.194853  1  4279.88  765
O16 	14895.1 	0.235313  1  -1879.66  7287
O16 	14895.1 	0.301843  1  -4557.34  9968
O16 	14895.1 	0.236665  1  -2583.37  8057
O16 	14895.1 	0.229642  1  -2048.79  7334
O16 	14895.1 	0.193753  1  3314.04  1743
O16 	14895.1 	1.40023  1  544.93  4771
O16 	14895.1 	0.660323  1  657.029  4562
O16 	14895.1 	0.254029  1  -382.106  5687
O16 	14895.1 	0.217836  1  3025.92  2051
O16 	14895.1 	0.193177  1  -2666.09  8181
O16 	14895.1 	0.200206  1  -3265.61  8802
O16 	14895.1 	1.25829  1  3881.01  1191
O16 	14895.1 	0.798154  1  -445.663  5750
O16 	14895.1 	0.263093  1  587.782  4741
O16 	14895.1 	0.193028  1  3677.76  1346
O16 	14895.1 	1.54994  1  -1812.16  7188
O16 	14895.1 	5.20128  1  -1794.66  7056
O16 	14895.1 	1.09547  1  4478.81  543
O16 	14895.1 	0.263793  1  -1187.61  6495
O16 	14895.1 	0.577888  1  3699.89  1366
O16 	14895.1 	0.390227  1  -2288.03  7575
O16 	14895.1 	0.285622  1  -2740.07  7989
O16 	14895.1 	0.499859  1  1112.55  3935
O16 	14895.1 	0.20105  1  -4509.67  10039
O16 	14895.1 	0.322873  1  4760.08  248
O16 	14895.1 	0.918798  1  2843.2  2197
O16 	14895.1 	0.336756  1  1783.57  3384
O16 	14895.1 	0.708494  1  3121.27  1972
O16 	14895.1 	0.256809  1  -3703.4  9198
O16 	14895.1 	2.4241  1  -1590.41  6857
O16 	14895.1 	0.328217  1  1355.43  3778
O16 	14895.1 	0.29731  1  -250.295  5422
O16 	14895.1 	0.201739  1  4379.07  632
O16 	14895.1 	0.594804  1  -3983.07  9511
O16 	14895.1 	0.54704  1  -1909.11  7131
O16 	14895.1 	0.256865  1  -2502.16  7746
O16 	14895.1 	0.252402  1  -3531.37  9183
O16 	14895.1 	0.273118  1  2773.81  2448
O16 	14895.1 	1.02965  1  3445.41  1599
O16 	14895.1 	0.243326  1  550.738  4769
O16 	14895.1 	1.04505  1  612.936  4698
O16 	14895.1 	0.331926  1  227.288  5167
O16 	14895.1 	0.431035  1  -4075.89  9651
O16 	14895.1 	0.254002  1  3660.01  1434
O16 	14895.1 	0.446848  1  1428.76  3809
O16 	14895.1 	0.541407  1  1003.91  4244
O16 	14895.1 	0.367925  1  4874.63  129
O16 	14895.1 	0.226681  1  3077.29  1954
O16 	14895.1 	0.400988  1  -1844.64  7231
O16 	14895.1 	0.195504  1  -828.211  5998
O16 	14895.1 	4.63696  1  -1461.03  6692
O16 	14895.1 	1.14973  1  1180.65  4045
O16 	14895.1 	0.41972  1  -3144.58  8686
O16 	14895.1 	0.189125  1  1696.74  3399
O16 	14895.1 	0.881368  1  -3769.39  9353
O16 	14895.1 	0.30361  1  3692.86  1422
O16 	14895.1 	0.454098  1  -2601.87  7995
O16 	14895.1 	0.372502  1  3891.33  1096
O16 	14895.1 	0.264323  1  4123.07  916
O16 	14895.1 	0.197417  1  2804.13  2404
O16 	14895.1 	0.299054  1  -712.529  6058
O16 	14895.1 	0.215518  1  2820.36  2261
O16 	14895.1 	0.237136  1  -1614  7047
O16 	14895.1 	0.33045  1  1303.93  3873
O16 	14895.1 	0.64452  1  3144.07  1891
O16 	14895.1 	0.644388  1  1979.36  3255
O16 	14895.1 	0.248025  1  3889.43  1143
O16 	14895.1 	0.21686  1  4867.22  126
O16 	14895.1 	0.320489  1  -2440.74  7793
O16 	14895.1 	0.820108  1  -3756.02  9263
O16 	14895.1 	0.279803  1  2753.16  2437
O16 	14895.1 	0.51699  1  3791.9  1290
O16 	14895.1 	0.237818  1  -1125.75  6564
O16 	14895.1 	0.574645  1  -2525.02  8090
O16 	14895.1 	0.270226  1  -3340.75  8713
O16 	14895.1 	0.61715  1  -3156.59  8730
O16 	14895.1 	0.462563  1  649.935  4549
O16 	14895.1 	0.320836  1  3179.23  1913
O16 	14895.1 	0.2833  1  -1224.77  6660
O16 	14895.1 	0.22887  1  1060.27  4075
O16 	14895.1 	0.942075  1  3233.85  1848
O16 	14895.1 	0.253646  1  -1022.53  6419
O16 	14895.1 	2.58742  1  -1159.78  6553
O16 	14895.1 	0.365276  1  -2004.38  7361
O16 	14895.1 	0.500677  1  190.627  5073
O16 	14895.1 	0.188682  1  4801.19  216
O16 	14895.1 	0.219246  1  858.802  4376
O16 	14895.1 	0.226975  1  3621.33  1462
O16 	14895.1 	0.247269  1  -299.152  5577
O16 	14895.1 	0.268651  1  -4071.76  9460
O16 	14895.1 	0.324893  1  -3302.31  8835
O16 	14895.1 	0.268647  1  -4287.21  9877
O16 	14895.1 	0.277399  1  3362.52  1731
O16 	14895.1 	0.211496  1  -2768.61  8247
O16 	14895.1 	0.355349  1  -1328.47  6749
O16 	14895.1 	0.61249  1  659.192  4584
O16 	14895.1 	0.305174  1  2158.94  3019
O16 	14895.1 	0.484702  1  2844.76  2206
O16 	14895.1 	0.234654  1  1745.84  3354
O16 	14895.1 	0.330153  1  3314.16  1798
O16 	14895.1 	0.346631  1  3058.89  2045
O16 	14895.1 	0.192213  1  1139.5  3987
O16 	14895.1 	0.261728  1  746.085  4508
O16 	14895.1 	0.369661  1  -4737.28  10325
O16 	14895.1 	0.236129  1  -4935.33  10490
O16 	14895.1 	0.27221  1  -1509.56  6786
O16 	14895.1 	0.238912  1  -3870.14  9371
O16 	14895.1 	1.5693  1  1931.59  3256
O16 	14895.1 	0.6227  1  618.484  4664
O16 	14895.1 	0.769389  1  -1646  7100
O16 	14895.1 	0.425253  1  -3941  9415
O16 	14895.1 	0.290264  1  -3575.76  9009
O16 	14895.1 	0.307048  1  4986.89  14
O16 	14895.1 	0.352263  1  -974.204  6273
O16 	14895.1 	0.202698  1  -4741.67  10320
O16 	14895.1 	0.209923  1  3755.89  1338
O16 	14895.1 	0.224203  1  602.142  4592
O16 	14895.1 	0.229077  1  4308.56  766
O16 	14895.1 	0.799618  1  461.976  4759
O16 	14895.1 	0.309173  1  2175.51  3038
O16 	14895.1 	1.15554  1  -2494.41  7830
O16 	14895.1 	0.219607  1  3106.1  2039
O16 	14895.1 	0.635743  1  3216.7  1829
O16 	14895.1 	0.204304  1  -1755.9  7074
O16 	14895.1 	0.265925  1  3144.6  2000
O16 	14895.1 	0.718464  1  4461.75  552
O16 	14895.1 	0.878057  1  -2932.45  8348
O16 	14895.1 	0.19276  1  4683.69  343
O16 	14895.1 	0.577534  1  591.189  4659
O16 	14895.1 	0.215446  1  4427.39  582
O16 	14895.1 	0.442738  1  1700.52  3437
O16 	14895.1 	0.246925  1  -1513.41  6853
O16 	14895.1 	0.828834  1  -4403.46  9867
O16 	14895.1 	0.673108  1  3429.53  1660
O16 	14895.1 	0.618633  1  2446.76  2704
O16 	14895.1 	0.292478  1  4330.84  690
O16 	14895.1 	0.270402  1  -488.782  5794
O16 	14895.1 	0.240819  1  614.268  4574
O16 	14895.1 	0.56483  1  -1413.52  6728
O16 	14895.1 	0.242239  1  -1687.61  7114
O16 	14895.1 	0.473149  1  -2657.29  7974
O16 	14895.1 	0.253169  1  4997.71  3
O16 	14895.1 	0.398753  1  -552.381  5902
O16 	14895.1 	2.94715  1  -789.579  5997
O16 	14895.1 	0.600879  1  2405.26  2686
O16 	14895.1 	0.360478  1  4371.87  665
O16 	14895.1 	0.192574  1  -4445.26  9873
O16 	14895.1 	0.549703  1  4333.51  722
O16 	14895.1 	0.242698  1  -4197.5  9667
O16 	14895.1 	0.261498  1  3204.75  1912
O16 	14895.1 	0.380283  1  3150.52  1905
O16 	14895.1 	0.195664  1  -2339.33  7610
O16 	14895.1 	0.631397  1  3001.23  2149
O16 	14895.1 	0.204517  1  3759.5  1296
O16 	14895.1 	0.452019  1  -3606.46  9038
O16 	14895.1 	0.224648  1  4855.41  150
O16 	14895.1 	0.207697  1  2127.88  3058
O16 	14895.1 	0.275807  1  707.82  4505
O16 	14895.1 	0.387331  1  -4456.51  9767
O16 	14895.1 	0.267378  1  3565.68  1481
O16 	14895.1 	0.221605  1  -3688.51  9105
O16 	14895.1 	0.465507  1  -346.03  5565
O16 	14895.1 	0.253659  1  1339.85  3878
O16 	14895.1 	0.221221  1  4987.26  20
O16 	14895.1 	1.45863  1  1665.69  3606
O16 	14895.1 	0.238952  1  4252.84  769
O16 	14895.1 	0.252661  1  -2838.5  8065
O16 	14895.1 	0.244764  1  4032.64  1067
O16 	14895.1 	0.460188  1  -4662.63  10124
O16 	14895.1 	0.706623  1  3242.13  1779
O16 	14895.1 	0.209097  1  -2719.39  8041
O16 	14895.1 	0.221102  1  -1057.3  6465
O16 	14895.1 	0.665942  1  -4357.4  9872
O16 	14895.1 	1.11875  1  -151.375  5507
O16 	14895.1 	0.320908  1  1586.02  3611
O16 	14895.1 	0.203929  1  -4554.08  10060
O16 	14895.1 	0.637398  1  3080.11  2054
O16 	14895.1 	0.234734  1  -829.308  6122
O16 	14895.1 	0.266059  1  1155.94  4077
O16 	14895.1 	2.06449  1  2027.91  3141
O16 	14895.1 	0.210212  1  1657.14  3541
O16 	14895.1 	0.333728  1  2061  3117
O16 	14895.1 	1.06188  1  -703.192  6022
O16 	14895.1 	0.388211  1  -1820.95  7180
O16 	14895.1 	0.205617  1  -532.357  5856
O16 	14895.1 	0.359517  1  -1131.31  6462
O16 	14895.1 	0.274182  1  -444.973  5683
O16 	14895.1 	0.199845  1  3532.98  1535
O16 	14895.1 	5.28997  1  2069.25  3126
O16 	14895.1 	0.514421  1  -3254.36  8682
O16 	14895.1 	0.501946  1  -3113.77  8565
O16 	14895.1 	0.194692  1  3892.21  1152
O16 	14895.1 	1.95787  1  -2130.47  7562
O16 	14895.1 	0.261074  1  1169.7  4122
O16 	14895.1 	0.197301  1  -3134.83  8631
O16 	14895.1 	0.314451  1  -4802.59  10402
O16 	14895.1 	0.212579  1  -1092.12  6189
O16 	14895.1 	0.215361  1  -4925.13  10295
O16 	14895.1 	0.405787  1  -3928  9353
O16 	14895.1 	0.359443  1  -284.982  5594
O16 	14895.1 	0.194567  1  -1428.13  6618
O16 	14895.1 	0.195803  1  4610.59  411
O16 	14895.1 	0.638005  1  -3214.56  8578
O16 	14895.1 	0.276799  1  4664.66  357
O16 	14895.1 	0.36695  1  -349.325  5601
O16 	14895.1 	0.478238  1  -3083.63  8556
O16 	14895.1 	4.94423  1  -3922.49  9378
O16 	14895.1 	0.277387  1  -2215.86  7495
O16 	14895.1 	0.270638  1  4243.79  772
O16 	14895.1 	0.351608  1  4517.05  497
O16 	14895.1 	0.413613  1  4042.23  1051
O16 	14895.1 	0.482756  1  -157.056  5500
O16 	14895.1 	0.216375  1  -4504.05  9755
O16 	14895.1 	0.409401  1  -308.15  5569
O16 	14895.1 	0.717504  1  75.1722  5230
O16 	14895.1 	0.789251  1  515.664  4702
O16 	14895.1 	0.294443  1  -1525.45  6764
O16 	14895.1 	0.194504  1  -4678.82  10157
O16 	14895.1 	0.305085  1  -2954.04  8236
O16 	14895.1 	0.235975  1  -3207.07  8477
O16 	14895.1 	0.26783  1  -3805.77  9306
O16 	14895.1 	0.2536  1  574.702  4615
O16 	14895.1 	0.216018  1  -2635.44  8083
O16 	14895.1 	0.243072  1  -3641.46  9131
O16 	14895.1 	0.211216  1  -4627.26  10026
O16 	14895.1 	0.430827  1  -3890.91  9297
O16 	14895.1 	0.221922  1  -3737.81  9129
O16 	14895.1 	0.403416  1  4720.24  310
O16 	14895.1 	0.333394  1  1867.25  3452
O16 	14895.1 	0.454269  1  4578.41  474
O16 	14895.1 	1.6495  1  806.136  4403
O16 	14895.1 	0.216648  1  -1974.33  7213
O16 	14895.1 	0.52858  1  -3076.96  8390
O16 	14895.1 	0.235124  1  1333.8  3918
O16 	14895.1 	0.215693  1  -526.255  5731
O16 	14895.1 	0.297329  1  -3414.32  8827
O16 	14895.1 	0.350102  1  3436.62  1753
O16 	14895.1 	0.344746  1  -1373.11  6828
O16 	14895.1 	0.188249  1  4355.69  676
O16 	14895.1 	0.280592  1  3500.39  1547
O16 	14895.1 	0.561488  1  4369.22  656
O16 	14895.1 	0.255716  1  -2399.83  7682
O16 	14895.1 	0.227415  1  -2612.77  7912
O16 	14895.1 	0.207678  1  1600.68  3653
O16 	14895.1 	0.283802  1  1597.13  3659
O16 	14895.1 	0.307635  1  853.563  4436
O16 	14895.1 	0.191257  1  -3656.4  9099
O16 	14895.1 	0.191893  1  -2436.15  7759
O16 	14895.1 	0.833515  1  4695.95  295
O16 	14895.1 	0.355127  1  1043.74  4124
O16 	14895.1 	0.392164  1  2890.57  2275
O16 	14895.1 	0.195325  1  1073.35  4091
O16 	14895.1 	0.30359  1  612.011  4562
O16 	14895.1 	4.76288  1  -1612.15  6914
O16 	14895.1 	0.292125  1  1796.99  3339
O16 	14895.1 	0.250988  1  2473.85  2640
O16 	14895.1 	0.241805  1  131.239  4992
O16 	14895.1 	0.236956  1  -2332.29  7753
O16 	14895.1 	1.26256  1  814.768  4342
O16 	14895.1 	0.300513  1  -2433.54  7917
O16 	14895.1 	0.26175  1  660.744  4544
O16 	14895.1 	0.319329  1  1311.95  3806
O16 	14895.1 	0.287889  1  3780.56  1322
O16 	14895.1 	0.287966  1  -4325.78  9805
O16 	14895.1 	0.36438  1  -3836.5  9210
O16 	14895.1 	1.85819  1  -942.461  6367
O16 	14895.1 	0.192625  1  -287.969  5453
O16 	14895.1 	0.304434  1  -3873.64  9349
O16 	14895.1 	0.352325  1  66.6075  5180
O16 	14895.1 	0.469551  1  -571.744  5905
O16 	14895.1 	0.741922  1  -902.816  6149
O16 	14895.1 	0.229401  1  -1490  6748
O16 	14895.1 	0.453137  1  1409.02  3880
O16 	14895.1 	0.480117  1  -749.047  6001
O16 	14895.1 	0.344817  1  1266.99  4031
O16 	14895.1 	0.614505  1  4660.01  383
O16 	14895.1 	0.199134  1  3258.46  1777
O16 	14895.1 	0.499783  1  1911.88  3251
O16 	14895.1 	0.204723  1  2602.18  2570
O16 	14895.1 	0.424854  1  -829.467  6202
O16 	14895.1 	0.478378  1  -3773.55  9262
O16 	14895.1 	0.509959  1  -3478  8954
O16 	14895.1 	0.402018  1  539.219  4736
O16 	14895.1 	2.49014  1  -396.768  5553
O16 	14895.1 	0.360978  1  -913.067  6113
O16 	14895.1 	0.193525  1  1670.28  3624
O16 	14895.1 	0.307088  1  -2502.4  7904
O16 	14895.1 	0.231874  1  -822.894  6274
O16 	14895.1 	0.402667  1  475.104  4768
O16 	14895.1 	0.190137  1  -1917.81  7336
O16 	14895.1 	0.809995  1  552.661  4742
O16 	14895.1 	0.483262  1  -2336.68  7667
O16 	14895.1 	0.504154  1  3161.48  1882
O16 	14895.1 	0.508178  1  2002.44  3268
O16 	14895.1 	0.281365  1  -1666.06  7205
O16 	14895.1 	0.307023  1  3838.2  1214
O16 	14895.1 	0.251677  1  849.29  4473
O16 	14895.1 	0.271568  1  775.245  4536
O16 	14895.1 	0.20971  1  -1750.59  7188
O16 	14895.1 	0.541675  1  -4398.03  10015
O16 	14895.1 	0.297862  1  3605.82  1451
O16 	14895.1 	0.535017  1  4543.84  426
O16 	14895.1 	0.884483  1  -1677.96  7059
O16 	14895.1 	0.325483  1  3572.2  1547
O16 	14895.1 	0.33507  1  -1786.25  7209
O16 	14895.1 	0.190736  1  4555.58  470
O16 	14895.1 	0.988796  1  3540.16  1528
O16 	14895.1 	0.45701  1  -2217.56  7541
O16 	14895.1 	0.260026  1  1936.86  3242
O16 	14895.1 	0.188884  1  -2977.63  8446
O16 	14895.1 	0.470877  1  -1201.58  6628
O16 	14895.1 	0.666173  1  -4024.63  9545
O16 	14895.1 	0.282917  1  -2441.26  7741
O16 	14895.1 	0.193847  1  3503.28  1592
O16 	14895.1 	0.230427  1  -2809.88  8171
O16 	14895.1 	0.807606  1  753.098  4601
O16 	14895.1 	0.288246  1  2455.56  2657
O16 	14895.1 	0.348528  1  -246.053  5489
O16 	14895.1 	0.201531  1  -3652.34  9155
O16 	14895.1 	2.57533  1  1009.61  4258
O16 	14895.1 	0.343161  1  -2146.37  7579
O16 	14895.1 	0.341917  1  -182.443  5473
O16 	14895.1 	0.815503  1  2169.07  2947
O16 	14895.1 	0.415714  1  -3353.88  8707
O16 	14895.1 	0.573034  1  4116.71  947
O16 	14895.1 	0.189382  1  2616.86  2534
O16 	14895.1 	0.552389  1  2845.21  2245
O16 	14895.1 	0.218591  1  -331.634  5584
O16 	14895.1 	0.486068  1  -1897.83  7218
O16 	14895.1 	0.200029  1  3502  1513
O16 	14895.1 	0.299942  1  369.772  4845
O16 	14895.1 	0.188902  1  -3611.06  9146
O16 	14895.1 	0.292381  1  -964.236  6294
O16 	14895.1 	0.19528  1  -4676.47  10376
O16 	14895.1 	0.403964  1  4229.32  788
O16 	14895.1 	0.264845  1  -1998.64  7535
O16 	14895.1 	0.192985  1  -4609.57  10275
O16 	14895.1 	0.293251  1  -1640.83  6958
O16 	14895.1 	0.35484  1  4929.78  78
O16 	14895.1 	0.338679  1  -3257.64  8721
O16 	14895.1 	0.877186  1  -140.743  5432
O16 	14895.1 	0.19905  1  1115.77  4025
O16 	14895.1 	0.499749  1  -1822.5  7162
O16 	14895.1 	0.25212  1  1633.87  3526
O16 	14895.1 	0.875436  1  52.0416  5219
O16 	14895.1 	0.263965  1  2100.92  3050
O16 	14895.1 	0.195247  1  -376.479  5718
O16 	14895.1 	0.477588  1  309.56  4979
O16 	14895.1 	0.195399  1  3833.12  1207
O16 	14895.1 	0.502339  1  -366.075  5683
O16 	14895.1 	0.245027  1  -4919.84  10269
O16 	14895.1 	0.228444  1  2625.56  2534
O16 	14895.1 	0.233171  1  2618.08  2451
O16 	14895.1 	0.357471  1  2295.44  2876
O16 	14895.1 	0.36507  1  1668.2  3514
O16 	14895.1 	0.241769  1  -3621.58  8991
O16 	14895.1 	0.311019  1  1095.31  4171
O16 	14895.1 	0.284673  1  -4169.11  9800
O16 	14895.1 	0.37832  1  911.11  4239
O16 	14895.1 	0.247687  1  -2722.57  8044
O16 	14895.1 	0.266666  1  2515.09  2672
O16 	14895.1 	0.437678  1  987.292  4131
O16 	14895.1 	0.735546  1  -109.422  5282
O16 	14895.1 	0.206671  1  -2203.94  7571
O16 	14895.1 	0.534496  1  -347.145  5645
O16 	14895.1 	0.195017  1  -320.959  5581
O16 	14895.1 	0.284098  1  -3839.02  9356
O16 	14895.1 	0.257818  1  -3890.6  9419
O16 	14895.1 	0.423979  1  4341.4  702
O16 	14895.1 	0.397948  1  -3142.65  8512
O16 	14895.1 	0.336249  1  -4934.38  10529
O16 	14895.1 	0.929169  1  -1578.7  6834
O16 	14895.1 	0.215686  1  2723.86  2390
O16 	14895.1 	0.675216  1  1697.42  3447
O16 	14895.1 	0.505405  1  -1515.54  6802
O16 	14895.1 	6.50487  1  -1300.28  6706
O16 	14895.1 	0.579185  1  4554.18  481
O16 	14895.1 	0.212265  1  -3282.37  8648
O16 	14895.1 	0.247167  1  862.683  4561
O16 	14895.1 	0.229541  1  -4204.55  9569
O16 	14895.1 	0.591776  1  -4680.99  10096
O16 	14895.1 	0.316496  1  -1196.19  6610
O16 	14895.1 	0.547496  1  2858.37  2272
O16 	14895.1 	0.602028  1  -1515.41  6913
O16 	14895.1 	0.209494  1  4066.76  948
O16 	14895.1 	0.322662  1  911.693  4363
O16 	14895.1 	0.191332  1  -4193.39  9641
O16 	14895.1 	0.938735  1  -917.429  6156
O16 	14895.1 	0.565896  1  1667.33  3581
O16 	14895.1 	0.880727  1  -4917.52  10503
O16 	14895.1 	0.282989  1  2844.59  2232
O16 	14895.1 	1.12376  1  -1382.78  6659
O16 	14895.1 	0.415722  1  -1561.53  6917
O16 	14895.1 	0.207883  1  3831  1249
O16 	14895.1 	0.287505  1  1595.04  3582
O16 	14895.1 	0.190012  1  88.493  5113
O16 	14895.1 	0.424061  1  -322.889  5724
O16 	14895.1 	0.758819  1  3191.77  1965
O16 	14895.1 	0.675006  1  353.359  4847
O16 	14895.1 	1.87919  1  2328.17  2836
O16 	14895.1 	0.310375  1  -2497.42  7923
O16 	14895.1 	0.490206  1  3210.04  1922
O16 	14895.1 	1.50056  1  1725.3  3381
O16 	14895.1 	0.228138  1  -296.614  5759
O16 	14895.1 	0.336092  1  4219.79  810
O16 	14895.1 	0.191242  1  -4670.48  10200
O16 	14895.1 	0.195468  1  3251.9  1877
O16 	14895.1 	0.259428  1  -460.244  5779
O16 	14895.1 	1.31059  1  -3021.99  8461
O16 	14895.1 	0.267622  1  -889.482  6194
O16 	14895.1 	0.229743  1  -4716.91  10173
O16 	14895.1 	0.3599  1  -1503.56  7093
O16 	14895.1 	0.275221  1  -3784.03  9318
O16 	14895.1 	0.490826  1  66.6166  5270
O16 	14895.1 	0.291163  1  -3250.31  8748
O16 	14895.1 	0.245677  1  696.342  4531
O16 	14895.1 	0.562286  1  3580.38  1534
O16 	14895.1 	0.214466  1  4510.6  490
O16 	14895.1 	0.273648  1  3021.79  2201
O16 	14895.1 	0.410785  1  3095.5  2037
O16 	14895.1 	0.574149  1  -481.905  5594
O16 	14895.1 	0.266447  1  3064.44  2085
O16 	14895.1 	0.455391  1  -2296.15  7632
O16 	14895.1 	0.464012  1  1546.9  3666
O16 	14895.1 	0.200636  1  -783.667  6121
O16 	14895.1 	0.252987  1  -1738.96  7175
O16 	14895.1 	0.21991  1  -153.953  5299
O16 	14895.1 	0.589051  1  -3431.9  8901
O16 	14895.1 	0.959522  1  -4078.28  9680
O16 	14895.1 	0.342375  1  -224.234  5411
O16 	14895.1 	0.207305  1  1248.65  3966
O16 	14895.1 	0.232657  1  3151.8  1982
O16 	14895.1 	0.448491  1  4831.05  181
O16 	14895.1 	0.209639  1  3890.6  1128
O16 	14895.1 	0.382571  1  -3490.19  9063
O16 	14895.1 	0.271757  1  62.7111  5255
O16 	14895.1 	0.240721  1  34.5601  5139
O16 	14895.1 	0.249244  1  -4252.35  9602
O16 	14895.1 	0.249871  1  -2599.94  7731
O16 	14895.1 	0.231085  1  4121.89  964
O16 	14895.1 	0.252843  1  114.935  5141
O16 	14895.1 	0.512288  1  -1069.68  6429
O16 	14895.1 	0.197242  1  839.313  4354
O16 	14895.1 	0.210881  1  3456.38  1607
O16 	14895.1 	0.632546  1  -986.1  6267
O16 	14895.1 	1.76733  1  3731.57  1386
O16 	14895.1 	0.284996  1  1787.66  3415
O16 	14895.1 	0.625389  1  2852.84  2173
O16 	14895.1 	0.372695  1  307.207  4907
O16 	14895.1 	0.764469  1  3726.53  1277
O16 	14895.1 	0.407407  1  2803.4  2351
O16 	14895.1 	0.246034  1  4733.04  271
O16 	14895.1 	0.559848  1  -23.2616  5394
O16 	14895.1 	0.279959  1  -3815.68  9316
O16 	14895.1 	0.249541  1  2447.85  2654
O16 	14895.1 	0.284698  1  3867.78  1161
O16 	14895.1 	0.210647  1  1654.36  3523
O16 	14895.1 	0.347073  1  2164.58  3045
O16 	14895.1 	0.33151  1  -669.296  6036
O16 	14895.1 	0.203448  1  212.832  4842
O16 	14895.1 	0.28786  1  4772.04  244
O16 	14895.1 	0.361733  1  25.7682  5162
O16 	14895.1 	0.268908  1  -4483.29  9965
O16 	14895.1 	0.255751  1  -2432.42  7872
O16 	14895.1 	0.411597  1  -20.1046  5372
O16 	14895.1 	0.271841  1  2950.13  2170
O16 	14895.1 	0.513158  1  -1762.91  7010
O16 	14895.1 	0.614268  1  -3594.79  8985
O16 	14895.1 	0.598099  1  415.547  4814
O16 	14895.1 	0.242228  1  273.587  4886
O16 	14895.1 	0.222354  1  -2015.37  7286
O16 	14895.1 	1.60841  1  2878.45  2298
O16 	14895.1 	0.226035  1  3741.81  1275
O16 	14895.1 	1.09696  1  329.67  4902
O16 	14895.1 	0.237288  1  4748.54  277
O16 	14895.1 	0.28058  1  179.456  5108
O16 	14895.1 	0.259792  1  2845.34  2228
O16 	14895.1 	0.639212  1  -707.318  5847
O16 	14895.1 	0.339154  1  -3700.7  9124
O16 	14895.1 	0.202602  1  871.925  4252
O16 	14895.1 	0.26367  1  1709.65  3382
O16 	14895.1 	0.272933  1  -4392.36  9889
O16 	14895.1 	0.45418  1  -48.1386  5282
O16 	14895.1 	0.222013  1  -957.042  6229
O16 	14895.1 	0.306865  1  1155.71  4092
O16 	14895.1 	0.188783  1  -3038.06  8447
O16 	14895.1 	0.462905  1  1995.95  3089
O16 	14895.1 	0.327278  1  1388.12  3885
O16 	14895.1 	1.32488  1  -2762.34  8313
O16 	14895.1 	0.281073  1  3367.96  1719
O16 	14895.1 	0.19952  1  -673.626  5807
O16 	14895.1 	0.28617  1  -4118.43  9378
O16 	14895.1 	0.314643  1  1398.33  3936
O16 	14895.1 	0.194535  1  -2275.02  7719
O16 	14895.1 	0.297731  1  4817.1  197
O16 	14895.1 	6.33369  1  2464.84  2492
O16 	14895.1 	0.412732  1  1879.48  3305
O16 	14895.1 	0.398855  1  530.104  4701
O16 	14895.1 	0.387546  1  -4338.11  9844
O16 	14895.1 	0.605408  1  -845.633  6193
O16 	14895.1 	0.223543  1  -2657.47  8091
O16 	14895.1 	0.355949  1  210.306  5079
O16 	14895.1 	0.427906  1  -4912  10433
O16 	14895.1 	0.356468  1  4085.76  936
O16 	14895.1 	0.230416  1  3665.53  1437
O16 	14895.1 	0.460366  1  -4507.73  10080
O16 	14895.1 	0.323139  1  -4690.41  10134
O16 	14895.1 	0.315355  1  1896.83  3224
O16 	14895.1 	0.363189  1  -2174.16  7676
O16 	14895.1 	0.212931  1  -2909.54  8131
O16 	14895.1 	0.297183  1  3544.22  1532
O16 	14895.1 	0.336937  1  -580.878  5870
O16 	14895.1 	0.392363  1  343.819  4922
O16 	14895.1 	0.33284  1  1951.56  3148
O16 	14895.1 	0.254219  1  -2654.02  8148
O16 	14895.1 	0.586089  1  -4056.38  9603
O16 	14895.1 	0.199347  1  1232.66  3937
O16 	14895.1 	0.265923  1  1356.71  3841
O16 	14895.1 	0.302113  1  4950.53  61
O16 	14895.1 	0.227444  1  699.39  4487
O16 	14895.1 	0.213967  1  -1016.49  6241
O16 	14895.1 	0.341331  1  4555.53  499
O16 	14895.1 	0.960083  1  -4061.53  9587
O16 	14895.1 	0.783257  1  4285.94  758
O16 	14895.1 	0.463521  1  1195.55  3997
O16 	14895.1 	0.350274  1  -3736.21  9233
O16 	14895.1 	0.227539  1  -1077.92  6455
O16 	14895.1 	0.299722  1  1873.66  3293
O16 	14895.1 	0.457933  1  -3140.38  8587
O16 	14895.1 	0.506947  1  -1565.96  6853
O16 	14895.1 	0.280514  1  -3573.07  9086
O16 	14895.1 	0.231354  1  -2364.23  7665
O16 	14895.1 	0.549735  1  -2762.02  8002
O16 	14895.1 	0.414115  1  4627.14  361
O16 	14895.1 	1.21773  1  -2666  7975
O16 	14895.1 	0.330558  1  3502.05  1552
O16 	14895.1 	0.200175  1  2252.58  2844
O16 	14895.1 	0.663769  1  4115.47  948
O16 	14895.1 	0.370087  1  -2696.61  8124
O16 	14895.1 	0.294225  1  935.179  4332
O16 	14895.1 	1.96447  1  1423.4  3756
O16 	14895.1 	0.540084  1  -551.833  5797
O16 	14895.1 	0.273107  1  4120.86  968
O16 	14895.1 	0.605572  1  213.681  5081
O16 	14895.1 	0.206677  1  3390.19  1726
O16 	14895.1 	0.194532  1  462.838  4720
O16 	14895.1 	0.200312  1  4588.06  408
O16 	14895.1 	0.879999  1  -4130.88  9563
O16 	14895.1 	1.00831  1  2032.84  3104
O16 	14895.1 	0.35708  1  375.062  5047
O16 	14895.1 	0.59587  1  126.693  5285
O16 	14895.1 	0.400811  1  2681.47  2429
O16 	14895.1 	0.286452  1  2436.69  2757
O16 	14895.1 	0.249072  1  821.954  4363
O16 	14895.1 	0.448812  1  660.8  4521
O16 	14895.1 	0.193236  1  -4177.2  9556
O16 	14895.1 	0.284955  1  1286.72  3970
O16 	14895.1 	0.202292  1  4241.02  774
O16 	14895.1 	0.670935  1  -4066.08  9463
O16 	14895.1 	0.240782  1  212.35  5158
O16 	14895.1 	0.263762  1  4598.97  446
O16 	14895.1 	0.214586  1  2663.64  2483
O16 	14895.1 	0.231479  1  2335.49  2828
O16 	14895.1 	0.371778  1  -417.961  5617
O16 	14895.1 	0.193315  1  2273.62  2933
O16 	14895.1 	0.238527  1  -314.91  5696
O16 	14895.1 	0.284096  1  -3715.12  9238
O16 	14895.1 	0.217311  1  2015.24  3208
O16 	14895.1 	0.193106  1  1979.31  3184
O16 	14895.1 	0.430631  1  1239.73  3985
O16 	14895.1 	0.20864  1  -4093.28  9616
O16 	14895.1 	0.414096  1  -2766.6  8175
O16 	14895.1 	0.218348  1  996.049  4307
O16 	14895.1 	0.322909  1  118.281  5139
O16 	14895.1 	0.829797  1  359.873  4846
O16 	14895.1 	0.280534  1  -1474.23  6834
O16 	14895.1 	6.45657  1  4836.08  188
O16 	14895.1 	0.507768  1  736.075  4546
O16 	14895.1 	0.278707  1  3205.33  1916
O16 	14895.1 	0.219542  1  -4713.79  10090
O16 	14895.1 	0.25007  1  -1447.1  6786
O16 	14895.1 	0.231873  1  -3429.55  8970
O16 	14895.1 	0.772388  1  2186.5  2933
O16 	14895.1 	0.358027  1  -3432.93  8980
O16 	14895.1 	3.02156  1  -175.241  5483
O16 	14895.1 	0.466575  1  4892.23  112
O16 	14895.1 	0.287869  1  -2731.02  8089
O16 	14895.1 	0.380995  1  1681.78  3533
O16 	14895.1 	7.90749  1  -563.945  5910
O16 	14895.1 	0.326393  1  494.009  4674
O16 	14895.1 	1.13374  1  -1330.44  6573
O16 	14895.1 	0.19006  1  2389.69  2754
O16 	14895.1 	0.18954  1  -2388.17  7947
O16 	14895.1 	0.378283  1  3300.56  1765
O16 	14895.1 	0.217078  1  2321.7  2799
O16 	14895.1 	0.254817  1  1153.11  4032
O16 	14895.1 	0.289652  1  267.902  4943
O16 	14895.1 	0.250254  1  2592.32  2461
O16 	14895.1 	0.221602  1  3514.38  1491
O16 	14895.1 	0.575554  1  -3660.7  9193
O16 	14895.1 	0.251615  1  1368.45  3807
O16 	14895.1 	0.193646  1  1551.53  3712
O16 	14895.1 	0.29009  1  4967.6  39
O16 	14895.1 	0.42158  1  1335.15  3792
O16 	14895.1 	0.290433  1  -257.581  5689
O16 	14895.1 	0.325249  1  3423.38  1684
O16 	14895.1 	0.20372  1  967.048  4295
O16 	14895.1 	0.258094  1  1718.72  3356
O16 	14895.1 	0.569961  1  -784.442  6074
O16 	14895.1 	1.33063  1  2833.77  2250
O16 	14895.1 	0.302137  1  -4374.14  9887
O16 	14895.1 	0.665175  1  4785.48  219
O16 	14895.1 	1.1552  1  -3935.53  9390
O16 	14895.1 	0.229173  1  4639.89  415
O16 	14895.1 	0.594211  1  4290.8  757
O16 	14895.1 	0.197607  1  -25.9954  5417
O16 	14895.1 	0.206909  1  -836.297  6289
O16 	14895.1 	0.28759  1  255.206  4964
O16 	14895.1 	0.480431  1  1852.92  3395
O16 	14895.1 	0.379478  1  -2773.9  8203
O16 	14895.1 	0.851991  1  -2803.53  8304
O16 	14895.1 	1.04502  1  -4551.28  9915
O16 	14895.1 	0.552779  1  -2202.27  7617
O16 	14895.1 	0.425583  1  782.443  4442
O16 	14895.1 	0.489354  1  489.997  4623
O16 	14895.1 	0.699802  1  2372.94  2865
O16 	14895.1 	0.950922  1  -4867.25  10187
O16 	14895.1 	2.54292  1  -1094.18  6506
O16 	14895.1 	1.24533  1  -798.287  6073
O16 	14895.1 	0.20295  1  -1645.47  6844
O16 	14895.1 	0.60037  1  2108.87  2994
O16 	14895.1 	0.211431  1  219.001  5070
O16 	14895.1 	0.31155  1  -3115.62  8711
O16 	14895.1 	0.281262  1  3636.19  1358
O16 	14895.1 	0.871525  1  -3591.52  9043
O16 	14895.1 	0.323112  1  4714.07  268
O16 	14895.1 	0.397876  1  -294.095  5608
O16 	14895.1 	0.355287  1  -1053.22  6416
O16 	14895.1 	0.491776  1  2438.61  2687
O16 	14895.1 	0.188909  1  -4903.66  10486
O16 	14895.1 	0.2223  1  3645.59  1386
O16 	14895.1 	0.444261  1  3775.75  1313
O16 	14895.1 	0.257567  1  -3997.76  9402
O16 	14895.1 	0.530666  1  -203.386  5403
O16 	14895.1 	0.228036  1  4415.2  618
O16 	14895.1 	0.365213  1  2094.93  3149
O16 	14895.1 	0.231757  1  -3254.59  8718
O16 	14895.1 	0.665543  1  -820.117  6110
O16 	14895.1 	0.453208  1  1512.6  3739
O16 	14895.1 	2.13684  1  -1350.11  6893
O16 	14895.1 	0.260315  1  -648.408  5947
O16 	14895.1 	1.06869  1  -2873.93  8340
O16 	14895.1 	0.372914  1  -3448.61  8943
O16 	14895.1 	0.219296  1  -706.235  6055
O16 	14895.1 	0.248556  1  1726.69  3377
O16 	14895.1 	0.24234  1  -3299.25  8638
O16 	14895.1 	0.215759  1  3047.22  2056
O16 	14895.1 	0.694581  1  3879.46  1201
O16 	14895.1 	0.272123  1  -3102.32  8650
O16 	14895.1 	0.494247  1  -4275.24  9901
O16 	14895.1 	1.15959  1  2524.35  2579
O16 	14895.1 	0.357106  1  3104.74  2007
O16 	14895.1 	0.215761  1  4593.56  433
O16 	14895.1 	0.358393  1  -2175.5  7574
O16 	14895.1 	2.96203  1  4454.56  565
O16 	14895.1 	0.243849  1  -3309.58  8640
O16 	14895.1 	0.269339  1  -2004.28  7236
O16 	14895.1 	0.437229  1  156.443  4955
O16 	14895.1 	0.473223  1  -1660.94  7114
O16 	14895.1 	0.19068  1  1028.84  4150
O16 	14895.1 	0.206127  1  -399.819  5606
O16 	14895.1 	0.241654  1  -3143.08  8443
O16 	14895.1 	0.195374  1  1786.2  3373
O16 	14895.1 	0.258774  1  -4599.66  9975
O16 	14895.1 	0.283622  1  -1529.26  6823
O16 	14895.1 	0.369841  1  -3386.32  8933
O16 	14895.1 	0.463282  1  484.11  4762
O16 	14895.1 	0.321221  1  3354.57  1699
O16 	14895.1 	0.43214  1  -3201.33  8672
O16 	14895.1 	0.232047  1  679.857  4589
O16 	14895.1 	0.218778  1  -486.435  5675
O16 	14895.1 	0.19276  1  4355.87  684
O16 	14895.1 	0.256198  1  26.1541  5113
O16 	14895.1 	0.309063  1  -3759.44  9440
O16 	14895.1 	0.700397  1  2796.15  2285
O16 	14895.1 	0.287648  1  -4516.59  9887
O16 	14895.1 	0.859037  1  2676.36  2455
O16 	14895.1 	0.20065  1  -2587.69  7806
O16 	14895.1 	0.344772  1  -3237.92  8481
O16 	14895.1 	0.326836  1  3891.37  1189
O16 	14895.1 	0.420308  1  -2033.67  7344
O16 	14895.1 	2.68858  1  4689.65  322
O16 	14895.1 	0.237611  1  4656.12  349
O16 	14895.1 	0.531831  1  3378.19  1637
O16 	14895.1 	0.282596  1  -423.771  5680
O16 	14895.1 	0.274251  1  618.38  4608
O16 	14895.1 	0.251242  1  -4036.61  9666
O16 	14895.1 	0.198195  1  3210.46  1882
O16 	14895.1 	0.281211  1  4777.28  241
O16 	14895.1 	0.336652  1  -2.46534  5298
O16 	14895.1 	0.23873  1  2158.35  3053
O16 	14895.1 	0.281749  1  650.458  4551
O16 	14895.1 	0.243252  1  56.9217  5116
O16 	14895.1 	1.20519  1  -674.621  5926
O16 	14895.1 	0.198433  1  -1307.5  6636
O16 	14895.1 	0.684224  1  382.818  4851
O16 	14895.1 	0.382631  1  3386.15  1717
O16 	14895.1 	0.203099  1  -1331.39  6642
O16 	14895.1 	0.251788  1  4867.83  138
O16 	14895.1 	1.17071  1  2772.03  2385
O16 	14895.1 	0.207934  1  -4189.16  9647
O16 	14895.1 	0.251656  1  -2064.92  7370
O16 	14895.1 	0.301095  1  -3116.95  8428
O16 	14895.1 	0.190222  1  -4436.44  9851
O16 	14895.1 	0.277182  1  2785.56  2335
O16 	14895.1 	0.220496  1  -2852.36  8203
O16 	14895.1 	0.294784  1  -701.627  5896
O16 	14895.1 	0.433301  1  -1963.28  7255
O16 	14895.1 	0.194871  1  -1426.85  6628
O16 	14895.1 	0.326575  1  -2777.1  8140
O16 	14895.1 	0.299584  1  4226.21  804
O16 	14895.1 	0.254873  1  1810.61  3328
O16 	14895.1 	0.503346  1  4315.89  741
O16 	14895.1 	0.209669  1  4742.39  245
O16 	14895.1 	0.368183  1  176.119  5045
O16 	14895.1 	0.29579  1  3272.71  1848
O16 	14895.1 	0.498543  1  2262.82  2897
O16 	14895.1 	1.21105  1  3165.31  1901
O16 	14895.1 	3.0509  1  3448.16  1659
O16 	14895.1 	2.01637  1  1024.45  4209
O16 	14895.1 	0.219512  1  -4268.85  9720
O16 	14895.1 	0.198314  1  2709  2459
O16 	14895.1 	0.202352  1  -1443.31  6753
O16 	14895.1 	0.996198  1  4660.28  397
O16 	14895.1 	0.222578  1  233.601  4976
O16 	14895.1 	0.202277  1  530.706  4807
O16 	14895.1 	0.356287  1  4983.76  24
O16 	14895.1 	0.228412  1  2639.23  2537
O16 	14895.1 	0.196288  1  -1743.38  7132
O16 	14895.1 	0.190055  1  91.6643  5198
O16 	14895.1 	0.210344  1  -2673.56  8202
O16 	14895.1 	0.222442  1  -1322.38  6588
O16 	14895.1 	0.260809  1  3201.42  1852
O16 	14895.1 	0.44164  1  -3891.89  9386
O16 	14895.1 	0.656338  1  1473.08  3802
O16 	14895.1 	1.39992  1  -4185.68  9673
O16 	14895.1 	3.38611  1  -585.346  5876
O16 	14895.1 	0.204165  1  4828.68  173
O16 	14895.1 	0.233266  1  4976.55  23
O16 	14895.1 	0.189155  1  2046.3  2975
O16 	14895.1 	0.195727  1  -2127.22  7586
O16 	14895.1 	0.233158  1  -2213.94  7437
O16 	14895.1 	0.213759  1  1970.03  3106
O16 	14895.1 	0.201633  1  -2314.87  7579
O16 	14895.1 	0.191854  1  -2523.66  7817
O16 	14895.1 	0.498908  1  2465.02  2653
O16 	14895.1 	1.50255  1  -2458.85  7934
O16 	14895.1 	0.398116  1  -2185.25  7596
O16 	14895.1 	0.332008  1  -3201.09  8672
O16 	14895.1 	0.421019  1  -1310.54  6729
O16 	14895.1 	0.275652  1  3725.54  1334
O16 	14895.1 	0.290642  1  4779.23  225
O16 	14895.1 	0.46986  1  3321.89  1725
O16 	14895.1 	0.192661  1  203.377  5043
O16 	14895.1 	0.198248  1  -507.885  5716
O16 	14895.1 	0.391524  1  3634.73  1431
O16 	14895.1 	1.24733  1  -4862.1  10370
O16 	14895.1 	0.219459  1  1616.08  3585
O16 	14895.1 	0.413334  1  301.04  4887
O16 	14895.1 	1.05319  1  3563.97  1486
O16 	14895.1 	0.322086  1  -2196.91  7541
O16 	14895.1 	0.312051  1  -4978.01  10260
O16 	14895.1 	0.188167  1  -4032.38  9402
O16 	14895.1 	0.431634  1  -1016.37  6140
O16 	14895.1 	0.485099  1  -2945.19  8323
O16 	14895.1 	0.290507  1  1481.28  3929
O16 	14895.1 	1.24903  1  -4640.33  10092
O16 	14895.1 	1.10566  1  -1419.07  6693
O16 	14895.1 	0.37897  1  2002.92  3181
O16 	14895.1 	0.26937  1  -3504.58  8891
O16 	14895.1 	0.251308  1  -389.347  5712
O16 	14895.1 	0.20972  1  -1871.08  7118
O16 	14895.1 	0.201549  1  918.364  4359
O16 	14895.1 	0.215735  1  -3013.96  8514
O16 	14895.1 	0.738139  1  1587.46  3605
O16 	14895.1 	0.375278  1  -2932.33  8277
O16 	14895.1 	0.261537  1  982.42  4271
O16 	14895.1 	0.608763  1  2037.16  3157
O16 	14895.1 	0.275963  1  2505.05  2597
O16 	14895.1 	0.536647  1  1490.12  3636
O16 	14895.1 	0.208965  1  3100.28  1993
O16 	14895.1 	0.241203  1  311.438  4976
O16 	14895.1 	1.21587  1  2440.95  2667
O16 	14895.1 	0.319293  1  -1590.23  6984
O16 	14895.1 	0.270295  1  2145.82  3065
O16 	14895.1 	0.206608  1  -485.12  6047
O16 	14895.1 	0.404663  1  984.263  4146
O16 	14895.1 	0.913903  1  -1096.99  6453
O16 	14895.1 	0.19228  1  -1391.02  6647
O16 	14895.1 	0.218911  1  -3467.99  8834
O16 	14895.1 	0.292729  1  1775.89  3454
O16 	14895.1 	0.577452  1  3916.53  1198
O16 	14895.1 	0.199686  1  3509.75  1515
O16 	14895.1 	0.211105  1  -4421.1  9921
O16 	14895.1 	0.528216  1  1467.88  3728
O16 	14895.1 	2.61018  1  -4887.06  10348
O16 	14895.1 	0.269991  1  1873.02  3204
O16 	14895.1 	0.944024  1  -4772.95  10299
O16 	14895.1 	0.252632  1  4289.33  737
O16 	14895.1 	0.599972  1  -3502.98  8906
O16 	14895.1 	0.231344  1  -3964.5  9197
O16 	14895.1 	0.604743  1  1022.4  4192
O16 	14895.1 	0.198332  1  3627.73  1399
O16 	14895.1 	0.338888  1  -2733.69  7962
O16 	14895.1 	0.373661  1  874.676  4379
O16 	14895.1 	1.54933  1  -2237.56  7693
O16 	14895.1 	0.201869  1  -2535.91  7961
O16 	14895.1 	0.282819  1  -2798.11  8121
O16 	14895.1 	0.204704  1  4337.03  670
O16 	14895.1 	0.255583  1  2562.42  2592
O16 	14895.1 	0.215205  1  -2311.75  7673
O16 	14895.1 	0.457914  1  -1596.81  6850
O16 	14895.1 	0.370257  1  4576.93  461
O16 	14895.1 	0.348425  1  2950.1  2195
O16 	14895.1 	0.474762  1  641.9  4653
O16 	14895.1 	0.204012  1  -1614.89  6988
O16 	14895.1 	0.218427  1  -2698.8  8089
O16 	14895.1 	2.4506  1  854.892  4399
O16 	14895.1 	0.836517  1  2661.67  2510
O16 	14895.1 	0.190144  1  1526.73  3596
O16 	14895.1 	0.467514  1  -3145.36  8591
O16 	14895.1 	0.442776  1  -4282.16  9822
O16 	14895.1 	0.3793  1  -3198.27  8662
O16 	14895.1 	2.22087  1  -4612.81  10135
O16 	14895.1 	4.0795  1  415.478  4870
O16 	14895.1 	0.43959  1  -3885.57  9403
O16 	14895.1 	2.65783  1  1809.31  3264
O16 	14895.1 	0.726369  1  -2461.49  7966
O16 	14895.1 	0.24863  1  -3021  8267
O16 	14895.1 	0.276018  1  37.2898  5308
O16 	14895.1 	0.360201  1  -3460.83  8844
O16 	14895.1 	0.439974  1  -2182.48  7528
O16 	14895.1 	0.220755  1  -1301.9  6719
O16 	14895.1 	0.200365  1  -1042.17  6273
O16 	14895.1 	0.192715  1  -598.349  5924
O16 	14895.1 	1.30457  1  2224.65  2946
O16 	14895.1 	0.355515  1  -1796.76  7227
O16 	14895.1 	0.378209  1  99.8632  5264
O16 	14895.1 	0.211512  1  -206.229  5588
O16 	14895.1 	0.294801  1  -4744.72  10325
O16 	14895.1 	11.6099  1  -557.508  5915
O16 	14895.1 	0.459008  1  -3359.03  8871
O16 	14895.1 	0.248744  1  -4480.03  9867
O16 	14895.1 	0.257317  1  -1989.58  7406
O16 	14895.1 	1.66134  1  4292.52  750
O16 	14895.1 	0.228651  1  1048.85  4248
O16 	14895.1 	0.217729  1  -3400.39  8910
O16 	14895.1 	0.191041  1  146.323  5012
O16 	14895.1 	3.62689  1  1141.84  4136
O16 	14895.1 	0.331899  1  -4338.08  9726
O16 	14895.1 	0.212075  1  -842.886  6269
O16 	14895.1 	0.432968  1  3167.31  1919
O16 	14895.1 	0.309125  1  1983.57  3150
O16 	14895.1 	0.327605  1  1426.13  3789
O16 	14895.1 	1.34349  1  2959.44  2173
O16 	14895.1 	0.339332  1  1450.05  3699
O16 	14895.1 	0.354958  1  -4396.07  9920
O16 	14895.1 	0.20203  1  3975.4  1067
O16 	14895.1 	0.304344  1  -1374.76  6598
O16 	14895.1 	0.245828  1  -2474.61  7698
O16 	14895.1 	0.285219  1  -4544.99  9856
O16 	14895.1 	0.197507  1  1616.19  3591
O16 	14895.1 	0.238868  1  -2065.54  7445
O16 	14895.1 	0.79715  1  3630.02  1483
O16 	14895.1 	0.522704  1  4984.18  24
O16 	14895.1 	0.198223  1  2525.76  2659
O16 	14895.1 	0.204525  1  -4123.88  9616
O16 	14895.1 	0.287775  1  -2204.92  7703
O16 	14895.1 	13.3007  1  1415.18  3768
O16 	14895.1 	0.194472  1  666.295  4451
O16 	14895.1 	0.45946  1  3237.46  1844
O16 	14895.1 	0.192042  1  -1914.59  7215
O16 	14895.1 	0.4699  1  -2744.18  8166
O16 	14895.1 	0.425313  1  491.048  4665
O16 	14895.1 	0.212837  1  -3740.54  9107
O16 	14895.1 	0.232124  1  3258.03  1808
O16 	14895.1 	0.328046  1  -613.868  5977
O16 	14895.1 	0.475872  1  407.984  4873
O16 	14895.1 	0.213732  1  4653.33  350
O16 	14895.1 	0.431728  1  -586.829  6060
O16 	14895.1 	0.456368  1  2077.61  3057
O16 	14895.1 	1.21511  1  4159.88  834
O16 	14895.1 	0.564696  1  -1373.75  6712
O16 	14895.1 	0.479628  1  -3373.17  8718
O16 	14895.1 	0.329325  1  872.292  4338
O16 	14895.1 	0.19605  1  -4517.63  9989
O16 	14895.1 	0.829337  1  -683.441  5896
O16 	14895.1 	0.622168  1  -160.693  5487
O16 	14895.1 	0.394108  1  -3652.39  9074
O16 	14895.1 	2.74838  1  -4484.48  9861
O16 	14895.1 	0.246649  1  448.904  4784
O16 	14895.1 	0.211134  1  -4033.35  9449
O16 	14895.1 	0.245906  1  127.01  5199
O16 	14895.1 	0.424791  1  2440.5  2679
O16 	14895.1 	0.504674  1  -4885.31  10314
O16 	14895.1 	0.31878  1  -2415.37  7857
O16 	14895.1 	1.6652  1  3376.21  1693
O16 	14895.1 	0.569949  1  -1198.51  6459
O16 	14895.1 	0.348115  1  650.623  4613
O16 	14895.1 	2.13724  1  -1266.11  6619
O16 	14895.1 	0.540146  1  -2324.77  7886
O16 	14895.1 	0.220741  1  -3103.86  8446
O16 	14895.1 	1.78056  1  -4820.6  10192
O16 	14895.1 	0.337331  1  2768.5  2367
O16 	14895.1 	0.227903  1  649.542  4573
O16 	14895.1 	0.225548  1  1533.34  3793
O16 	14895.1 	3.37512  1  3512.36  1577
O16 	14895.1 	0.228185  1  -3076.03  8507
O16 	14895.1 	0.213935  1  1656.97  3588
O16 	14895.1 	0.235425  1  156.793  5074
O16 	14895.1 	0.383692  1  -1214.77  6548
O16 	14895.1 	0.283853  1  -2327.97  7680
O16 	14895.1 	0.20938  1  -4252.63  9816
O16 	14895.1 	0.765366  1  4900.72  117
O16 	14895.1 	1.20805  1  120.376  5186
O16 	14895.1 	1.06708  1  -1224.88  6604
O16 	14895.1 	1.60328  1  -1694.15  6995
O16 	14895.1 	0.229155  1  -4355.27  9750
O16 	14895.1 	0.540721  1  1565.84  3476
O16 	14895.1 	0.332033  1  -354.023  5690
O16 	14895.1 	0.240492  1  -3729.23  9174
O16 	14895.1 	0.587921  1  1792.02  3471
O16 	14895.1 	0.244301  1  -4029.97  9518
O16 	14895.1 	0.197449  1  3880.22  1176
O16 	14895.1 	0.402249  1  502.792  4846
O16 	14895.1 	2.17431  1  -716.324  6075
O16 	14895.1 	0.343056  1  -4881.32  10395
O16 	14895.1 	0.211977  1  -723.042  6038
O16 	14895.1 	0.430635  1  -4411.67  10013
O16 	14895.1 	0.60435  1  -3253.85  8797
O16 	14895.1 	0.204907  1  -3333.7  8782
O16 	14895.1 	0.796385  1  2677.51  2397
O16 	14895.1 	0.199738  1  -242.137  5433
O16 	14895.1 	0.952984  1  -1356.71  6698
O16 	14895.1 	2.99076  1  -4471.2  9939
O16 	14895.1 	0.979468  1  -4295.98  9680
O16 	14895.1 	1.16687  1  -1437.39  6713
O16 	14895.1 	1.15566  1  324.076  4837
O16 	14895.1 	0.360179  1  1813.33  3401
O16 	14895.1 	0.22753  1  -3604.11  8984
O16 	14895.1 	0.32956  1  606.789  4631
O16 	14895.1 	0.318779  1  -508.068  5797
O16 	14895.1 	0.4079  1  338.369  4901
O16 	14895.1 	0.223121  1  -132.704  5471
O16 	14895.1 	0.354969  1  3963.26  1113
O16 	14895.1 	0.49904  1  3864.34  1212
O16 	14895.1 	0.450733  1  -2039.5  7383
O16 	14895.1 	2.35702  1  -2203.76  7560
O16 	14895.1 	0.292632  1  -2355.24  7775
O16 	14895.1 	6.20302  1  1937.62  3195
O16 	14895.1 	0.437526  1  -2806.59  8206
O16 	14895.1 	0.413996  1  2876.6  2226
O16 	14895.1 	0.442928  1  1888.17  3350
O16 	14895.1 	0.365752  1  4427.28  601
O16 	14895.1 	0.271511  1  2040.74  3066
O16 	14895.1 	0.318632  1  465.489  4705
O16 	14895.1 	0.380091  1  -24.2791  5423
O16 	14895.1 	0.211141  1  1291.46  3851
O16 	14895.1 	0.192835  1  -4387.17  9835
O16 	14895.1 	0.328784  1  -2104.85  7428
O16 	14895.1 	1.39838  1  -2125.19  7462
O16 	14895.1 	0.189296  1  2093.7  3105
O16 	14895.1 	0.227864  1  -1890.5  7284
O16 	14895.1 	3.04135  1  3539.84  1427
O16 	14895.1 	0.291636  1  3770.92  1299
O16 	14895.1 	1.54873  1  -375.996  5535
O16 	14895.1 	0.670123  1  -95.1604  5478
O16 	14895.1 	0.207313  1  -4364.05  10001
O16 	14895.1 	0.282873  1  -1432.91  6720
O16 	14895.1 	0.278466  1  1249.08  3989
O16 	14895.1 	0.23034  1  -1003.63  6237
O16 	14895.1 	0.339827  1  -3403.43  8820
O16 	14895.1 	1.10229  1  2109.28  3094
O16 	14895.1 	0.368013  1  -2192.05  7750
O16 	14895.1 	1.79919  1  4531.6  501
O16 	14895.1 	0.39413  1  -1507.8  6987
O16 	14895.1 	0.306032  1  1192.14  4056
O16 	14895.1 	3.10127  1  2160.82  3051
O16 	14895.1 	0.35502  1  204.574  5122
O16 	14895.1 	0.288831  1  2055.79  3127
O16 	14895.1 	0.292612  1  -2939.04  8324
O16 	14895.1 	0.472441  1  -1931.56  7363
O16 	14895.1 	0.506423  1  -1034.66  6353
O16 	14895.1 	0.19722  1  1122.46  4022
O16 	14895.1 	0.21295  1  -172.818  5417
O16 	14895.1 	0.211389  1  2661.84  2459
O16 	14895.1 	0.552654  1  4414.77  587
O16 	14895.1 	0.390479  1  4912.7  103
O16 	14895.1 	0.289696  1  -3507.23  8890
O16 	14895.1 	0.195841  1  -3330.09  8736
O16 	14895.1 	0.407442  1  4988.28  16
O16 	14895.1 	4.30814  1  -1965.84  7358
O16 	14895.1 	7.0315  1  -2297.69  7592
O16 	14895.1 	0.287316  1  4617.52  442
O16 	14895.1 	0.339928  1  -3919.42  9490
O16 	14895.1 	0.274148  1  4959.89  41
O16 	14895.1 	2.09622  1  2174.65  2988
O16 	14895.1 	0.19289  1  4899.29  108
O16 	14895.1 	0.378043  1  4608.08  411
O16 	14895.1 	1.09456  1  -4094.09  9566
O16 	14895.1 	0.325952  1  -3462.6  9044
O16 	14895.1 	0.337956  1  144.069  5042
O16 	14895.1 	1.51144  1  475.302  4772
O16 	14895.1 	0.34788  1  -2359.44  7789
O16 	14895.1 	0.245184  1  89.3687  5193
O16 	14895.1 	1.2234  1  631.341  4595
O16 	14895.1 	0.44199  1  -1124.12  6413
O16 	14895.1 	0.833629  1  -1004.6  6279
O16 	14895.1 	0.240497  1  3852.17  1173
O16 	14895.1 	0.572829  1  1861.74  3280
O16 	14895.1 	0.447909  1  -1339.45  6718
O16 	14895.1 	0.484719  1  3634.77  1507
O16 	14895.1 	0.359331  1  1426.49  3847
O16 	14895.1 	0.31937  1  3057.03  2004
O16 	14895.1 	0.432513  1  2601.31  2539
O16 	14895.1 	0.399883  1  922.025  4389
O16 	14895.1 	0.224333  1  1789.8  3400
O16 	14895.1 	0.446181  1  1472.98  3732
O16 	14895.1 	0.633748  1  2545.69  2640
O16 	14895.1 	0.196656  1  -3888.66  9411
O16 	14895.1 	0.202298  1  3735.01  1320
O16 	14895.1 	6.66082  1  1446.1  3783
O16 	14895.1 	0.692074  1  -1186.11  6535
O16 	14895.1 	0.414945  1  -4030.6  9634
O16 	14895.1 	0.426554  1  751.935  4466
O16 	14895.1 	0.272136  1  -1202.32  6480
O16 	14895.1 	0.462802  1  -1093.04  6540
O16 	14895.1 	0.200909  1  3536.49  1568
O16 	14895.1 	0.47136  1  -1873.69  7368
O16 	14895.1 	0.45931  1  1659.25  3481
O16 	14895.1 	0.378437  1  -3866.6  9374
O16 	14895.1 	0.734406  1  2749.22  2410
O16 	14895.1 	0.255908  1  -2632.26  8095
O16 	14895.1 	2.46218  1  2762.59  2336
O16 	14895.1 	0.268904  1  1414.55  3709
O16 	14895.1 	0.332975  1  -1876.41  7340
O16 	14895.1 	0.676657  1  -3374.2  8797
O16 	14895.1 	0.230706  1  2956.84  2136
O16 	14895.1 	0.34923  1  -3123.59  8498
O16 	14895.1 	0.295562  1  -1128.12  6332
O16 	14895.1 	3.96478  1  4613.72  373
O16 	14895.1 	0.286539  1  -4697.71  10276
O16 	14895.1 	0.197554  1  -1235.19  6551
O16 	14895.1 	0.269918  1  -1278.89  6819
O16 	14895.1 	0.244931  1  -2998.02  8518
O16 	14895.1 	0.276685  1  3908.07  1155
O16 	14895.1 	0.523764  1  580.55  4615
O16 	14895.1 	0.202477  1  -3489.21  9008
O16 	14895.1 	0.335224  1  -4703.74  10097
O16 	14895.1 	0.29953  1  -647.478  5899
O16 	14895.1 	0.200112  1  -3433.79  8646
O16 	14895.1 	0.221842  1  2895.92  2230
O16 	14895.1 	0.227275  1  2475.19  2560
O16 	14895.1 	0.260208  1  -549.586  5767
O16 	14895.1 	0.689102  1  -2675.63  8086
O16 	14895.1 	0.351926  1  -1368.57  6661
O16 	14895.1 	0.230584  1  119.42  5070
O16 	14895.1 	0.309738  1  -3526.78  8934
O16 	14895.1 	0.393947  1  -4098.08  9636
O16 	14895.1 	0.227056  1  -531.027  5751
O16 	14895.1 	0.228949  1  161.149  5019
O16 	14895.1 	0.192354  1  -707.181  6019
O16 	14895.1 	0.367623  1  -946.911  6242
O16 	14895.1 	0.304416  1  1066.57  4215
O16 	14895.1 	0.247942  1  -1230.74  6468
O16 	14895.1 	0.293204  1  -4267.83  9824
O16 	14895.1 	0.337797  1  441.057  4704
O16 	14895.1 	0.21508  1  2822.66  2227
O16 	14895.1 	0.213133  1  3115.31  1962
O16 	14895.1 	0.352791  1  -3706.78  9163
O16 	14895.1 	1.04487  1  -3925.82  9380
O16 	14895.1 	0.30122  1  -2249.21  7590
O16 	14895.1 	0.228119  1  2545.8  2657
O16 	14895.1 	0.212368  1  829.318  4279
O16 	14895.1 	0.754075  1  -1870.46  7315
O16 	14895.1 	0.74961  1  -641.056  5926
O16 	14895.1 	0.382584  1  -2434.35  7857
O16 	14895.1 	0.655769  1  3755.97  1331
O16 	14895.1 	0.325193  1  3352.59  1742
O16 	14895.1 	0.263258  1  -4189.6  9699
O16 	14895.1 	0.204317  1  4372.97  616
O16 	14895.1 	0.293186  1  2905.98  2279
O16 	14895.1 	0.229833  1  -27.5824  5273
O16 	14895.1 	0.204214  1  2747.48  2419
O16 	14895.1 	0.267905  1  -1331.56  6517
O16 	14895.1 	0.417816  1  -451.231  5889
O16 	14895.1 	0.345475  1  -1132.85  6421
O16 	14895.1 	0.352585  1  1260.32  3844
O16 	14895.1 	0.201239  1  4448.81  524
O16 	14895.1 	0.189586  1  -1342.06  6405
O16 	14895.1 	0.746719  1  -2182.8  7320
O16 	14895.1 	0.228041  1  -3206.42  8679
O16 	14895.1 	0.200046  1  3262.77  1812
O16 	14895.1 	0.24746  1  -658.819  5818
O16 	14895.1 	0.922607  1  2715.79  2484
O16 	14895.1 	0.390099  1  1715.38  3470
O16 	14895.1 	0.951876  1  2072.79  2971
O16 	14895.1 	0.883861  1  2561.51  2546
O16 	14895.1 	1.29285  1  3708.59  1369
O16 	14895.1 	0.235598  1  4357.7  670
O16 	14895.1 	0.404367  1  -4234.07  9859
O16 	14895.1 	0.711248  1  14.8105  5272
O16 	14895.1 	0.343766  1  -2225.3  7533
O16 	14895.1 	0.389441  1  1137.94  4185
O16 	14895.1 	0.629452  1  1139.62  4018
O16 	14895.1 	0.220482  1  2861.91  2188
O16 	14895.1 	1.29582  1  4071.32  995
O16 	14895.1 	0.398436  1  2288.1  2946
O16 	14895.1 	0.290428  1  -3876.58  9432
O16 	14895.1 	0.327851  1  -1742.62  7171
O16 	14895.1 	0.20039  1  -3983.15  9403
O16 	14895.1 	7.79464  1  1680.68  3525
O16 	14895.1 	1.40576  1  4041.32  1071
O16 	14895.1 	0.355808  1  -2734.18  8126
O16 	14895.1 	0.194524  1  846.135  4438
O16 	14895.1 	0.224317  1  -4135.29  9732
O16 	14895.1 	0.19324  1  -1853.85  7236
O16 	14895.1 	0.265484  1  854.787  4359
O16 	14895.1 	0.232792  1  -434.698  5659
O16 	14895.1 	0.729608  1  -4611.6  10003
O16 	14895.1 	1.01054  1  1398.69  3798
O16 	14895.1 	0.244437  1  3027.79  2106
O16 	14895.1 	4.85872  1  4532.29  467
O16 	14895.1 	0.237047  1  4769.4  266
O16 	14895.1 	0.272376  1  1093.05  4149
O16 	14895.1 	0.199289  1  1392.79  3796
O16 	14895.1 	0.237743  1  -2431.42  7967
O16 	14895.1 	4.73336  1  3463  1664
O16 	14895.1 	0.360346  1  2347.94  2813
O16 	14895.1 	0.472585  1  -4859.11  10293
O16 	14895.1 	0.251514  1  1091.22  4155
O16 	14895.1 	0.925575  1  -82.367  5458
O16 	14895.1 	0.302672  1  3076.74  2031
O16 	14895.1 	0.322439  1  -1727.59  7106
O16 	14895.1 	0.404746  1  -2925.13  8375
O16 	14895.1 	0.194045  1  -4724.57  10214
O16 	14895.1 	0.211011  1  -3342.76  8817
O16 	14895.1 	1.02233  1  -1104.39  6517
O16 	14895.1 	0.19543  1  2677.07  2489
O16 	14895.1 	2.24576  1  -760.539  6023
O16 	14895.1 	0.546998  1  -1191.86  6527
O16 	14895.1 	0.351836  1  -839.213  6079
O16 	14895.1 	0.266152  1  -3641.38  9045
O16 	14895.1 	0.23195  1  1074.16  4163
O16 	14895.1 	0.284731  1  -3943.89  9353
O16 	14895.1 	0.202667  1  -4855.49  10387
O16 	14895.1 	0.643049  1  -1205.52  6300
O16 	14895.1 	0.189278  1  210.454  5085
O16 	14895.1 	0.314261  1  -1425.38  6741
O16 	14895.1 	0.233593  1  4174.22  863
O16 	14895.1 	13.2191  1  -854.054  6108
O16 	14895.1 	0.226045  1  -4730.48  10411
O16 	14895.1 	0.202624  1  -2232.01  7508
O16 	14895.1 	0.653493  1  29.6052  5187
O16 	14895.1 	0.320367  1  -4604.65  10167
O16 	14895.1 	0.64721  1  -1218.79  6560
O16 	14895.1 	0.207752  1  1486.46  3708
O16 	14895.1 	0.277565  1  -2816.78  8347
O16 	14895.1 	0.276381  1  2815.15  2250
O16 	14895.1 	0.689807  1  2749.16  2420
O16 	14895.1 	0.789699  1  1783.22  3338
O16 	14895.1 	0.831505  1  3895.81  1164
O16 	14895.1 	0.224735  1  1124.28  4034
O16 	14895.1 	0.350345  1  2662.45  2458
O16 	14895.1 	0.316419  1  1325.18  3811
O16 	14895.1 	0.251478  1  -616.046  5904
O16 	14895.1 	0.591451  1  3399.78  1661
O16 	14895.1 	0.881335  1  707.11  4521
O16 	14895.1 	0.281038  1  2645.15  2515
O16 	14895.1 	0.314615  1  327.225  4954
O16 	14895.1 	0.212138  1  978.888  4141
O16 	14895.1 	0.21519  1  3061.1  2035
O16 	14895.1 	1.25873  1  -3763.01  9196
O16 	14895.1 	0.225533  1  -2296.31  7611
O16 	14895.1 	1.3681  1  -4119.29  9556
O16 	14895.1 	0.961578  1  4272.28  740
O16 	14895.1 	0.197078  1  445.535  4755
O16 	14895.1 	0.398007  1  1591.23  3563
O16 	14895.1 	0.608669  1  4870.65  138
O16 	14895.1 	0.27915  1  4997.7  6
O16 	14895.1 	0.314677  1  -1902.01  7262
O16 	14895.1 	0.366284  1  2116.61  3036
O16 	14895.1 	0.340081  1  -3327.48  8707
O16 	14895.1 	0.346371  1  4299.9  735
O16 	14895.1 	0.246591  1  2837.33  2274
O16 	14895.1 	1.12223  1  3295.2  1758
O16 	14895.1 	0.30064  1  4965.61  44
O16 	14895.1 	0.25917  1  -3833.34  9255
O16 	14895.1 	0.505951  1  3378.94  1651
O16 	14895.1 	0.91608  1  -3094.65  8478
O16 	14895.1 	0.463691  1  4832.64  173
O16 	14895.1 	0.663833  1  2479.56  2661
O16 	14895.1 	0.451129  1  1801.54  3216
O16 	14895.1 	0.365809  1  3784.24  1237
O16 	14895.1 	1.21193  1  -4614.18  10083
O16 	14895.1 	0.254335  1  -2603.26  7875
O16 	14895.1 	0.191035  1  -422.034  5844
O16 	14895.1 	0.226276  1  -2319.83  7766
O16 	14895.1 	0.816082  1  280.802  4946
O16 	14895.1 	0.767502  1  1090.03  4131
O16 	14895.1 	0.200563  1  422.632  4879
O16 	14895.1 	0.323475  1  4356.01  696
O16 	14895.1 	0.793139  1  2656.12  2526
O16 	14895.1 	0.22007  1  -1455.48  6746
O16 	14895.1 	0.334141  1  1917.2  3265
O16 	14895.1 	0.480598  1  1908.6  3329
O16 	14895.1 	0.369689  1  -3314.78  8796
O16 	14895.1 	0.26781  1  1598.88  3523
O16 	14895.1 	1.48608  1  1589.72  3536
O16 	14895.1 	0.324855  1  -3657.52  9007
O16 	14895.1 	0.212384  1  31.3417  5249
O16 	14895.1 	0.225036  1  -362.746  5643
O16 	14895.1 	0.323289  1  2904.25  2193
O16 	14895.1 	0.66623  1  2681.79  2445
O16 	14895.1 	0.207122  1  2577.47  2538
O16 	14895.1 	1.20429  1  -4263.33  9897
O16 	14895.1 	0.210694  1  -3768.89  9190
O16 	14895.1 	0.604242  1  -2839.03  8091
O16 	14895.1 	0.296464  1  1574.91  3604
O16 	14895.1 	0.19925  1  3049.82  2112
O16 	14895.1 	0.198577  1  2164.93  2992
O16 	14895.1 	0.261026  1  967.282  4253
O16 	14895.1 	0.312847  1  379.424  4828
O16 	14895.1 	0.239327  1  2166.28  2998
O16 	14895.1 	0.221886  1  3630.77  1375
O16 	14895.1 	0.320309  1  -3731.46  9097
O16 	14895.1 	0.327257  1  1412.37  3810
O16 	14895.1 	0.847329  1  4817.48  196
O16 	14895.1 	0.772932  1  2267.32  2870
O16 	14895.1 	0.373274  1  -1375.14  6781
O16 	14895.1 	0.426628  1  2495.39  2581
O16 	14895.1 	1.1286  1  4172.48  886
O16 	14895.1 	0.535665  1  2340.77  2782
O16 	14895.1 	0.80719  1  2020.26  3089
O16 	14895.1 	0.31319  1  1896.14  3223
O16 	14895.1 	0.497252  1  -796.632  6082
O16 	14895.1 	0.284892  1  2895.55  2177
O16 	14895.1 	0.419004  1  4892.09  97
O16 	14895.1 	0.272122  1  2270.46  2945
O16 	14895.1 	0.24742  1  1991.67  3191
O16 	14895.1 	0.200207  1  -4227.43  9742
O16 	14895.1 	0.1892  1  -569.358  5988
O16 	14895.1 	1.18162  1  2588.29  2508
O16 	14895.1 	4.71572  1  -1434.79  6741
O16 	14895.1 	0.913595  1  -4563.81  10173
O16 	14895.1 	0.381726  1  -2287.6  7714
O16 	14895.1 	0.521379  1  -4793.1  10233
O16 	14895.1 	0.275449  1  -791.867  6178
O16 	14895.1 	0.318173  1  3235.11  1869
O16 	14895.1 	0.203832  1  3174.96  1832
O16 	14895.1 	0.295942  1  2462.95  2693
O16 	14895.1 	0.21359  1  -2300.85  7666
O16 	14895.1 	0.387098  1  -3788.74  9194
O16 	14895.1 	0.507759  1  -878.544  6166
O16 	14895.1 	0.206923  1  -3770.77  8907
O16 	14895.1 	0.232296  1  2863.19  2304
O16 	14895.1 	0.191606  1  -2058.58  7447
O16 	14895.1 	1.1767  1  1903.97  3251
O16 	14895.1 	0.266501  1  1689.06  3543
O16 	14895.1 	0.208081  1  -2749  8271
O16 	14895.1 	0.523279  1  -2949.16  8379
O16 	14895.1 	0.243051  1  303.217  4820
O16 	14895.1 	2.28621  1  3613.78  1480
O16 	14895.1 	0.244618  1  -388.632  5622
O16 	14895.1 	0.234051  1  -4689.48  10109
O16 	14895.1 	0.425335  1  -1711.04  7070
O16 	14895.1 	2.24197  1  1218.76  3990
O16 	14895.1 	0.386045  1  795.072  4413
O16 	14895.1 	0.193427  1  -1470.52  6822
O16 	14895.1 	0.423787  1  -4029.68  9572
O16 	14895.1 	1.29934  1  -3347.71  8740
O16 	14895.1 	0.189068  1  265.798  4981
O16 	14895.1 	0.3222  1  1092.42  4181
O16 	14895.1 	0.535121  1  -4132.89  9644
O16 	14895.1 	0.251138  1  2133.26  2992
O16 	14895.1 	0.197625  1  3108.48  2009
O16 	14895.1 	0.589113  1  -4966.57  10470
O16 	14895.1 	0.448384  1  -91.2923  5273
O16 	14895.1 	0.194491  1  2852.54  2225
O16 	14895.1 	0.25148  1  3135.55  1905
O16 	14895.1 	0.328849  1  -4469.52  9975
O16 	14895.1 	0.191642  1  -386.467  5615
O16 	14895.1 	0.212771  1  101.725  5190
O16 	14895.1 	0.197889  1  898.324  4329
O16 	14895.1 	0.336537  1  -648.511  5960
O16 	14895.1 	0.401162  1  2824.09  2261
O16 	14895.1 	0.38375  1  2240.77  2872
O16 	14895.1 	0.233469  1  -3748.87  9127
O16 	14895.1 	0.762379  1  2729.21  2404
O16 	14895.1 	0.509747  1  4923.59  85
O16 	14895.1 	0.311018  1  -2270.42  7752
O16 	14895.1 	2.35367  1  -1103.55  6435
O16 	14895.1 	0.289019  1  -375.144  5628
O16 	14895.1 	0.221635  1  1617.47  3513
O16 	14895.1 	0.392693  1  -1373.46  6665
O16 	14895.1 	0.328141  1  -1192.9  6613
O16 	14895.1 	1.37752  1  3463.58  1590
O16 	14895.1 	0.354513  1  4496.45  557
O16 	14895.1 	1.74776  1  -1891.23  7371
O16 	14895.1 	0.215635  1  -3564.82  9184
O16 	14895.1 	1.35718  1  -4322.31  9715
O16 	14895.1 	0.678275  1  -3885.07  9290
O16 	14895.1 	0.324949  1  3460.09  1562
O16 	14895.1 	0.384995  1  -3480.03  8923
O16 	14895.1 	0.229925  1  -330.498  5574
O16 	14895.1 	0.331294  1  4603.27  396
O16 	14895.1 	9.16961  1  3798.47  1194
O16 	14895.1 	0.428517  1  2768.5  2360
O16 	14895.1 	0.198551  1  -4813.65  10300
O16 	14895.1 	0.222172  1  2976.78  2153
O16 	14895.1 	2.3588  1  3301.43  1787
O16 	14895.1 	1.02469  1  584.175  4637
O16 	14895.1 	0.507557  1  -647.798  5894
O16 	14895.1 	0.252731  1  -2503.1  7932
O16 	14895.1 	0.904661  1  -781.545  6059
O16 	14895.1 	0.526129  1  852.114  4290
O16 	14895.1 	0.500933  1  -3365.36  8738
O16 	14895.1 	0.631447  1  -1058.06  6359
O16 	14895.1 	0.231238  1  1756.74  3376
O16 	14895.1 	0.336457  1  -3318.35  8771
O16 	14895.1 	0.273877  1  -3545.7  8993
O16 	14895.1 	0.314537  1  -1397.38  6710
O16 	14895.1 	0.224072  1  -1057.73  6317
O16 	14895.1 	0.24711  1  -4440.81  9794
O16 	14895.1 	0.449244  1  4665.6  358
O16 	14895.1 	0.577352  1  4400.7  604
O16 	14895.1 	0.27136  1  -4373.03  9826
O16 	14895.1 	0.259131  1  1733.14  3413
O16 	14895.1 	3.86426  1  -2320.19  7691
O16 	14895.1 	0.196731  1  3714.72  1373
O16 	14895.1 	0.226497  1  -801.21  6055
O16 	14895.1 	0.249762  1  1389.76  3801
O16 	14895.1 	0.830538  1  -105.038  5472
O16 	14895.1 	0.312565  1  2838.09  2283
O16 	14895.1 	0.464571  1  1421.66  3731
O16 	14895.1 	0.208196  1  -2950.2  8395
O16 	14895.1 	0.275593  1  -4281.7  9810
O16 	14895.1 	0.374529  1  4221.36  858
O16 	14895.1 	0.571693  1  4788.25  203
O16 	14895.1 	0.246633  1  4618.9  395
O16 	14895.1 	2.31942  1  -692.731  6049
O16 	14895.1 	0.583453  1  -4679.77  10186
O16 	14895.1 	0.276092  1  -1944.26  7436
O16 	14895.1 	1.24779  1  949.289  4379
O16 	14895.1 	0.227178  1  1540.57  3642
O16 	14895.1 	0.214846  1  -3541.69  8931
O16 	14895.1 	1.0612  1  2864.63  2182
O16 	14895.1 	0.482618  1  722.796  4492
O16 	14895.1 	0.232317  1  4619.98  409
O16 	14895.1 	2.25773  1  2356.44  2730
O16 	14895.1 	0.26441  1  -1721.84  7034
O16 	14895.1 	2.07095  1  975.901  4342
O16 	14895.1 	0.192968  1  395.242  4923
O16 	14895.1 	2.97585  1  4099.77  875
O16 	14895.1 	0.190168  1  4323.95  696
O16 	14895.1 	0.245632  1  -2991.55  8351
O16 	14895.1 	0.207518  1  -4369.44  9745
O16 	14895.1 	0.661127  1  2810.56  2391
O16 	14895.1 	1.9339  1  4090.72  977
O16 	14895.1 	0.205272  1  -4108.21  9603
O16 	14895.1 	0.253743  1  4062.75  1026
O16 	14895.1 	0.314114  1  -2163.1  7412
O16 	14895.1 	0.210567  1  -912.729  6202
O16 	14895.1 	0.200293  1  -3186.42  8573
O16 	14895.1 	0.797438  1  4339.72  676
O16 	14895.1 	1.49697  1  -3585.34  8906
O16 	14895.1 	1.28893  1  -4241.09  9610
O16 	14895.1 	0.259597  1  2812.15  2399
O16 	14895.1 	0.23156  1  -669.877  5994
O16 	14895.1 	0.425382  1  -3192.97  8554
O16 	14895.1 	0.44802  1  4633  392
O16 	14895.1 	0.205908  1  513.081  4788
O16 	14895.1 	0.293217  1  3216.86  1870
O16 	14895.1 	0.294834  1  -181.454  5538
O16 	14895.1 	0.302353  1  -4036.52  9595
O16 	14895.1 	1.14098  1  -3688.2  9092
O16 	14895.1 	0.28999  1  1881.75  3262
O16 	14895.1 	1.72774  1  -1441.6  6702
O16 	14895.1 	0.231803  1  1450.76  3759
O16 	14895.1 	0.396146  1  -2529.92  7994
O16 	14895.1 	0.247711  1  -2242.04  7644
O16 	14895.1 	0.733389  1  -2538.43  7865
O16 	14895.1 	0.203799  1  2530.47  2541
O16 	14895.1 	0.584611  1  -1411.69  6750
O16 	14895.1 	0.329151  1  -473.551  5734
O16 	14895.1 	0.216905  1  -3279.65  8751
O16 	14895.1 	0.480242  1  2757.63  2425
O16 	14895.1 	4.63154  1  976.738  4079
O16 	14895.1 	0.21466  1  2658.02  2472
O16 	14895.1 	0.37459  1  -25.5919  5252
O16 	14895.1 	0.209233  1  1563.96  3712
O16 	14895.1 	0.214173  1  -2364.98  7632
O16 	14895.1 	0.271778  1  -4328.55  9837
O16 	14895.1 	0.367772  1  1262.77  3902
O16 	14895.1 	0.19232  1  -2801.44  8123
O16 	14895.1 	0.21767  1  4680.86  345
O16 	14895.1 	0.267463  1  4607.27  400
O16 	14895.1 	0.406134  1  -4889.05  10519
O16 	14895.1 	4.11888  1  3623.66  1422
O16 	14895.1 	0.225574  1  407.211  4754
