O16 	14895.1 	0.226685  1  -1396.88  6660
O16 	14895.1 	0.192242  1  -4247.8  9782
O16 	14895.1 	0.392033  1  -679.783  6015
O16 	14895.1 	0.662866  1  -4410.78  9879
O16 	14895.1 	0.27587  1  -2388.05  7676
O16 	14895.1 	0.215133  1  537.51  4591
O16 	14895.1 	0.319679  1  214.517  5031
O16 	14895.1 	0.450658  1  559.439  4733
O16 	14895.1 	0.241295  1  3947.66  1103
O16 	14895.1 	0.644428  1  -748.805  5982
O16 	14895.1 	0.190554  1  -3672.47  8924
O16 	14895.1 	0.638338  1  -2497.68  7971
O16 	14895.1 	0.191692  1  2208.87  2930
O16 	14895.1 	0.48828  1  770.467  4351
O16 	14895.1 	0.544181  1  3791.48  1307
O16 	14895.1 	0.272921  1  1425.34  3706
O16 	14895.1 	0.369628  1  3241.37  1822
O16 	14895.1 	0.659973  1  -1857.08  7105
O16 	14895.1 	0.218541  1  1772.34  3337
O16 	14895.1 	0.250775  1  4319.9  747
O16 	14895.1 	0.216375  1  4232.74  826
O16 	14895.1 	0.376978  1  314.888  5031
O16 	14895.1 	0.391873  1  -3839.12  9412
O16 	14895.1 	0.21408  1  -2069.81  7419
O16 	14895.1 	0.366148  1  -4170.33  9684
O16 	14895.1 	0.225672  1  1661.13  3460
O16 	14895.1 	0.22109  1  2230.63  2985
O16 	14895.1 	0.388708  1  -1413.2  6863
O16 	14895.1 	0.218327  1  4683.97  322
O16 	14895.1 	0.641239  1  1781.78  3317
O16 	14895.1 	0.205609  1  -4153.93  9655
O16 	14895.1 	0.280302  1  -1603.48  7000
O16 	14895.1 	0.338297  1  -1045.43  6357
O16 	14895.1 	1.13754  1  3837.64  1212
O16 	14895.1 	0.253244  1  740.959  4475
O16 	14895.1 	0.386107  1  -2408.01  7863
O16 	14895.1 	0.49857  1  981.448  4164
O16 	14895.1 	0.302582  1  2352.58  2840
O16 	14895.1 	0.348043  1  -340.909  5659
O16 	14895.1 	0.236366  1  -561.383  5648
O16 	14895.1 	0.237523  1  -612.441  5704
O16 	14895.1 	0.218468  1  -3054.58  8342
O16 	14895.1 	0.270646  1  3876.77  1183
O16 	14895.1 	0.262653  1  -1841.96  7188
O16 	14895.1 	0.237134  1  1508.94  3643
O16 	14895.1 	0.259426  1  -4056.4  9492
O16 	14895.1 	0.204441  1  3228.87  1906
O16 	14895.1 	0.287115  1  2025.93  3165
O16 	14895.1 	0.192446  1  863.559  4396
O16 	14895.1 	0.767274  1  2112.27  3026
O16 	14895.1 	0.343169  1  323.747  5026
O16 	14895.1 	0.412038  1  4721.18  297
O16 	14895.1 	0.686683  1  -2355.07  7796
O16 	14895.1 	0.209863  1  1317.97  3915
O16 	14895.1 	0.238897  1  818.35  4477
O16 	14895.1 	0.658394  1  1117.21  4179
O16 	14895.1 	0.878137  1  681.764  4575
O16 	14895.1 	0.242056  1  1111.32  4104
O16 	14895.1 	0.204746  1  3040.28  2091
O16 	14895.1 	0.617846  1  352.567  4975
O16 	14895.1 	0.292931  1  -2294.49  7731
O16 	14895.1 	0.734702  1  781.097  4522
O16 	14895.1 	0.333713  1  -2053.71  7448
O16 	14895.1 	0.192112  1  -3763.68  9365
O16 	14895.1 	0.191021  1  -3861.42  9278
O16 	14895.1 	0.846065  1  -1772.8  7176
O16 	14895.1 	0.279408  1  -372.255  5671
O16 	14895.1 	0.207287  1  1753.41  3299
O16 	14895.1 	0.256715  1  3273.59  1852
O16 	14895.1 	0.326452  1  -100.916  5343
O16 	14895.1 	0.406645  1  -1229.81  6522
O16 	14895.1 	0.380996  1  2636.94  2463
O16 	14895.1 	0.353699  1  4410.27  625
O16 	14895.1 	0.316774  1  -4411.62  9801
O16 	14895.1 	0.188585  1  -564.375  5922
O16 	14895.1 	0.416018  1  3983.47  1063
O16 	14895.1 	0.273251  1  3108.26  2002
O16 	14895.1 	0.22026  1  3273.49  1823
O16 	14895.1 	0.437369  1  -1294.88  6532
O16 	14895.1 	0.636209  1  -3037.84  8417
O16 	14895.1 	1.1652  1  -923.726  6337
O16 	14895.1 	0.662095  1  -4360.95  9852
O16 	14895.1 	0.540326  1  -4011.21  9504
O16 	14895.1 	0.319112  1  4321.68  747
O16 	14895.1 	0.230772  1  1351.85  3849
O16 	14895.1 	0.88619  1  3479.82  1661
O16 	14895.1 	0.26728  1  -1187.77  6520
O16 	14895.1 	0.22452  1  -2382.16  7791
O16 	14895.1 	0.312681  1  2827.93  2357
O16 	14895.1 	0.28178  1  3450.43  1564
O16 	14895.1 	0.217713  1  -3353.75  8841
O16 	14895.1 	0.278259  1  2685.33  2416
O16 	14895.1 	0.249137  1  2879.38  2257
O16 	14895.1 	0.262129  1  3578.16  1476
O16 	14895.1 	0.352916  1  -3662.77  9190
O16 	14895.1 	0.620504  1  -1736.06  7133
O16 	14895.1 	0.206633  1  -2386.18  7784
O16 	14895.1 	0.265517  1  4207.67  877
O16 	14895.1 	0.417967  1  3223.5  1927
O16 	14895.1 	0.43023  1  -1286.67  6677
O16 	14895.1 	0.661197  1  1947.56  3204
O16 	14895.1 	0.53194  1  4932.57  70
O16 	14895.1 	1.31846  1  -2464.79  7872
O16 	14895.1 	0.350118  1  -308.421  5491
O16 	14895.1 	1.2635  1  -1931.45  7403
O16 	14895.1 	0.224937  1  332.883  4892
O16 	14895.1 	0.238924  1  -3188.35  8523
O16 	14895.1 	1.85539  1  -1384.87  6860
O16 	14895.1 	0.398081  1  2173.94  3007
O16 	14895.1 	0.302294  1  4419.83  593
O16 	14895.1 	0.476041  1  1222.03  3917
O16 	14895.1 	1.5908  1  -2241.91  7525
O16 	14895.1 	0.212332  1  -3431.45  8917
O16 	14895.1 	0.235403  1  4549.12  463
O16 	14895.1 	0.257887  1  225.968  4993
O16 	14895.1 	0.268367  1  -2641.58  8032
O16 	14895.1 	0.227885  1  3591.6  1428
O16 	14895.1 	0.372928  1  810.329  4381
O16 	14895.1 	0.333372  1  2253.25  2854
O16 	14895.1 	0.215186  1  846.822  4306
O16 	14895.1 	0.196202  1  -3682.45  8947
O16 	14895.1 	0.593299  1  882.076  4243
O16 	14895.1 	0.460663  1  4840.78  174
O16 	14895.1 	0.266589  1  -415.645  5630
O16 	14895.1 	0.353003  1  3738.63  1300
O16 	14895.1 	0.480316  1  -913.082  6236
O16 	14895.1 	1.54496  1  3394.46  1660
O16 	14895.1 	0.302888  1  612.736  4637
O16 	14895.1 	2.36756  1  -3768.2  9087
O16 	14895.1 	8.25003  1  -3769.51  9154
O16 	14895.1 	0.746001  1  -855.559  6127
O16 	14895.1 	0.267069  1  3199.91  1864
O16 	14895.1 	0.263276  1  -3434.46  8935
O16 	14895.1 	0.342149  1  58.6586  5221
O16 	14895.1 	0.301628  1  -4973.11  10451
O16 	14895.1 	0.744339  1  916.895  4337
O16 	14895.1 	0.331788  1  324.551  4981
O16 	14895.1 	0.698103  1  -2390.62  7715
O16 	14895.1 	0.253149  1  -1959.64  7399
O16 	14895.1 	0.306957  1  1385.42  3827
O16 	14895.1 	0.299061  1  663.752  4590
O16 	14895.1 	0.327907  1  2253.36  2905
O16 	14895.1 	0.36558  1  -2013  7392
O16 	14895.1 	0.228193  1  3736.07  1318
O16 	14895.1 	0.236753  1  -687.949  6022
O16 	14895.1 	5.28289  1  -3214.73  8657
O16 	14895.1 	0.204832  1  -3992.65  9478
O16 	14895.1 	1.51639  1  2150.8  3002
O16 	14895.1 	0.459239  1  -895.722  6182
O16 	14895.1 	1.18589  1  -1814.13  7203
O16 	14895.1 	0.443306  1  -93.2572  5355
O16 	14895.1 	0.224517  1  816.01  4408
O16 	14895.1 	2.19678  1  -427.751  5758
O16 	14895.1 	0.312792  1  -4558.72  9929
O16 	14895.1 	0.26489  1  1462.23  3636
O16 	14895.1 	0.35201  1  1322.09  3820
O16 	14895.1 	0.45079  1  -1478.61  6770
O16 	14895.1 	0.517669  1  2086.56  3093
O16 	14895.1 	0.803564  1  -2841.44  8324
O16 	14895.1 	0.931497  1  -2878.59  8438
O16 	14895.1 	0.22449  1  -3595.94  9218
O16 	14895.1 	0.644689  1  3532.3  1504
O16 	14895.1 	0.194096  1  -3381.44  8798
O16 	14895.1 	0.223618  1  1878.35  3255
O16 	14895.1 	0.532735  1  -1431.71  6710
O16 	14895.1 	0.229455  1  -2520.43  7957
O16 	14895.1 	0.33847  1  4122.03  925
O16 	14895.1 	0.347587  1  -2489.09  7897
O16 	14895.1 	1.00228  1  3041.44  1991
O16 	14895.1 	0.938844  1  4361.32  692
O16 	14895.1 	0.198504  1  -684.856  5857
O16 	14895.1 	0.469292  1  963.358  4282
O16 	14895.1 	0.258794  1  299.315  5013
O16 	14895.1 	0.240929  1  -3415.35  8752
O16 	14895.1 	0.209126  1  -2141.64  7534
O16 	14895.1 	0.469672  1  3877.74  1199
O16 	14895.1 	0.498958  1  -2025.92  7294
O16 	14895.1 	0.247947  1  -428.828  5805
O16 	14895.1 	0.214111  1  -1727.63  7255
O16 	14895.1 	0.255871  1  -3469.42  9026
O16 	14895.1 	0.361948  1  -1184.5  6650
O16 	14895.1 	0.435669  1  -4213.19  9603
O16 	14895.1 	0.374866  1  -153.085  5466
O16 	14895.1 	0.273972  1  2217.49  2989
O16 	14895.1 	0.347878  1  -646.667  5967
O16 	14895.1 	0.651903  1  -2857.12  8132
O16 	14895.1 	0.340147  1  -158.478  5360
O16 	14895.1 	0.321648  1  2989.23  2223
O16 	14895.1 	0.197345  1  134.821  5047
O16 	14895.1 	1.98674  1  -3444.52  8923
O16 	14895.1 	0.292123  1  -145.778  5429
O16 	14895.1 	0.40479  1  2150.08  3088
O16 	14895.1 	0.230077  1  4593.46  428
O16 	14895.1 	0.84306  1  3279.24  1834
O16 	14895.1 	0.276891  1  1578.6  3476
O16 	14895.1 	0.332399  1  -2971.64  8274
O16 	14895.1 	0.33817  1  -562.124  5732
O16 	14895.1 	0.199297  1  3715.58  1387
O16 	14895.1 	0.207343  1  -3617.58  9120
O16 	14895.1 	0.223006  1  1185.96  4054
O16 	14895.1 	0.457702  1  -990.266  6337
O16 	14895.1 	0.481022  1  3178.5  1906
O16 	14895.1 	0.737251  1  -1730.53  7139
O16 	14895.1 	0.285513  1  2998.59  2221
O16 	14895.1 	0.190115  1  -2293.77  7802
O16 	14895.1 	2.75388  1  -4849.15  10167
O16 	14895.1 	0.38686  1  -1675.23  6986
O16 	14895.1 	0.223999  1  3638.15  1476
O16 	14895.1 	0.217544  1  1317.9  3861
O16 	14895.1 	0.733053  1  1118.44  4205
O16 	14895.1 	0.196015  1  4127.44  933
O16 	14895.1 	0.359447  1  4764.49  226
O16 	14895.1 	0.243909  1  -513.624  5880
O16 	14895.1 	0.402022  1  2306.39  2802
O16 	14895.1 	0.557857  1  -1395.93  6896
O16 	14895.1 	0.208682  1  247.886  5011
O16 	14895.1 	0.234508  1  -1177.4  6494
O16 	14895.1 	0.548985  1  4004.09  1063
O16 	14895.1 	0.195234  1  539.899  4688
O16 	14895.1 	0.309021  1  -258.76  5568
O16 	14895.1 	0.235973  1  1066.82  4232
O16 	14895.1 	0.398836  1  820.893  4324
O16 	14895.1 	0.583345  1  -4037.43  9542
O16 	14895.1 	0.33932  1  1011.3  4192
O16 	14895.1 	0.247311  1  4639.97  389
O16 	14895.1 	0.319891  1  -3666.24  9260
O16 	14895.1 	0.20369  1  375.211  4892
O16 	14895.1 	0.298693  1  -39.4003  5337
O16 	14895.1 	0.226892  1  249.542  5047
O16 	14895.1 	0.217364  1  -4015.61  9410
O16 	14895.1 	0.860196  1  1600.74  3643
O16 	14895.1 	0.200646  1  -400.329  5722
O16 	14895.1 	1.2501  1  630.754  4481
O16 	14895.1 	0.218031  1  3358.25  1738
O16 	14895.1 	0.496043  1  -4144.65  9678
O16 	14895.1 	0.290588  1  -2812.75  8251
O16 	14895.1 	0.47268  1  4658.7  348
O16 	14895.1 	0.200218  1  -2198.56  7387
O16 	14895.1 	0.264305  1  4572.96  465
O16 	14895.1 	0.493073  1  1296.02  3868
O16 	14895.1 	0.428211  1  4294.49  715
O16 	14895.1 	0.23616  1  83.836  5181
O16 	14895.1 	0.362711  1  898.171  4356
O16 	14895.1 	0.522415  1  -4043.29  9489
O16 	14895.1 	0.263524  1  2261.46  2885
O16 	14895.1 	0.251579  1  -3409.65  8914
O16 	14895.1 	0.580646  1  -2617.41  8070
O16 	14895.1 	0.195044  1  972.791  4345
O16 	14895.1 	0.423995  1  614.812  4544
O16 	14895.1 	0.339583  1  2637.46  2473
O16 	14895.1 	0.328812  1  -2951.14  8471
O16 	14895.1 	0.422178  1  1434.38  3770
O16 	14895.1 	0.428872  1  4243.07  808
O16 	14895.1 	0.558427  1  -2146.62  7430
O16 	14895.1 	0.223152  1  4356.71  699
O16 	14895.1 	0.236285  1  4250.7  806
O16 	14895.1 	0.434406  1  3567.89  1528
O16 	14895.1 	0.590626  1  465.313  4773
O16 	14895.1 	0.210739  1  -3848.52  9538
O16 	14895.1 	0.228932  1  2514.67  2753
O16 	14895.1 	0.238513  1  515.909  4647
O16 	14895.1 	1.2254  1  -1772.22  7088
O16 	14895.1 	0.80865  1  3800.1  1279
O16 	14895.1 	1.04313  1  -70.0557  5248
O16 	14895.1 	0.235028  1  1803.87  3381
O16 	14895.1 	0.267386  1  -3370.15  8788
O16 	14895.1 	0.318772  1  -1743.06  7112
O16 	14895.1 	0.39565  1  -1702.35  7074
O16 	14895.1 	0.189069  1  -2631.82  8089
O16 	14895.1 	0.246211  1  4699.25  329
O16 	14895.1 	0.322087  1  -1495.93  6765
O16 	14895.1 	0.240671  1  3944.51  1068
O16 	14895.1 	0.312539  1  2813.42  2284
O16 	14895.1 	0.438398  1  25.9547  5218
O16 	14895.1 	0.219678  1  2103.37  3120
O16 	14895.1 	0.280514  1  -3500.23  8895
O16 	14895.1 	0.339978  1  550.132  4791
O16 	14895.1 	0.550256  1  167.487  5043
O16 	14895.1 	0.191559  1  131.771  5139
O16 	14895.1 	0.202947  1  -1896.85  7342
O16 	14895.1 	0.232792  1  -3312.52  8664
O16 	14895.1 	0.2223  1  -2933.11  8265
O16 	14895.1 	0.345512  1  852.898  4306
O16 	14895.1 	0.647539  1  -2202.28  7480
O16 	14895.1 	0.278568  1  4522.95  471
O16 	14895.1 	3.99485  1  -1470.69  6920
O16 	14895.1 	0.318618  1  4561.21  463
O16 	14895.1 	0.202524  1  -3794.53  9396
O16 	14895.1 	0.821529  1  -4613.29  10150
O16 	14895.1 	0.204086  1  -86.0782  5344
O16 	14895.1 	0.757503  1  -4189.44  9630
O16 	14895.1 	0.317509  1  4284.62  679
O16 	14895.1 	0.219895  1  -3916.83  9502
O16 	14895.1 	0.803455  1  1304.95  3819
O16 	14895.1 	0.210235  1  -1727.7  7078
O16 	14895.1 	0.627136  1  3798.54  1270
O16 	14895.1 	0.22585  1  -3497.51  9037
O16 	14895.1 	0.191021  1  4101.36  918
O16 	14895.1 	0.333261  1  2479.46  2656
O16 	14895.1 	0.338854  1  2245.01  2884
O16 	14895.1 	0.642941  1  2818.23  2315
O16 	14895.1 	0.214345  1  -4819.16  10395
O16 	14895.1 	0.879149  1  -501.114  5705
O16 	14895.1 	0.390688  1  334.461  4977
O16 	14895.1 	0.348503  1  -3676.71  9259
O16 	14895.1 	0.312503  1  2598.29  2495
O16 	14895.1 	0.362744  1  590.763  4649
O16 	14895.1 	0.372412  1  -200.129  5436
O16 	14895.1 	0.218774  1  -508.799  5810
O16 	14895.1 	1.18105  1  -4445.24  10008
O16 	14895.1 	0.316348  1  3795.65  1240
O16 	14895.1 	0.23417  1  -815.042  6061
O16 	14895.1 	0.45784  1  -990.903  6222
O16 	14895.1 	0.207527  1  2360.52  2756
O16 	14895.1 	0.197791  1  4132.81  907
O16 	14895.1 	0.231356  1  -1388.35  6635
O16 	14895.1 	0.652628  1  3386.04  1700
O16 	14895.1 	0.42974  1  871.257  4390
O16 	14895.1 	0.991963  1  722.413  4621
O16 	14895.1 	0.49384  1  -2209.35  7609
O16 	14895.1 	0.796551  1  2870.81  2288
O16 	14895.1 	0.687589  1  372.761  4915
O16 	14895.1 	0.191302  1  -101.079  5357
O16 	14895.1 	0.223768  1  -410.972  5823
O16 	14895.1 	0.205976  1  -469.278  5936
O16 	14895.1 	1.24854  1  4979.25  35
O16 	14895.1 	0.444345  1  -1548.4  6804
O16 	14895.1 	0.290623  1  -4970.22  10523
O16 	14895.1 	0.492536  1  -2947.81  8315
O16 	14895.1 	0.225207  1  2747.88  2336
O16 	14895.1 	0.380281  1  -2496.69  7845
O16 	14895.1 	0.272845  1  -2006.66  7254
O16 	14895.1 	0.223753  1  -2455.89  8030
O16 	14895.1 	0.50116  1  -4795.53  10531
O16 	14895.1 	0.724849  1  36.0516  5249
O16 	14895.1 	0.256571  1  -4773.42  10332
O16 	14895.1 	0.212699  1  2033.39  3105
O16 	14895.1 	2.41138  1  740.974  4545
O16 	14895.1 	0.636159  1  2350.74  2670
O16 	14895.1 	0.603811  1  431.079  4763
O16 	14895.1 	0.386505  1  -771.801  6051
O16 	14895.1 	0.488073  1  -3607.72  9065
O16 	14895.1 	0.47704  1  -3343.67  8672
O16 	14895.1 	0.200549  1  -1004.89  6300
O16 	14895.1 	0.189329  1  -1572.54  6896
O16 	14895.1 	0.203058  1  1934.39  3308
O16 	14895.1 	0.385598  1  -250.63  5633
O16 	14895.1 	0.211655  1  2880.41  2167
O16 	14895.1 	0.208208  1  -3824.4  9363
O16 	14895.1 	0.260425  1  1505.5  3738
O16 	14895.1 	0.268741  1  -1509.57  6749
O16 	14895.1 	0.191896  1  4794.87  221
O16 	14895.1 	1.24989  1  -4907.35  10294
O16 	14895.1 	0.228771  1  -2018.01  7444
O16 	14895.1 	0.342267  1  2228.26  2958
O16 	14895.1 	0.323842  1  -3285.36  8762
O16 	14895.1 	0.214653  1  -3309.36  8843
O16 	14895.1 	2.23558  1  -1176.78  6464
O16 	14895.1 	0.339623  1  1818  3418
O16 	14895.1 	0.190514  1  -4866.35  10367
O16 	14895.1 	0.686053  1  -2361.08  7816
O16 	14895.1 	0.809072  1  -3691.13  9245
O16 	14895.1 	0.220277  1  -2695.89  8280
O16 	14895.1 	0.211804  1  64.0239  5256
O16 	14895.1 	0.336205  1  1950.86  3140
O16 	14895.1 	2.47972  1  -1171.01  6529
O16 	14895.1 	0.446259  1  -3639.81  8995
O16 	14895.1 	0.37383  1  2555.26  2573
O16 	14895.1 	0.423908  1  648.34  4504
O16 	14895.1 	0.231244  1  -2060.34  7384
O16 	14895.1 	0.440486  1  2942.48  2134
O16 	14895.1 	0.194392  1  3013.63  2028
O16 	14895.1 	1.04978  1  -392.003  5777
O16 	14895.1 	0.779481  1  -335.897  5499
O16 	14895.1 	0.255252  1  2360.69  2805
O16 	14895.1 	0.219213  1  -3363.04  8865
O16 	14895.1 	0.384657  1  3707.81  1377
O16 	14895.1 	0.403473  1  205.746  5027
O16 	14895.1 	1.29877  1  -888.768  6145
O16 	14895.1 	0.367873  1  1490.62  3690
O16 	14895.1 	0.383046  1  -571.827  5935
O16 	14895.1 	0.220252  1  1111.99  4141
O16 	14895.1 	0.479738  1  -775.009  6201
O16 	14895.1 	0.354284  1  -3042.84  8571
O16 	14895.1 	0.386543  1  2727.38  2324
O16 	14895.1 	0.464919  1  2013.57  3175
O16 	14895.1 	0.55005  1  -199.515  5525
O16 	14895.1 	0.414164  1  1602.23  3594
O16 	14895.1 	0.865973  1  -4076.58  9456
O16 	14895.1 	0.260593  1  4636.55  351
O16 	14895.1 	0.365865  1  -2560.86  7978
O16 	14895.1 	0.785216  1  -4457.8  9913
O16 	14895.1 	0.377908  1  -2170.88  7579
O16 	14895.1 	0.504569  1  2794.78  2318
O16 	14895.1 	0.295542  1  -2453.15  7884
O16 	14895.1 	0.221881  1  4703.76  331
O16 	14895.1 	0.253801  1  3953.86  1145
O16 	14895.1 	0.391449  1  -2075.33  7676
O16 	14895.1 	0.19086  1  -4720.21  10281
O16 	14895.1 	0.285613  1  1792.55  3393
O16 	14895.1 	0.403733  1  -1158.24  6609
O16 	14895.1 	0.435464  1  4702.28  294
O16 	14895.1 	0.361877  1  1953.59  3178
O16 	14895.1 	1.455  1  -1366.84  6754
O16 	14895.1 	0.387795  1  3025.77  2110
O16 	14895.1 	0.494978  1  -1557.8  6934
O16 	14895.1 	0.273041  1  2208.3  3013
O16 	14895.1 	0.980681  1  2040.43  3032
O16 	14895.1 	0.210594  1  1094.68  4093
O16 	14895.1 	0.223866  1  561.031  4747
O16 	14895.1 	0.422486  1  4090.12  928
O16 	14895.1 	0.251281  1  -3307.21  8777
O16 	14895.1 	0.498592  1  4690.55  323
O16 	14895.1 	0.575031  1  -66.8522  5379
O16 	14895.1 	0.202568  1  -2601.11  8000
O16 	14895.1 	0.42331  1  863.232  4169
O16 	14895.1 	0.492535  1  -260.357  5698
O16 	14895.1 	0.276095  1  2325.85  2826
O16 	14895.1 	0.329944  1  3931.64  1122
O16 	14895.1 	0.216887  1  4395.48  589
O16 	14895.1 	0.932529  1  4340.44  670
O16 	14895.1 	0.675352  1  117.544  5215
O16 	14895.1 	0.199739  1  -1106.71  6364
O16 	14895.1 	0.216396  1  4912.25  90
O16 	14895.1 	0.32083  1  -1098.91  6307
O16 	14895.1 	0.574973  1  -1140.31  6532
O16 	14895.1 	5.7956  1  -673.569  6011
O16 	14895.1 	0.214594  1  506.824  4794
O16 	14895.1 	0.40985  1  -1689.41  7041
O16 	14895.1 	0.32815  1  -3873.14  9297
O16 	14895.1 	0.289501  1  3345.46  1774
O16 	14895.1 	0.411765  1  4574.9  461
O16 	14895.1 	0.228514  1  4108.89  936
O16 	14895.1 	0.2709  1  4042.51  1065
O16 	14895.1 	25.3542  1  2950.13  2232
O16 	14895.1 	0.98199  1  -3882.57  9457
O16 	14895.1 	0.287462  1  -2609.85  8070
O16 	14895.1 	0.242019  1  212.218  5007
O16 	14895.1 	0.38737  1  1543.44  3621
O16 	14895.1 	0.801581  1  -3243.44  8565
O16 	14895.1 	0.440166  1  -1223.65  6570
O16 	14895.1 	0.779139  1  3336.97  1702
O16 	14895.1 	0.479825  1  -1918.61  7207
O16 	14895.1 	0.458948  1  -258.215  5396
O16 	14895.1 	0.463827  1  -3951.01  9350
O16 	14895.1 	0.227266  1  4593.56  429
O16 	14895.1 	0.24516  1  -1938.24  7253
O16 	14895.1 	0.300037  1  4182.8  856
O16 	14895.1 	0.492289  1  -2949.94  8354
O16 	14895.1 	0.32773  1  -4937.7  10464
O16 	14895.1 	0.200865  1  389.227  4817
O16 	14895.1 	0.246024  1  1119.82  4088
O16 	14895.1 	0.201861  1  -2880.04  8397
O16 	14895.1 	0.219504  1  2571.7  2576
O16 	14895.1 	0.320542  1  -3880.23  9445
O16 	14895.1 	0.550269  1  1181.84  4057
O16 	14895.1 	0.953468  1  1970.93  3330
O16 	14895.1 	0.257832  1  -1079.44  6285
O16 	14895.1 	0.277299  1  924.463  4281
O16 	14895.1 	0.247662  1  -308.442  5634
O16 	14895.1 	0.218397  1  -3829.92  9285
O16 	14895.1 	0.198152  1  -4073.67  9623
O16 	14895.1 	0.443703  1  1226.53  4011
O16 	14895.1 	0.833895  1  -274.218  5539
O16 	14895.1 	0.212385  1  -1877.05  7321
O16 	14895.1 	0.916064  1  -2251.84  7684
O16 	14895.1 	0.207077  1  -4901.75  10427
O16 	14895.1 	0.585526  1  -3804.73  9215
O16 	14895.1 	0.26658  1  -4747.29  10234
O16 	14895.1 	0.260712  1  4047  994
O16 	14895.1 	0.289261  1  -2307.05  7703
O16 	14895.1 	1.33067  1  4037.58  1003
O16 	14895.1 	0.501396  1  -3249.85  8691
O16 	14895.1 	0.618291  1  -2071.27  7427
O16 	14895.1 	0.286033  1  -3910.74  9281
O16 	14895.1 	0.198595  1  3042.78  2044
O16 	14895.1 	0.189141  1  1110.4  4039
O16 	14895.1 	0.567955  1  -3891.56  9165
O16 	14895.1 	0.190303  1  -2146.66  7511
O16 	14895.1 	0.243758  1  3273.29  1800
O16 	14895.1 	0.258386  1  1259.83  3932
O16 	14895.1 	0.243397  1  4126.35  887
O16 	14895.1 	0.216621  1  1350.71  3832
O16 	14895.1 	0.214539  1  -4601.93  9933
O16 	14895.1 	0.276481  1  -4594.89  10110
O16 	14895.1 	0.287553  1  -3623.45  9168
O16 	14895.1 	0.222909  1  2872.56  2289
O16 	14895.1 	0.312271  1  300.81  5015
O16 	14895.1 	0.200558  1  3684.31  1383
O16 	14895.1 	0.281394  1  -2644.57  7862
O16 	14895.1 	0.4272  1  857.874  4455
O16 	14895.1 	0.188605  1  -28.5985  5202
O16 	14895.1 	0.284719  1  -1947.85  7376
O16 	14895.1 	0.334704  1  1019.6  4276
O16 	14895.1 	0.232547  1  31.6307  5151
O16 	14895.1 	0.34435  1  4506.48  484
O16 	14895.1 	0.635074  1  -3526.81  9016
O16 	14895.1 	0.964784  1  -2302.54  7726
O16 	14895.1 	0.480078  1  -4228.96  9702
O16 	14895.1 	0.204492  1  -2015.59  7552
O16 	14895.1 	0.220655  1  -4996.02  10626
O16 	14895.1 	0.280854  1  4368.81  711
O16 	14895.1 	0.251469  1  -1373.23  6598
O16 	14895.1 	0.387768  1  -2530.77  8040
O16 	14895.1 	0.214764  1  -4695.86  10247
O16 	14895.1 	0.368074  1  -1901.64  7353
O16 	14895.1 	0.336328  1  1522.6  3591
O16 	14895.1 	0.211042  1  3650.98  1418
O16 	14895.1 	0.273938  1  2067.89  3137
O16 	14895.1 	0.43242  1  -4435.34  9973
O16 	14895.1 	0.424983  1  4916.78  104
O16 	14895.1 	0.196968  1  -4609.82  10011
O16 	14895.1 	0.882714  1  -4925.63  10625
O16 	14895.1 	0.232772  1  -1407.46  6859
O16 	14895.1 	1.07313  1  -1939.06  7462
O16 	14895.1 	0.3054  1  -4235.68  9578
O16 	14895.1 	0.249939  1  -3476.98  8893
O16 	14895.1 	1.68617  1  -1823.65  7085
O16 	14895.1 	0.308346  1  -3673.07  8981
O16 	14895.1 	0.263465  1  -4848.66  10256
O16 	14895.1 	0.336291  1  1315.68  3802
O16 	14895.1 	0.193681  1  3576.08  1535
O16 	14895.1 	0.250915  1  3999.61  1070
O16 	14895.1 	1.74795  1  2041.19  3125
O16 	14895.1 	2.97998  1  4057.94  953
O16 	14895.1 	0.280923  1  -1441.25  6746
O16 	14895.1 	0.268108  1  3117.15  2039
O16 	14895.1 	0.255213  1  -1112.46  6421
O16 	14895.1 	0.288176  1  1184.94  3936
O16 	14895.1 	0.389961  1  -3225.35  8603
O16 	14895.1 	0.23607  1  -329.027  5570
O16 	14895.1 	0.71706  1  -3985.01  9319
O16 	14895.1 	0.243665  1  2492.68  2662
O16 	14895.1 	0.246138  1  3497.13  1571
O16 	14895.1 	0.202258  1  4102.87  955
O16 	14895.1 	0.340108  1  -845.449  6183
O16 	14895.1 	0.3673  1  3193.7  1848
O16 	14895.1 	1.1848  1  -4150.97  9491
O16 	14895.1 	0.20395  1  -3322.84  8721
O16 	14895.1 	0.233604  1  1694.83  3523
O16 	14895.1 	0.21119  1  -2418.67  7622
O16 	14895.1 	0.469355  1  -659.853  5914
O16 	14895.1 	0.340852  1  -4585.76  10000
O16 	14895.1 	0.482593  1  3266.41  1770
O16 	14895.1 	0.203961  1  4567.46  448
O16 	14895.1 	1.03821  1  3705.45  1360
O16 	14895.1 	0.237415  1  -2309.83  7673
O16 	14895.1 	0.276085  1  4215.37  845
O16 	14895.1 	0.288484  1  -1379.64  6742
O16 	14895.1 	0.223944  1  -4961.21  10457
O16 	14895.1 	1.10514  1  -4876.92  10364
O16 	14895.1 	0.416213  1  -3289.07  8732
O16 	14895.1 	0.235535  1  2195.75  2980
O16 	14895.1 	0.269884  1  -586.377  5911
O16 	14895.1 	0.262632  1  -3204.04  8682
O16 	14895.1 	0.250036  1  -1962.69  7262
O16 	14895.1 	0.77468  1  2568.04  2624
O16 	14895.1 	0.277051  1  594.371  4621
O16 	14895.1 	0.542463  1  -4876.94  10320
O16 	14895.1 	0.531161  1  4454.97  574
O16 	14895.1 	0.45537  1  -3204.03  8549
O16 	14895.1 	0.306891  1  -3629.25  9115
O16 	14895.1 	0.471134  1  -1897.28  7266
O16 	14895.1 	0.200057  1  1032.56  4286
O16 	14895.1 	0.310024  1  -301.283  5576
O16 	14895.1 	0.207992  1  -3457.15  8916
O16 	14895.1 	0.323748  1  -4781.07  10342
O16 	14895.1 	0.218182  1  -23.4488  5234
O16 	14895.1 	0.252972  1  1755.73  3426
O16 	14895.1 	0.221656  1  -1149.61  6545
O16 	14895.1 	0.382789  1  -3994  9468
O16 	14895.1 	0.375137  1  1448.5  3831
O16 	14895.1 	0.451583  1  -4014.39  9417
O16 	14895.1 	0.394789  1  225.738  4995
O16 	14895.1 	3.19045  1  -4325.68  9857
O16 	14895.1 	0.298029  1  4396.97  627
O16 	14895.1 	0.484947  1  4857.19  155
O16 	14895.1 	0.330986  1  2381.19  2703
O16 	14895.1 	0.210118  1  2553.39  2624
O16 	14895.1 	0.86921  1  2895.01  2188
O16 	14895.1 	0.273171  1  -123.976  5518
O16 	14895.1 	0.269152  1  -2949.36  8401
O16 	14895.1 	1.27171  1  -883.947  6261
O16 	14895.1 	2.07331  1  1100.78  4133
O16 	14895.1 	1.1409  1  -2049.27  7405
O16 	14895.1 	0.249795  1  2763.68  2395
O16 	14895.1 	0.24168  1  -4049.63  9643
O16 	14895.1 	0.190665  1  -4180.64  9787
O16 	14895.1 	0.806101  1  3570.34  1545
O16 	14895.1 	0.189192  1  -1049.86  6388
O16 	14895.1 	0.282175  1  -3397.37  8760
O16 	14895.1 	0.250029  1  3141.09  1985
O16 	14895.1 	0.289898  1  3966.08  1002
O16 	14895.1 	3.81861  1  4786.88  211
O16 	14895.1 	0.520842  1  4540.39  477
O16 	14895.1 	0.426422  1  -4080.17  9454
O16 	14895.1 	0.233301  1  -1229.34  6555
O16 	14895.1 	0.236934  1  4801.89  209
O16 	14895.1 	0.387037  1  1378.1  3882
O16 	14895.1 	0.209532  1  748.193  4630
O16 	14895.1 	0.247957  1  -4338.76  9809
O16 	14895.1 	0.200179  1  534.808  4779
O16 	14895.1 	0.504994  1  666.396  4597
O16 	14895.1 	0.201178  1  -4296.77  9909
O16 	14895.1 	0.289591  1  1176.75  3951
O16 	14895.1 	0.418572  1  -4438.14  9997
O16 	14895.1 	0.337808  1  -752.728  6141
O16 	14895.1 	0.211973  1  3791.19  1256
O16 	14895.1 	0.92149  1  1952.29  3201
O16 	14895.1 	0.402817  1  -3183.77  8784
O16 	14895.1 	0.326822  1  328.738  5059
O16 	14895.1 	0.312155  1  787.867  4385
O16 	14895.1 	0.212772  1  222.213  5011
O16 	14895.1 	0.911656  1  1784.67  3399
O16 	14895.1 	0.418056  1  3505.97  1538
O16 	14895.1 	0.211802  1  -4914.81  10076
O16 	14895.1 	0.569374  1  2733.89  2406
O16 	14895.1 	0.314538  1  -3969.02  9542
O16 	14895.1 	0.617351  1  -3000.93  8445
O16 	14895.1 	0.20504  1  -250.922  5566
O16 	14895.1 	0.815625  1  -2942.61  8423
O16 	14895.1 	0.232588  1  3377.39  1650
O16 	14895.1 	0.206035  1  -4465.74  10051
O16 	14895.1 	0.339161  1  279.956  5052
O16 	14895.1 	0.421085  1  -4615.34  10187
O16 	14895.1 	0.25459  1  -245.412  5448
O16 	14895.1 	0.361366  1  2586.7  2509
O16 	14895.1 	0.4522  1  -3846.08  9267
O16 	14895.1 	0.426828  1  4081.13  970
O16 	14895.1 	0.194401  1  3239.58  1849
O16 	14895.1 	0.415217  1  -2533.79  7927
O16 	14895.1 	3.36193  1  -1281.25  6522
O16 	14895.1 	0.425974  1  1910.39  3156
O16 	14895.1 	0.231223  1  -823.741  6013
O16 	14895.1 	0.366199  1  4218.52  838
O16 	14895.1 	0.287356  1  1018.95  4303
O16 	14895.1 	0.497707  1  791.42  4535
O16 	14895.1 	0.212596  1  2638.31  2487
O16 	14895.1 	0.313211  1  -3714.37  9267
O16 	14895.1 	0.776373  1  1551.75  3538
O16 	14895.1 	0.223006  1  1321.84  3889
O16 	14895.1 	0.570897  1  1257.52  3959
O16 	14895.1 	0.634403  1  4782.97  217
O16 	14895.1 	0.429643  1  718.248  4459
O16 	14895.1 	0.434303  1  1499.94  3604
O16 	14895.1 	0.217048  1  2024.32  3129
O16 	14895.1 	0.189715  1  -1252.25  6467
O16 	14895.1 	0.473031  1  -2397.59  7897
O16 	14895.1 	1.35606  1  4857.82  168
O16 	14895.1 	0.478486  1  -4215.27  9718
O16 	14895.1 	0.267955  1  -608.62  5974
O16 	14895.1 	0.257664  1  -566.989  5894
O16 	14895.1 	0.676128  1  2594.32  2527
O16 	14895.1 	0.194441  1  -4848  10429
O16 	14895.1 	0.326835  1  -1488.83  6867
O16 	14895.1 	0.918709  1  -994.07  6314
O16 	14895.1 	0.402289  1  -3487.04  8949
O16 	14895.1 	0.248793  1  -4428.8  9895
O16 	14895.1 	0.398894  1  3076.23  1983
O16 	14895.1 	1.15883  1  3560.17  1506
O16 	14895.1 	4.40711  1  -2920.07  8428
O16 	14895.1 	0.434158  1  1329.62  3860
O16 	14895.1 	0.226657  1  2519.9  2615
O16 	14895.1 	0.236671  1  -3434.29  8694
O16 	14895.1 	0.197162  1  -3165.32  8579
O16 	14895.1 	0.264805  1  -3537.77  8911
O16 	14895.1 	0.202698  1  -116.544  5407
O16 	14895.1 	0.223737  1  -2572.91  8033
O16 	14895.1 	1.92886  1  -3952.78  9375
O16 	14895.1 	0.385288  1  4555.56  423
O16 	14895.1 	0.439068  1  3449.87  1568
O16 	14895.1 	0.285589  1  -3138.48  8490
O16 	14895.1 	0.349818  1  4771.46  263
O16 	14895.1 	0.587931  1  3527.04  1514
O16 	14895.1 	0.215016  1  3114.03  1942
O16 	14895.1 	0.188776  1  1390.96  3824
O16 	14895.1 	0.24468  1  -4122.25  9552
O16 	14895.1 	0.588359  1  -4613.68  10002
O16 	14895.1 	0.257168  1  -4340.77  9837
O16 	14895.1 	0.428953  1  -1857.85  7162
O16 	14895.1 	0.518375  1  -2227.17  7566
O16 	14895.1 	1.01142  1  1287.68  3939
O16 	14895.1 	0.638891  1  -3549.89  9055
O16 	14895.1 	0.325875  1  964.086  4287
O16 	14895.1 	0.249425  1  -1353.26  6659
O16 	14895.1 	0.736279  1  4698.87  322
O16 	14895.1 	0.19236  1  3882.97  1180
O16 	14895.1 	0.271387  1  -3414.67  9005
O16 	14895.1 	0.212458  1  265.933  5034
O16 	14895.1 	0.375106  1  -650.117  6001
O16 	14895.1 	0.269296  1  2536.53  2547
O16 	14895.1 	0.365026  1  3438.09  1671
O16 	14895.1 	0.460154  1  -290.37  5544
O16 	14895.1 	0.30632  1  -4445.66  10059
O16 	14895.1 	0.382347  1  -3765.02  9212
O16 	14895.1 	0.35813  1  -2530.67  8034
O16 	14895.1 	0.424495  1  2002.18  3193
O16 	14895.1 	0.252747  1  1469.52  3601
O16 	14895.1 	0.329308  1  4441.74  551
O16 	14895.1 	0.334464  1  -1730.37  6995
O16 	14895.1 	0.492807  1  2637.11  2460
O16 	14895.1 	0.524331  1  1569.91  3586
O16 	14895.1 	0.703019  1  -1018.57  6284
O16 	14895.1 	0.195265  1  -321.261  5682
O16 	14895.1 	0.45643  1  2627.53  2539
O16 	14895.1 	0.197146  1  -1872.46  7374
O16 	14895.1 	0.451833  1  -227.599  5533
O16 	14895.1 	0.327559  1  4935.86  69
O16 	14895.1 	0.265342  1  -178.024  5319
O16 	14895.1 	0.21498  1  -2184.34  7674
O16 	14895.1 	0.285249  1  -2087.38  7494
O16 	14895.1 	2.06316  1  -931.302  6209
O16 	14895.1 	0.238865  1  -1345.32  6659
O16 	14895.1 	0.205523  1  3832.96  1177
O16 	14895.1 	0.197946  1  3451.26  1598
O16 	14895.1 	0.205052  1  444.515  4768
O16 	14895.1 	0.289326  1  4441.74  581
O16 	14895.1 	0.91052  1  -383.517  5613
O16 	14895.1 	1.11215  1  -3733.42  9159
O16 	14895.1 	0.360731  1  207.057  5100
O16 	14895.1 	0.593132  1  1126.89  4141
O16 	14895.1 	0.387653  1  -3310.79  8808
O16 	14895.1 	0.193294  1  -1095.4  6364
O16 	14895.1 	1.03475  1  1207.54  4060
O16 	14895.1 	0.21212  1  4498.72  524
O16 	14895.1 	0.38928  1  -3726.65  9245
O16 	14895.1 	0.387727  1  -91.2595  5362
O16 	14895.1 	0.431423  1  1181.5  3931
O16 	14895.1 	0.266649  1  -3203.66  8550
O16 	14895.1 	1.18677  1  -4821.28  10296
O16 	14895.1 	0.354523  1  -2990.86  8458
O16 	14895.1 	0.313079  1  -3625.12  9155
O16 	14895.1 	0.199995  1  -2425  7783
O16 	14895.1 	0.2457  1  -2269.51  7725
O16 	14895.1 	0.234046  1  223.952  4959
O16 	14895.1 	8.77592  1  -3045.29  8619
O16 	14895.1 	0.971724  1  445.512  4809
O16 	14895.1 	0.222966  1  -566.64  5780
O16 	14895.1 	0.365361  1  -1193.41  6442
O16 	14895.1 	0.222345  1  -4791.28  10294
O16 	14895.1 	0.456187  1  -3092.49  8546
O16 	14895.1 	0.566452  1  3749.41  1292
O16 	14895.1 	0.600916  1  2126.12  3127
O16 	14895.1 	0.192613  1  -1566.23  6995
O16 	14895.1 	0.2796  1  -2093.4  7644
O16 	14895.1 	0.745949  1  2196  2933
O16 	14895.1 	0.472908  1  -3392.15  8826
O16 	14895.1 	0.331405  1  -2401.27  7786
O16 	14895.1 	0.32204  1  3370.96  1762
O16 	14895.1 	0.295342  1  4443.48  596
O16 	14895.1 	2.27521  1  3632.44  1448
O16 	14895.1 	4.34204  1  -3500.22  8943
O16 	14895.1 	0.274153  1  -1994.89  7258
O16 	14895.1 	0.515253  1  -2359.22  7725
O16 	14895.1 	0.438372  1  1419.66  3669
O16 	14895.1 	0.257045  1  394.63  4975
O16 	14895.1 	0.232086  1  1258.12  3968
O16 	14895.1 	2.9905  1  143.864  5084
O16 	14895.1 	0.311926  1  -4942.94  10558
O16 	14895.1 	2.70873  1  2996.45  2259
O16 	14895.1 	0.806948  1  -2425.77  7853
O16 	14895.1 	0.201456  1  -3496.53  9024
O16 	14895.1 	0.444474  1  -4643.68  10219
O16 	14895.1 	0.20154  1  -4878.81  10374
O16 	14895.1 	0.343385  1  -1906.57  7128
O16 	14895.1 	0.88225  1  -3146.05  8578
O16 	14895.1 	0.189431  1  2430.34  2732
O16 	14895.1 	0.222552  1  -1168.55  6506
O16 	14895.1 	0.192334  1  3281.94  1783
O16 	14895.1 	0.259289  1  -433.516  5817
O16 	14895.1 	0.192862  1  4239  784
O16 	14895.1 	0.38449  1  4782.69  222
O16 	14895.1 	1.07379  1  -2356.55  7824
O16 	14895.1 	0.474861  1  -1197.7  6536
O16 	14895.1 	0.30293  1  184.84  5020
O16 	14895.1 	0.31756  1  1452.86  3820
O16 	14895.1 	2.45148  1  2400.11  2786
O16 	14895.1 	0.353337  1  -994.271  6304
O16 	14895.1 	0.210936  1  -3038.11  8415
O16 	14895.1 	0.20853  1  4557.98  460
O16 	14895.1 	3.8389  1  -4251.78  9783
O16 	14895.1 	0.19331  1  -1378.35  6721
O16 	14895.1 	0.400131  1  -4583.82  10099
O16 	14895.1 	0.241103  1  1420.39  3752
O16 	14895.1 	1.24675  1  -455.284  5759
O16 	14895.1 	0.498493  1  1303.67  3787
O16 	14895.1 	0.721207  1  2559.7  2585
O16 	14895.1 	0.387204  1  -3198.76  8748
O16 	14895.1 	0.629625  1  4264.48  767
O16 	14895.1 	0.448037  1  1141.8  4106
O16 	14895.1 	0.206414  1  -4209.56  9754
O16 	14895.1 	0.475495  1  -455.677  5746
O16 	14895.1 	0.374894  1  -2040.07  7442
O16 	14895.1 	0.227263  1  2470.16  2622
O16 	14895.1 	0.277295  1  127.092  5203
O16 	14895.1 	0.203468  1  2994.81  2125
O16 	14895.1 	0.413714  1  1736.02  3497
O16 	14895.1 	0.188234  1  932.649  4271
O16 	14895.1 	0.227232  1  -2302.25  7683
O16 	14895.1 	0.222733  1  3150.82  1975
O16 	14895.1 	0.328883  1  2632.92  2530
O16 	14895.1 	0.518965  1  -3289.05  8677
O16 	14895.1 	0.204979  1  880.672  4201
O16 	14895.1 	0.335903  1  1889.21  3258
O16 	14895.1 	0.385009  1  -4857.67  10278
O16 	14895.1 	0.221674  1  3433.33  1680
O16 	14895.1 	0.367571  1  -18.0354  5337
O16 	14895.1 	0.202128  1  -1363.08  6807
O16 	14895.1 	0.2491  1  -3593.09  9148
O16 	14895.1 	0.71488  1  2151.95  2953
O16 	14895.1 	0.304558  1  -4063.97  9443
O16 	14895.1 	0.563476  1  3896.12  1169
O16 	14895.1 	0.227885  1  4401.95  613
O16 	14895.1 	0.405694  1  1541.75  3613
O16 	14895.1 	0.198555  1  -4970.67  10511
O16 	14895.1 	0.605884  1  -1469.32  6762
O16 	14895.1 	0.565667  1  -4657.98  10221
O16 	14895.1 	0.600515  1  2670.26  2425
O16 	14895.1 	0.277596  1  1011.17  4142
O16 	14895.1 	0.205613  1  -3832.05  9342
O16 	14895.1 	0.20613  1  -4478.58  10028
O16 	14895.1 	0.27234  1  3264.08  1846
O16 	14895.1 	0.241348  1  -4408.73  9845
O16 	14895.1 	2.51154  1  3187.26  1871
O16 	14895.1 	0.215781  1  -658.07  5893
O16 	14895.1 	0.227378  1  -1889.01  7187
O16 	14895.1 	0.248089  1  -2091.34  7497
O16 	14895.1 	0.383202  1  -2771.05  8298
O16 	14895.1 	1.36729  1  -1032.02  6343
O16 	14895.1 	0.60913  1  -3492.28  8919
O16 	14895.1 	0.582393  1  -1101.85  6387
O16 	14895.1 	0.233145  1  4273.49  760
O16 	14895.1 	0.299176  1  571.534  4742
O16 	14895.1 	0.381807  1  1876.17  3307
O16 	14895.1 	0.366511  1  3391.32  1684
O16 	14895.1 	0.418716  1  -4244.14  9753
O16 	14895.1 	0.662629  1  4255.46  779
O16 	14895.1 	0.368603  1  -1600.26  6932
O16 	14895.1 	0.240782  1  479.622  4788
O16 	14895.1 	0.204173  1  -3579.94  9106
O16 	14895.1 	0.253469  1  -1866.83  7211
O16 	14895.1 	0.248256  1  2484.59  2585
O16 	14895.1 	0.26138  1  1776.77  3373
O16 	14895.1 	0.323887  1  -76.6549  5300
O16 	14895.1 	0.529691  1  -2550.23  7870
O16 	14895.1 	0.249172  1  -1789.42  7116
O16 	14895.1 	0.252653  1  1908.84  3174
O16 	14895.1 	0.233972  1  -1833.71  7073
O16 	14895.1 	0.234318  1  2392.19  2721
O16 	14895.1 	0.209496  1  -2970.23  8351
O16 	14895.1 	0.254135  1  -1636.77  7044
O16 	14895.1 	0.191201  1  -3549.14  9022
O16 	14895.1 	0.758565  1  2635.39  2449
O16 	14895.1 	0.371165  1  2475.93  2620
O16 	14895.1 	0.924212  1  -885.438  6102
O16 	14895.1 	0.253453  1  -2729.21  8132
O16 	14895.1 	0.195601  1  -3906.15  9216
O16 	14895.1 	1.51877  1  3002.37  2101
O16 	14895.1 	0.660258  1  0.780388  5233
O16 	14895.1 	0.200917  1  -3813.71  9366
O16 	14895.1 	0.198599  1  1653.39  3573
O16 	14895.1 	0.24073  1  -148.117  5534
O16 	14895.1 	0.283624  1  975.539  4319
O16 	14895.1 	0.330244  1  529.486  4759
O16 	14895.1 	0.211236  1  -1999.57  7309
O16 	14895.1 	0.227697  1  -3738.83  9306
O16 	14895.1 	0.447032  1  -1719.59  7099
O16 	14895.1 	0.210961  1  -722.443  5968
O16 	14895.1 	0.261028  1  1387.9  3764
O16 	14895.1 	0.307799  1  2961.66  2126
O16 	14895.1 	0.290149  1  -2397.83  7904
O16 	14895.1 	0.272179  1  -2009.15  7395
O16 	14895.1 	0.491512  1  -559.275  5865
O16 	14895.1 	0.215125  1  -2180.86  7554
O16 	14895.1 	0.189269  1  -2487.83  7798
O16 	14895.1 	0.939563  1  -3965.82  9505
O16 	14895.1 	0.409042  1  -2881.64  8380
O16 	14895.1 	0.217458  1  825.39  4370
O16 	14895.1 	0.463281  1  534.26  4777
O16 	14895.1 	0.548169  1  574.27  4616
O16 	14895.1 	0.476952  1  -2277.83  7681
O16 	14895.1 	0.194963  1  -2559.48  7959
O16 	14895.1 	0.705134  1  3674.73  1337
O16 	14895.1 	0.25709  1  2904.45  2238
O16 	14895.1 	0.466197  1  3562.49  1490
O16 	14895.1 	0.283139  1  2104.9  2924
O16 	14895.1 	0.340642  1  -742.658  5915
O16 	14895.1 	0.338522  1  -91.0251  5427
O16 	14895.1 	0.323831  1  -3540.43  9083
O16 	14895.1 	0.410753  1  -4870.01  10477
O16 	14895.1 	0.332272  1  4395.78  643
O16 	14895.1 	0.397706  1  4843.68  144
O16 	14895.1 	0.263882  1  -1485.95  6790
O16 	14895.1 	0.197595  1  9.38844  5342
O16 	14895.1 	0.388223  1  2617.96  2538
O16 	14895.1 	0.226202  1  4334.04  727
O16 	14895.1 	0.224537  1  -975.674  6342
O16 	14895.1 	0.19449  1  2197.48  2939
O16 	14895.1 	0.730939  1  1607.3  3530
O16 	14895.1 	0.188354  1  -2523.11  7853
O16 	14895.1 	0.727724  1  -1144.84  6409
O16 	14895.1 	0.203902  1  -3108.89  8470
O16 	14895.1 	0.198491  1  474.487  4792
O16 	14895.1 	1.65037  1  -133.373  5384
O16 	14895.1 	0.77607  1  -3771.81  9314
O16 	14895.1 	0.295028  1  -3229.1  8672
O16 	14895.1 	0.267262  1  -2841.22  8374
O16 	14895.1 	0.20536  1  -2069.4  7367
O16 	14895.1 	0.189546  1  2071.57  2971
O16 	14895.1 	0.296819  1  616.993  4575
O16 	14895.1 	0.261126  1  936.707  4364
O16 	14895.1 	0.377055  1  -1709.49  7259
O16 	14895.1 	0.805454  1  -967.75  6158
O16 	14895.1 	0.249832  1  -667.216  6074
O16 	14895.1 	0.408427  1  -2098.91  7555
O16 	14895.1 	0.490342  1  4871.72  130
O16 	14895.1 	0.197122  1  -3684.61  9309
O16 	14895.1 	0.243467  1  3633.7  1465
O16 	14895.1 	0.517189  1  588.165  4697
O16 	14895.1 	0.281765  1  809.443  4498
O16 	14895.1 	0.377359  1  486.195  4697
O16 	14895.1 	0.249538  1  -1792.6  6914
O16 	14895.1 	0.552947  1  4140.15  907
O16 	14895.1 	0.287217  1  2773.2  2268
O16 	14895.1 	0.291929  1  3050.42  1986
O16 	14895.1 	0.188303  1  -1786.33  7248
O16 	14895.1 	0.220644  1  -2410.8  7828
O16 	14895.1 	0.234447  1  -3290.57  8727
O16 	14895.1 	0.205681  1  1365.9  3857
O16 	14895.1 	0.383873  1  3008.45  2142
O16 	14895.1 	0.371286  1  2359.04  2766
O16 	14895.1 	0.701656  1  -1446.61  6863
O16 	14895.1 	0.256561  1  2743.98  2314
O16 	14895.1 	0.250778  1  -4924.29  10297
O16 	14895.1 	0.414352  1  -2721.62  8134
O16 	14895.1 	0.378293  1  3374.12  1694
O16 	14895.1 	0.47638  1  101.946  5194
O16 	14895.1 	0.273599  1  762.142  4560
O16 	14895.1 	0.189104  1  -1722.33  7179
O16 	14895.1 	0.190076  1  1947.95  3143
O16 	14895.1 	0.26168  1  -2714.54  8063
O16 	14895.1 	0.32004  1  128.11  5153
O16 	14895.1 	0.276421  1  3184.56  1824
O16 	14895.1 	0.316526  1  -2147.94  7441
O16 	14895.1 	0.849328  1  -845.473  6189
O16 	14895.1 	0.249127  1  -3392.48  8985
O16 	14895.1 	0.491379  1  1895.23  3345
O16 	14895.1 	0.616549  1  -1095.99  6506
O16 	14895.1 	0.322671  1  3569.98  1525
O16 	14895.1 	0.245799  1  -3897.13  9379
O16 	14895.1 	0.226327  1  -290.855  5463
O16 	14895.1 	1.26777  1  1198.33  4036
O16 	14895.1 	0.193439  1  -1477.7  6786
O16 	14895.1 	0.615616  1  -3372.36  8804
O16 	14895.1 	0.297034  1  -3267.08  8682
O16 	14895.1 	2.65332  1  4095.62  904
O16 	14895.1 	0.192064  1  2175.98  2922
O16 	14895.1 	0.442228  1  4471.25  512
O16 	14895.1 	0.196176  1  96.5987  5145
O16 	14895.1 	0.255341  1  3624.96  1444
O16 	14895.1 	0.459687  1  1616.6  3566
O16 	14895.1 	0.255644  1  -1478.84  6805
O16 	14895.1 	0.233901  1  -4358.25  9887
O16 	14895.1 	0.227546  1  -3777.8  9161
O16 	14895.1 	0.198455  1  -3736.91  9179
O16 	14895.1 	0.261072  1  -3733.22  9246
O16 	14895.1 	0.342699  1  3552.72  1568
O16 	14895.1 	0.201145  1  -4055.84  9433
O16 	14895.1 	0.370235  1  -4740.99  10290
O16 	14895.1 	0.231628  1  3247.99  1856
O16 	14895.1 	0.480892  1  -4318.16  9842
O16 	14895.1 	0.214889  1  -3728.51  9097
O16 	14895.1 	0.233985  1  3827.49  1295
O16 	14895.1 	0.303553  1  1289.63  3970
O16 	14895.1 	0.463239  1  -385.245  5797
O16 	14895.1 	0.215553  1  -3176.83  8572
O16 	14895.1 	0.216534  1  2595.96  2540
O16 	14895.1 	0.600152  1  4577.16  489
O16 	14895.1 	0.200262  1  1545.87  3582
O16 	14895.1 	0.217594  1  1914.67  3240
O16 	14895.1 	0.233894  1  3314.22  1795
O16 	14895.1 	0.196206  1  -1964.35  7369
O16 	14895.1 	0.286199  1  -4495.58  9972
O16 	14895.1 	0.276733  1  -3990.26  9430
O16 	14895.1 	0.247398  1  -4316.03  9938
O16 	14895.1 	0.216502  1  -2438.44  7697
O16 	14895.1 	0.959314  1  1897.04  3175
O16 	14895.1 	0.197068  1  1302.95  3922
O16 	14895.1 	0.241663  1  -245.422  5630
O16 	14895.1 	0.210835  1  -728.986  6108
O16 	14895.1 	0.378206  1  10.9782  5312
O16 	14895.1 	0.18838  1  1587.95  3506
O16 	14895.1 	0.317416  1  3781.23  1199
O16 	14895.1 	0.278295  1  -1770.16  7175
O16 	14895.1 	1.14374  1  -4495.84  10020
O16 	14895.1 	0.403032  1  -1109.83  6478
O16 	14895.1 	1.02328  1  1480.04  3767
O16 	14895.1 	17.1934  1  -4250.71  9708
O16 	14895.1 	0.650485  1  -684.667  5942
O16 	14895.1 	0.635041  1  1391.04  3819
O16 	14895.1 	0.239052  1  -809.597  6094
O16 	14895.1 	0.249525  1  -869.066  6299
O16 	14895.1 	0.288847  1  1210.05  3949
O16 	14895.1 	0.662754  1  -156.709  5535
O16 	14895.1 	0.297035  1  4346.85  671
O16 	14895.1 	0.390574  1  3681.88  1404
O16 	14895.1 	0.257998  1  -2656.12  7975
O16 	14895.1 	0.876408  1  -1391.05  6738
O16 	14895.1 	0.512549  1  -1661.79  7083
O16 	14895.1 	0.322359  1  554.371  4773
O16 	14895.1 	0.223317  1  -4869.32  10493
O16 	14895.1 	1.09285  1  -1553.24  6970
O16 	14895.1 	0.222903  1  -4256.15  9604
O16 	14895.1 	0.300518  1  -2275.85  7690
O16 	14895.1 	0.935035  1  1965.26  3259
O16 	14895.1 	0.310149  1  -3997.92  9324
O16 	14895.1 	0.208027  1  -3283.17  8761
O16 	14895.1 	0.248116  1  -34.0147  5144
O16 	14895.1 	0.268999  1  1055.92  4193
O16 	14895.1 	1.40625  1  -1080.65  6347
O16 	14895.1 	0.256338  1  -3734.43  9182
O16 	14895.1 	0.257289  1  3537  1512
O16 	14895.1 	0.236294  1  -3699.37  9185
O16 	14895.1 	0.334974  1  3249.26  1801
O16 	14895.1 	0.321028  1  -4881.61  10402
O16 	14895.1 	0.519072  1  1220.02  3948
O16 	14895.1 	0.548905  1  -2739.21  8158
O16 	14895.1 	0.481717  1  710.945  4507
O16 	14895.1 	0.279945  1  535.622  4623
O16 	14895.1 	2.20982  1  -3449.68  8859
O16 	14895.1 	0.278076  1  1441.66  3707
O16 	14895.1 	0.382113  1  -4982.72  10558
O16 	14895.1 	0.285538  1  -4487.45  9988
O16 	14895.1 	0.276644  1  -2114.98  7430
O16 	14895.1 	0.212486  1  938.422  4300
O16 	14895.1 	0.244301  1  4217.79  810
O16 	14895.1 	0.205803  1  2860.66  2261
O16 	14895.1 	1.03425  1  -1154.55  6490
O16 	14895.1 	0.188734  1  3082.88  2018
O16 	14895.1 	0.559769  1  -4728.03  10324
O16 	14895.1 	0.294435  1  2532.27  2546
O16 	14895.1 	2.17078  1  4876.76  136
O16 	14895.1 	0.202316  1  -4427.88  10062
O16 	14895.1 	0.960135  1  625.858  4654
O16 	14895.1 	0.20896  1  -2892.4  8308
O16 	14895.1 	0.201894  1  -4714.75  10295
O16 	14895.1 	0.245876  1  -3213.75  8549
O16 	14895.1 	0.301548  1  3435.57  1596
O16 	14895.1 	1.22183  1  -4790.76  10360
O16 	14895.1 	0.200479  1  -4957.69  10387
O16 	14895.1 	0.193804  1  4327.27  739
O16 	14895.1 	0.199337  1  2678.5  2468
O16 	14895.1 	0.287999  1  -3166.55  8545
O16 	14895.1 	0.213318  1  -129.243  5506
O16 	14895.1 	0.23468  1  2148.05  2984
O16 	14895.1 	0.224903  1  1086.49  4214
O16 	14895.1 	0.849807  1  4158.09  925
O16 	14895.1 	0.291468  1  -1000.94  6373
O16 	14895.1 	0.691892  1  -2094.18  7667
O16 	14895.1 	0.262074  1  3464.56  1648
O16 	14895.1 	0.189864  1  -112.22  5292
O16 	14895.1 	0.477432  1  -4456.76  9966
O16 	14895.1 	0.257947  1  -251.555  5572
O16 	14895.1 	0.34148  1  -4579  10186
O16 	14895.1 	0.194027  1  -4525.09  10083
O16 	14895.1 	0.217053  1  -1442.25  6819
O16 	14895.1 	0.243577  1  3800.45  1258
O16 	14895.1 	0.227692  1  2293.03  2895
O16 	14895.1 	0.310802  1  4988.14  4
O16 	14895.1 	0.604583  1  -1717.54  7146
O16 	14895.1 	0.41163  1  2184.8  2913
O16 	14895.1 	0.302788  1  1294.89  3838
O16 	14895.1 	0.418527  1  -1888.91  7364
O16 	14895.1 	0.201516  1  -3415.17  8898
O16 	14895.1 	0.345497  1  3999.89  1051
O16 	14895.1 	0.492451  1  -1906.61  7242
O16 	14895.1 	4.39275  1  -1310.24  6671
O16 	14895.1 	0.196065  1  -4130.91  9454
O16 	14895.1 	1.68158  1  -4052.91  9465
O16 	14895.1 	0.348382  1  2843.19  2379
O16 	14895.1 	0.370894  1  -2820.39  8143
O16 	14895.1 	0.207528  1  1315.51  3834
O16 	14895.1 	0.450598  1  -877.463  6242
O16 	14895.1 	0.196669  1  3283.76  1860
O16 	14895.1 	0.846539  1  -1135.27  6466
O16 	14895.1 	0.847985  1  1118.52  4072
O16 	14895.1 	0.245664  1  -1084.41  6368
O16 	14895.1 	0.201704  1  -2711.68  8054
O16 	14895.1 	0.296488  1  -123.302  5227
O16 	14895.1 	2.06307  1  -518.663  5849
O16 	14895.1 	0.748578  1  4883.86  150
O16 	14895.1 	0.275299  1  2930.85  2208
O16 	14895.1 	0.458347  1  -3279.85  8622
O16 	14895.1 	0.276039  1  4879.37  123
O16 	14895.1 	0.237601  1  1481.4  3655
O16 	14895.1 	0.61854  1  85.666  5134
O16 	14895.1 	0.750957  1  -776.986  6171
O16 	14895.1 	0.303845  1  -1699.6  7045
O16 	14895.1 	0.369593  1  1621.31  3617
O16 	14895.1 	0.188532  1  -840.785  6109
O16 	14895.1 	1.35962  1  -300.277  5574
O16 	14895.1 	0.2494  1  488.484  4751
O16 	14895.1 	4.1301  1  -2557.47  7932
O16 	14895.1 	0.28377  1  4696.43  309
O16 	14895.1 	0.313579  1  1372.22  3783
O16 	14895.1 	1.53121  1  4292.91  719
O16 	14895.1 	0.289357  1  4193.7  839
O16 	14895.1 	0.329903  1  -3783.81  9395
O16 	14895.1 	1.00435  1  -3336.51  8778
O16 	14895.1 	0.292675  1  4436.59  556
O16 	14895.1 	0.228973  1  -4944.54  10608
O16 	14895.1 	0.852302  1  -4398.65  9836
O16 	14895.1 	0.270939  1  -4722.02  10103
O16 	14895.1 	0.720948  1  1764.39  3403
O16 	14895.1 	0.705075  1  3361.75  1731
O16 	14895.1 	0.447293  1  4209.23  847
O16 	14895.1 	3.62067  1  2108.72  3013
O16 	14895.1 	1.18461  1  1699.9  3494
O16 	14895.1 	0.231638  1  -1695.7  7014
O16 	14895.1 	0.499094  1  2466.72  2670
O16 	14895.1 	0.613878  1  4278.94  765
O16 	14895.1 	0.565219  1  -1628.56  6879
O16 	14895.1 	0.236078  1  -4250.94  9688
O16 	14895.1 	0.225409  1  147.517  5280
O16 	14895.1 	0.198908  1  -1739.59  7028
O16 	14895.1 	0.333837  1  -3212.79  8607
O16 	14895.1 	0.418667  1  4454.46  584
O16 	14895.1 	0.506046  1  -3301.02  8779
O16 	14895.1 	0.33465  1  -3247.65  8719
O16 	14895.1 	0.494692  1  -2758.11  8178
O16 	14895.1 	1.60065  1  3319.46  1777
O16 	14895.1 	0.366991  1  1601.41  3567
O16 	14895.1 	0.468519  1  -281.03  5506
O16 	14895.1 	1.08908  1  -579.658  5917
O16 	14895.1 	0.205016  1  -1516.53  6861
O16 	14895.1 	0.341871  1  3798.69  1343
O16 	14895.1 	0.483818  1  2413.07  2781
O16 	14895.1 	0.222861  1  4228.25  841
O16 	14895.1 	0.469474  1  -1916.12  7265
O16 	14895.1 	0.235009  1  1078.34  4173
O16 	14895.1 	0.911568  1  3027.74  2034
O16 	14895.1 	0.950539  1  -2728.25  8224
O16 	14895.1 	0.228145  1  16.3881  5147
O16 	14895.1 	0.342525  1  4111.04  970
O16 	14895.1 	1.5384  1  949.782  4245
O16 	14895.1 	0.189133  1  4931.38  76
O16 	14895.1 	0.428868  1  -2946.54  8281
O16 	14895.1 	0.193321  1  -2347.98  7704
O16 	14895.1 	0.217515  1  1751.77  3453
O16 	14895.1 	0.205137  1  -962.354  6135
O16 	14895.1 	0.463665  1  -2767.34  8227
O16 	14895.1 	0.373972  1  -1514.2  6775
O16 	14895.1 	0.190934  1  3508.55  1507
O16 	14895.1 	0.316393  1  -4974.04  10528
O16 	14895.1 	0.42631  1  4897.72  100
O16 	14895.1 	0.206519  1  156.913  5348
O16 	14895.1 	0.242302  1  3070.46  2049
O16 	14895.1 	2.66754  1  -1030.72  6303
O16 	14895.1 	0.197886  1  -2217.08  7720
O16 	14895.1 	0.350307  1  -179.95  5405
O16 	14895.1 	0.296443  1  4076.69  978
O16 	14895.1 	0.203392  1  -3377.65  8785
O16 	14895.1 	0.74452  1  3004.2  2140
O16 	14895.1 	0.260153  1  -910.387  6189
O16 	14895.1 	0.307053  1  767.844  4378
O16 	14895.1 	0.539849  1  3328.02  1731
O16 	14895.1 	0.344516  1  4026.77  1048
O16 	14895.1 	0.335113  1  -2834.15  8201
O16 	14895.1 	0.204285  1  -48.319  5388
O16 	14895.1 	1.31264  1  84.1959  5100
O16 	14895.1 	0.259315  1  -2189.75  7656
O16 	14895.1 	0.814177  1  4892.86  108
O16 	14895.1 	0.330146  1  -2345.73  7867
O16 	14895.1 	0.281349  1  4766.53  264
O16 	14895.1 	0.199932  1  -1333.01  6693
O16 	14895.1 	0.264074  1  -159.256  5395
O16 	14895.1 	0.256427  1  654.912  4632
O16 	14895.1 	0.330547  1  -2962.23  8503
O16 	14895.1 	1.19514  1  4337.22  679
O16 	14895.1 	0.193787  1  2945.61  2135
O16 	14895.1 	0.238259  1  2475.45  2702
O16 	14895.1 	0.322265  1  -4796.8  10349
O16 	14895.1 	0.694972  1  -3066.8  8386
O16 	14895.1 	0.26014  1  -4464.8  9859
O16 	14895.1 	0.224237  1  1224.81  3959
O16 	14895.1 	1.48547  1  3008.73  2087
O16 	14895.1 	2.29013  1  -989.615  6391
O16 	14895.1 	0.258917  1  -1608.77  7161
O16 	14895.1 	0.405026  1  304.383  4930
O16 	14895.1 	0.200866  1  162.727  4975
O16 	14895.1 	0.34362  1  -4003.54  9485
O16 	14895.1 	0.293687  1  1580.57  3573
O16 	14895.1 	0.531933  1  -3232.73  8776
O16 	14895.1 	1.35142  1  -1954.53  7351
O16 	14895.1 	1.20974  1  -608.958  5900
O16 	14895.1 	0.380032  1  4270.36  785
O16 	14895.1 	0.261741  1  1597.56  3642
O16 	14895.1 	0.281573  1  1825.28  3266
O16 	14895.1 	0.263408  1  -4144.57  9685
O16 	14895.1 	0.460391  1  2445.86  2808
O16 	14895.1 	1.60329  1  2000.45  3251
O16 	14895.1 	0.260412  1  3692.35  1411
O16 	14895.1 	0.681902  1  1878.72  3421
O16 	14895.1 	0.763637  1  2291.47  2740
O16 	14895.1 	0.318681  1  200.745  5011
O16 	14895.1 	0.289051  1  2167.34  3063
O16 	14895.1 	0.718387  1  2092.82  3035
O16 	14895.1 	0.419882  1  3410.93  1657
O16 	14895.1 	0.400216  1  -2947.42  8280
O16 	14895.1 	0.208878  1  -1994.57  7309
O16 	14895.1 	0.212241  1  3296.31  1755
O16 	14895.1 	0.24292  1  -1295.3  6574
O16 	14895.1 	0.232898  1  -4381.07  9814
O16 	14895.1 	0.232446  1  -49.3701  5264
O16 	14895.1 	1.84059  1  2544.54  2584
O16 	14895.1 	0.295746  1  4039.43  1062
O16 	14895.1 	0.289826  1  3304.09  1794
O16 	14895.1 	0.257058  1  -3760.51  9104
O16 	14895.1 	0.326023  1  -1026.07  6300
O16 	14895.1 	0.251756  1  4323.37  717
O16 	14895.1 	0.28897  1  -338.364  5632
O16 	14895.1 	0.812585  1  -85.812  5366
O16 	14895.1 	0.269785  1  -1376.41  6732
O16 	14895.1 	0.200638  1  1091.37  4111
O16 	14895.1 	0.301133  1  -2233.6  7701
O16 	14895.1 	0.328897  1  -2571.96  7906
O16 	14895.1 	0.839472  1  -2739.72  8077
O16 	14895.1 	0.71183  1  -1150.16  6494
O16 	14895.1 	1.56852  1  2326.93  2843
O16 	14895.1 	0.37856  1  -4612.41  10318
O16 	14895.1 	0.865163  1  -14.3632  5275
O16 	14895.1 	0.266395  1  -130.61  5395
O16 	14895.1 	3.66821  1  -4936.55  10307
O16 	14895.1 	0.416076  1  654.207  4506
O16 	14895.1 	0.225674  1  4207.54  852
O16 	14895.1 	1.23403  1  -3659.42  9048
O16 	14895.1 	0.32678  1  -2084.53  7497
O16 	14895.1 	1.08033  1  3597.45  1470
O16 	14895.1 	0.508946  1  -2894.2  8278
O16 	14895.1 	0.594923  1  282.191  4978
O16 	14895.1 	0.433837  1  975.827  4335
O16 	14895.1 	0.333857  1  324.109  4936
O16 	14895.1 	0.252848  1  2333  2838
O16 	14895.1 	0.364273  1  -3992.67  9569
O16 	14895.1 	0.210982  1  -236.706  5445
O16 	14895.1 	0.404759  1  -4970.69  10574
O16 	14895.1 	0.207686  1  -2649.16  8012
O16 	14895.1 	0.208413  1  -1510.41  6734
O16 	14895.1 	0.551665  1  -4671.83  10028
O16 	14895.1 	0.196809  1  2572.82  2585
O16 	14895.1 	0.308907  1  3130.73  2012
O16 	14895.1 	0.486804  1  -4148.01  9568
O16 	14895.1 	0.512285  1  -1846.35  7045
O16 	14895.1 	0.500986  1  -4675.03  10380
O16 	14895.1 	0.283474  1  3603.26  1485
O16 	14895.1 	0.282132  1  -1559.91  6875
O16 	14895.1 	0.396168  1  2684.52  2531
O16 	14895.1 	0.190575  1  -15.401  5394
O16 	14895.1 	0.315393  1  1547.37  3608
O16 	14895.1 	0.289277  1  -1410.2  6557
O16 	14895.1 	0.673465  1  -1908.75  7135
O16 	14895.1 	0.406495  1  4563.55  460
O16 	14895.1 	0.350864  1  3707.93  1385
O16 	14895.1 	0.193591  1  -3499.24  8834
O16 	14895.1 	0.199228  1  3649.78  1405
O16 	14895.1 	0.246625  1  4507.04  494
O16 	14895.1 	0.36492  1  -2808.32  8083
O16 	14895.1 	0.256666  1  1597.92  3630
O16 	14895.1 	0.210992  1  -2826.98  8216
O16 	14895.1 	0.515032  1  -1085.56  6403
O16 	14895.1 	0.37904  1  -599.421  5979
O16 	14895.1 	0.480989  1  2832.09  2258
O16 	14895.1 	0.213584  1  -961.138  6374
O16 	14895.1 	0.223769  1  3668.24  1384
O16 	14895.1 	0.279351  1  -593.174  5801
O16 	14895.1 	0.195952  1  1951.55  3207
O16 	14895.1 	0.236882  1  -2424.4  7753
O16 	14895.1 	0.218344  1  4208.57  812
O16 	14895.1 	0.194411  1  4060.3  1025
O16 	14895.1 	0.20938  1  2458.02  2690
O16 	14895.1 	0.359487  1  187.19  5083
O16 	14895.1 	0.214211  1  3255.76  1829
O16 	14895.1 	0.455466  1  980.882  4276
O16 	14895.1 	0.197941  1  1090.73  4193
O16 	14895.1 	0.250239  1  -3653.38  9265
O16 	14895.1 	0.867763  1  -1316.77  6744
O16 	14895.1 	0.230106  1  4821.62  192
O16 	14895.1 	0.197943  1  1076.63  4218
O16 	14895.1 	0.307553  1  -472.922  5814
O16 	14895.1 	0.549485  1  -4730.13  10266
O16 	14895.1 	0.304574  1  -2841.89  8132
O16 	14895.1 	0.230046  1  4134.83  884
O16 	14895.1 	0.501092  1  -298.017  5548
O16 	14895.1 	0.790751  1  -4434.21  9891
O16 	14895.1 	0.204753  1  3770.45  1276
O16 	14895.1 	0.242019  1  1722.49  3441
O16 	14895.1 	0.191044  1  -2322.5  7749
O16 	14895.1 	0.24082  1  -4553.97  10098
O16 	14895.1 	0.259384  1  759.954  4479
O16 	14895.1 	0.218341  1  -3766.62  9179
O16 	14895.1 	0.270661  1  4156.96  922
O16 	14895.1 	0.578559  1  -1935.08  7223
O16 	14895.1 	0.487575  1  -1543.96  6932
O16 	14895.1 	0.626881  1  -1568.58  6965
O16 	14895.1 	0.222111  1  -3267.38  8730
O16 	14895.1 	0.402543  1  -4026.95  9454
O16 	14895.1 	0.201744  1  -480.502  5780
O16 	14895.1 	0.401021  1  -1359.4  6624
O16 	14895.1 	0.271593  1  -1379.84  6730
O16 	14895.1 	0.566371  1  -4796.95  10294
O16 	14895.1 	0.473848  1  3989.15  1069
O16 	14895.1 	0.20846  1  -1623.15  7155
O16 	14895.1 	0.329135  1  1667.24  3469
O16 	14895.1 	0.360081  1  108.585  5231
O16 	14895.1 	0.293013  1  -401.774  5530
O16 	14895.1 	0.823143  1  796.592  4354
O16 	14895.1 	0.781419  1  4690.73  341
O16 	14895.1 	1.47573  1  -1120.74  6311
O16 	14895.1 	1.4529  1  -435.428  5804
O16 	14895.1 	0.79015  1  -3393.56  8798
O16 	14895.1 	0.431253  1  -4642.59  10245
O16 	14895.1 	3.31529  1  -3425.18  8968
O16 	14895.1 	0.428576  1  -3317.4  8721
O16 	14895.1 	0.239796  1  387.105  4841
O16 	14895.1 	0.229669  1  -779.652  6201
O16 	14895.1 	0.365409  1  1563.05  3541
O16 	14895.1 	0.976755  1  349.571  4869
O16 	14895.1 	0.78141  1  -463.946  5593
O16 	14895.1 	0.305455  1  -2282  7717
O16 	14895.1 	0.21382  1  2971.68  2243
O16 	14895.1 	0.506823  1  -1740.05  7327
O16 	14895.1 	0.886337  1  -1208.51  6578
O16 	14895.1 	5.17786  1  842.488  4303
O16 	14895.1 	0.364761  1  -465.025  5762
O16 	14895.1 	0.383399  1  193.145  4973
O16 	14895.1 	1.25545  1  2021.93  3216
O16 	14895.1 	0.458944  1  2072.07  3066
O16 	14895.1 	0.190905  1  -2391.27  7655
O16 	14895.1 	2.63167  1  2094.47  3083
O16 	14895.1 	0.613858  1  2145.67  2998
O16 	14895.1 	0.2778  1  3860.18  1264
O16 	14895.1 	2.40767  1  1335.82  3903
O16 	14895.1 	0.189762  1  356.694  4941
O16 	14895.1 	0.319164  1  -3726.46  9165
O16 	14895.1 	0.62673  1  -4296.45  9636
O16 	14895.1 	0.443193  1  -4327.61  9776
O16 	14895.1 	0.26163  1  -2317.55  7748
O16 	14895.1 	0.216793  1  4452.1  581
O16 	14895.1 	0.613095  1  -4974.08  10509
O16 	14895.1 	0.293989  1  -1961.45  7278
O16 	14895.1 	0.212207  1  1230.4  4059
O16 	14895.1 	0.29307  1  4711.72  298
O16 	14895.1 	0.232816  1  420.798  4925
O16 	14895.1 	2.19012  1  2758.11  2376
O16 	14895.1 	0.759988  1  -2058  7461
O16 	14895.1 	0.395393  1  -1584.24  6870
O16 	14895.1 	0.196246  1  4279.85  721
O16 	14895.1 	0.218139  1  -2710.65  8096
O16 	14895.1 	0.438412  1  -3283.53  8697
O16 	14895.1 	0.244378  1  -1711.28  6978
O16 	14895.1 	0.202722  1  -2793.02  8198
O16 	14895.1 	0.434484  1  -3364.05  9014
O16 	14895.1 	0.23988  1  -937.923  6290
O16 	14895.1 	3.90082  1  -1289.93  6783
O16 	14895.1 	0.439176  1  -4697.34  9982
O16 	14895.1 	0.346725  1  4960.82  37
O16 	14895.1 	0.47846  1  3163.59  1927
O16 	14895.1 	0.287337  1  1839.56  3402
O16 	14895.1 	0.229758  1  3623.78  1453
O16 	14895.1 	0.526201  1  -2637.37  7940
O16 	14895.1 	0.372968  1  1783.42  3405
O16 	14895.1 	0.357702  1  2484.29  2580
O16 	14895.1 	0.488243  1  -3084.03  8382
O16 	14895.1 	0.28263  1  -514.319  5831
O16 	14895.1 	0.407754  1  -1201.44  6444
O16 	14895.1 	0.469987  1  -1456.14  6802
O16 	14895.1 	0.20867  1  -3200.12  8653
O16 	14895.1 	0.238641  1  -2741.25  8131
O16 	14895.1 	0.34638  1  -4201.57  9822
O16 	14895.1 	0.299765  1  2978.87  2060
O16 	14895.1 	0.378187  1  -697.579  6062
O16 	14895.1 	0.208612  1  4081.94  973
O16 	14895.1 	1.34433  1  4159.8  904
O16 	14895.1 	0.239744  1  4004.56  1059
O16 	14895.1 	0.484934  1  2351.87  2841
O16 	14895.1 	0.194272  1  -3379.09  8790
O16 	14895.1 	0.261209  1  -4864.18  10502
O16 	14895.1 	0.211767  1  856.929  4438
O16 	14895.1 	1.03462  1  -2208.27  7701
O16 	14895.1 	0.188916  1  2608.29  2491
O16 	14895.1 	2.71469  1  -2867.74  8175
O16 	14895.1 	0.360833  1  2002.83  3087
O16 	14895.1 	0.339528  1  -3736.74  9184
O16 	14895.1 	0.228248  1  35.0046  5198
O16 	14895.1 	0.200716  1  4669.28  367
O16 	14895.1 	0.51779  1  -1982.66  7346
O16 	14895.1 	0.200029  1  -3710.13  9273
O16 	14895.1 	0.398812  1  -4650.22  10191
O16 	14895.1 	1.26409  1  2968.24  2111
O16 	14895.1 	2.81583  1  4620.02  417
O16 	14895.1 	0.4231  1  -650.72  5884
O16 	14895.1 	0.273132  1  4751.8  285
O16 	14895.1 	0.196657  1  -3661.27  9035
O16 	14895.1 	1.47354  1  4834.27  184
O16 	14895.1 	0.268165  1  2943.91  2159
O16 	14895.1 	0.216857  1  -1459.92  6794
O16 	14895.1 	0.297394  1  -3943.31  9394
O16 	14895.1 	0.231375  1  -1993.89  7258
O16 	14895.1 	0.387965  1  3892.71  1210
O16 	14895.1 	0.283238  1  1449.88  3719
O16 	14895.1 	1.54416  1  -2138.72  7407
O16 	14895.1 	0.502167  1  886.595  4325
O16 	14895.1 	0.466928  1  3102.41  2024
O16 	14895.1 	0.285636  1  807.311  4306
O16 	14895.1 	0.220465  1  74.2688  5344
O16 	14895.1 	0.311539  1  -4280.41  9810
O16 	14895.1 	0.445864  1  -4732.94  10244
O16 	14895.1 	0.248792  1  -1892.27  7222
O16 	14895.1 	0.224802  1  -850.578  6055
O16 	14895.1 	0.321833  1  4747.18  268
O16 	14895.1 	0.268363  1  2822.16  2205
O16 	14895.1 	0.369569  1  4767.96  258
O16 	14895.1 	0.203909  1  1445.96  3813
O16 	14895.1 	0.318568  1  -4647.7  10251
O16 	14895.1 	0.265345  1  2129.52  3173
O16 	14895.1 	0.6233  1  -4711.32  10175
O16 	14895.1 	0.232419  1  -2837.12  8177
O16 	14895.1 	0.348346  1  4438.02  623
O16 	14895.1 	0.199263  1  2684.61  2387
O16 	14895.1 	0.192249  1  -1743.19  7166
O16 	14895.1 	0.227008  1  -2077.6  7560
O16 	14895.1 	0.912015  1  3933.64  1154
O16 	14895.1 	0.28603  1  931.652  4308
O16 	14895.1 	0.219969  1  -3907.11  9418
O16 	14895.1 	0.234841  1  -4558.34  9997
O16 	14895.1 	1.6817  1  -3676.85  9118
O16 	14895.1 	0.970617  1  -1103.86  6476
O16 	14895.1 	0.197178  1  1110.8  4082
O16 	14895.1 	0.329233  1  -3261.18  8525
O16 	14895.1 	0.602294  1  -3223.36  8617
O16 	14895.1 	0.286825  1  -3653.48  9248
O16 	14895.1 	0.374319  1  3311.92  1803
O16 	14895.1 	0.243671  1  -4257.12  9862
O16 	14895.1 	0.328665  1  2140.7  2990
O16 	14895.1 	0.264391  1  -1716.92  7034
O16 	14895.1 	0.319587  1  1915.32  3217
O16 	14895.1 	0.709988  1  4413.63  638
O16 	14895.1 	1.83644  1  -4025.43  9574
O16 	14895.1 	0.474434  1  -2423.33  7978
O16 	14895.1 	0.943642  1  610.148  4599
O16 	14895.1 	0.259769  1  1805.21  3448
O16 	14895.1 	0.277968  1  230.261  5046
O16 	14895.1 	0.366767  1  4278.89  773
O16 	14895.1 	1.05211  1  -2421.92  7833
O16 	14895.1 	0.344697  1  -4874.09  10454
O16 	14895.1 	0.30437  1  -511.48  5794
O16 	14895.1 	0.279573  1  4587.51  403
O16 	14895.1 	0.272403  1  642.374  4703
O16 	14895.1 	0.260384  1  313.582  4882
O16 	14895.1 	1.11946  1  -3042.46  8399
O16 	14895.1 	0.947497  1  -4256.83  10081
O16 	14895.1 	0.670343  1  834.493  4410
O16 	14895.1 	0.509029  1  734.772  4416
O16 	14895.1 	0.345332  1  1874.35  3198
O16 	14895.1 	0.718594  1  4427.69  606
O16 	14895.1 	0.319538  1  -4235.68  9856
O16 	14895.1 	0.211404  1  3255.59  1882
O16 	14895.1 	0.354212  1  837.373  4291
O16 	14895.1 	0.19944  1  -622.483  5965
O16 	14895.1 	0.224509  1  705.261  4539
O16 	14895.1 	0.348671  1  3691.13  1374
O16 	14895.1 	1.65414  1  1203.06  3956
O16 	14895.1 	0.743687  1  -2603.67  7957
O16 	14895.1 	0.223974  1  -4915.18  10289
O16 	14895.1 	0.273864  1  1438.57  3703
O16 	14895.1 	0.448431  1  1397.85  3867
O16 	14895.1 	0.211524  1  -1842.29  7266
O16 	14895.1 	0.374194  1  4208.34  809
O16 	14895.1 	0.47539  1  2626.36  2506
O16 	14895.1 	0.413651  1  2172.13  2957
O16 	14895.1 	0.410635  1  -2428.93  7857
O16 	14895.1 	0.658876  1  -304.365  5679
O16 	14895.1 	0.407868  1  3711.4  1331
O16 	14895.1 	0.5006  1  -1138.71  6331
O16 	14895.1 	0.318894  1  -401.195  5700
O16 	14895.1 	1.17274  1  3324.97  1731
O16 	14895.1 	0.190192  1  4084.37  950
O16 	14895.1 	0.395203  1  -2902.12  8334
O16 	14895.1 	0.631229  1  -4757.37  10373
O16 	14895.1 	0.190647  1  -595.324  5847
O16 	14895.1 	0.223369  1  4148.65  921
O16 	14895.1 	0.334338  1  585.042  4778
O16 	14895.1 	0.551774  1  -2154.42  7521
O16 	14895.1 	0.246664  1  -2088.68  7259
O16 	14895.1 	0.382071  1  -4201.75  9440
O16 	14895.1 	0.228574  1  1427.72  3750
O16 	14895.1 	0.212661  1  -3392.46  8832
O16 	14895.1 	0.341387  1  -4483.72  9959
O16 	14895.1 	0.425811  1  -4361.69  9936
O16 	14895.1 	0.364408  1  1200.26  3972
O16 	14895.1 	0.218421  1  2844.82  2278
O16 	14895.1 	1.07031  1  1902.75  3308
O16 	14895.1 	0.318318  1  -3714.74  9074
O16 	14895.1 	0.206783  1  1441.54  3625
O16 	14895.1 	0.192327  1  677.53  4611
O16 	14895.1 	3.77273  1  -263.822  5472
O16 	14895.1 	0.261885  1  -4129.59  9654
O16 	14895.1 	0.334805  1  989.987  4270
O16 	14895.1 	0.847834  1  -3261.59  8707
O16 	14895.1 	0.197978  1  -79.7046  5292
O16 	14895.1 	0.86614  1  3894.79  1115
O16 	14895.1 	0.36626  1  -2032.77  7306
O16 	14895.1 	0.198797  1  814.511  4464
O16 	14895.1 	0.377772  1  -1462.39  6954
O16 	14895.1 	0.642131  1  -4204.65  9797
O16 	14895.1 	0.206744  1  2730.48  2470
O16 	14895.1 	0.669668  1  3722.55  1338
O16 	14895.1 	0.219977  1  -1399.99  6757
O16 	14895.1 	1.16925  1  -3290.4  8663
O16 	14895.1 	0.284267  1  -628.828  6085
O16 	14895.1 	0.248084  1  -1904.7  7101
O16 	14895.1 	0.25932  1  1930.13  3191
O16 	14895.1 	0.208815  1  1144.58  4036
O16 	14895.1 	0.313318  1  3017.02  2047
O16 	14895.1 	0.340915  1  1058.08  4241
O16 	14895.1 	0.229335  1  -4038.24  9654
O16 	14895.1 	0.325766  1  4298.64  748
O16 	14895.1 	0.620218  1  -2892.8  8455
O16 	14895.1 	1.08488  1  626.667  4484
O16 	14895.1 	0.294276  1  3148.49  2017
O16 	14895.1 	0.191593  1  -4138.53  9499
O16 	14895.1 	0.197714  1  -2547.79  7943
O16 	14895.1 	0.5983  1  861.775  4347
O16 	14895.1 	0.212771  1  1454.65  3660
O16 	14895.1 	0.194013  1  -4165.74  9757
O16 	14895.1 	1.17383  1  1586.55  3697
O16 	14895.1 	0.438401  1  -3932.91  9540
O16 	14895.1 	0.30316  1  4861.85  149
O16 	14895.1 	0.780606  1  -4310.15  9795
O16 	14895.1 	0.357786  1  4915.05  99
O16 	14895.1 	0.395099  1  531.846  4780
O16 	14895.1 	0.348223  1  -1099.07  6403
O16 	14895.1 	0.256619  1  -1525.5  6873
O16 	14895.1 	0.344794  1  -1871.34  7233
O16 	14895.1 	0.479614  1  4368.02  685
O16 	14895.1 	0.46294  1  4980.29  21
O16 	14895.1 	0.432385  1  1241.17  4039
O16 	14895.1 	0.794439  1  706.84  4432
O16 	14895.1 	0.204119  1  529.023  4683
O16 	14895.1 	2.51619  1  332.233  4847
O16 	14895.1 	0.339572  1  -2382.68  7670
O16 	14895.1 	0.283495  1  4438.8  594
O16 	14895.1 	0.337685  1  3588.87  1571
O16 	14895.1 	0.463854  1  2850.93  2336
O16 	14895.1 	0.470024  1  2240.42  2995
O16 	14895.1 	0.226825  1  3503.84  1610
O16 	14895.1 	0.263947  1  1435.79  3752
O16 	14895.1 	0.361253  1  -2448.97  7850
O16 	14895.1 	0.82016  1  -2635.11  8017
O16 	14895.1 	5.16392  1  4277.5  766
O16 	14895.1 	0.215767  1  -2139.97  7553
O16 	14895.1 	0.245827  1  2742.39  2476
O16 	14895.1 	1.15956  1  4896.88  110
O16 	14895.1 	0.586313  1  3570.12  1550
O16 	14895.1 	0.36172  1  -3625.75  9175
O16 	14895.1 	0.276371  1  3827.5  1247
O16 	14895.1 	1.1629  1  2414.18  2705
O16 	14895.1 	0.350813  1  -548.431  5845
O16 	14895.1 	0.512287  1  1272.55  3962
O16 	14895.1 	0.219487  1  -4589.52  10104
O16 	14895.1 	0.468175  1  -3778.9  9263
O16 	14895.1 	0.426221  1  1590.83  3653
O16 	14895.1 	0.288621  1  -3962  9636
O16 	14895.1 	1.11853  1  3524.48  1568
O16 	14895.1 	0.274222  1  713.082  4470
O16 	14895.1 	0.65514  1  -4158.49  9757
O16 	14895.1 	0.189933  1  -1068.83  6465
O16 	14895.1 	0.226693  1  3085.74  2009
O16 	14895.1 	0.689167  1  -4952.29  10530
O16 	14895.1 	0.376066  1  -472.674  5895
O16 	14895.1 	0.219905  1  -4167.65  9684
O16 	14895.1 	0.329151  1  -1663.45  6929
O16 	14895.1 	0.898691  1  3054.3  2028
O16 	14895.1 	0.340041  1  -3581.2  8965
O16 	14895.1 	0.246753  1  3974.08  1081
O16 	14895.1 	0.201575  1  2761.64  2407
O16 	14895.1 	0.363705  1  1166.33  4102
O16 	14895.1 	0.487712  1  -1784.94  7179
O16 	14895.1 	16.0408  1  3387.98  1687
O16 	14895.1 	1.15752  1  -4897.49  10344
O16 	14895.1 	0.203368  1  -247.227  5716
O16 	14895.1 	0.692588  1  -4874.07  10426
O16 	14895.1 	0.353105  1  3585.12  1505
O16 	14895.1 	0.390107  1  3616.9  1482
O16 	14895.1 	0.439682  1  -2241.98  7614
O16 	14895.1 	0.467518  1  -2510.35  7929
O16 	14895.1 	0.439604  1  2118.52  3101
