O16 	14895.1 	0.607877  1  3188.22  1937
O16 	14895.1 	0.19882  1  -1630.43  7084
O16 	14895.1 	0.402829  1  3165.41  1900
O16 	14895.1 	0.207113  1  -24.388  5331
O16 	14895.1 	0.319822  1  1284.06  3831
O16 	14895.1 	0.198759  1  3282.27  1844
O16 	14895.1 	0.213472  1  1914.09  3318
O16 	14895.1 	0.66199  1  -1127.96  6513
O16 	14895.1 	0.507616  1  3969.85  1080
O16 	14895.1 	0.630958  1  1235.74  4029
O16 	14895.1 	1.44954  1  -1793.16  7047
O16 	14895.1 	0.356156  1  2947.22  2093
O16 	14895.1 	0.197628  1  2278.61  2904
O16 	14895.1 	0.248372  1  3864.1  1162
O16 	14895.1 	0.426678  1  837.392  4348
O16 	14895.1 	0.328429  1  -845.867  6047
O16 	14895.1 	0.576613  1  4715.05  314
O16 	14895.1 	0.467213  1  174.789  5109
O16 	14895.1 	0.192957  1  -1956.22  7255
O16 	14895.1 	0.549249  1  2579.82  2569
O16 	14895.1 	2.04505  1  2762.08  2386
O16 	14895.1 	0.61552  1  -237.532  5616
O16 	14895.1 	0.496072  1  3172.68  1903
O16 	14895.1 	0.330103  1  -2355.56  7658
O16 	14895.1 	0.296314  1  -2953.17  8231
O16 	14895.1 	0.304809  1  -4568.61  10048
O16 	14895.1 	0.2008  1  492.865  4687
O16 	14895.1 	0.842216  1  424.904  4617
O16 	14895.1 	0.193676  1  -1762.66  7008
O16 	14895.1 	0.247266  1  15.0224  5195
O16 	14895.1 	0.882694  1  -1307.41  6544
O16 	14895.1 	2.73104  1  -2155.63  7560
O16 	14895.1 	0.20636  1  -3373.17  8826
O16 	14895.1 	0.210945  1  -3767.19  9291
O16 	14895.1 	0.917735  1  4454.88  599
O16 	14895.1 	0.205451  1  3782.46  1285
O16 	14895.1 	0.189198  1  -1770.38  7202
O16 	14895.1 	0.731829  1  2737.75  2366
O16 	14895.1 	0.503412  1  275.241  4922
O16 	14895.1 	0.337992  1  3472.69  1620
O16 	14895.1 	0.839458  1  2163.66  2809
O16 	14895.1 	6.04392  1  2336.9  2801
O16 	14895.1 	0.423621  1  208.848  5016
O16 	14895.1 	0.413387  1  -644.456  5965
O16 	14895.1 	0.290388  1  4790.3  216
O16 	14895.1 	0.226867  1  26.0332  5216
O16 	14895.1 	0.208785  1  -117.571  5401
O16 	14895.1 	0.199733  1  -3446.16  8958
O16 	14895.1 	0.471186  1  -4513.41  9816
O16 	14895.1 	0.316774  1  2573.14  2560
O16 	14895.1 	0.402581  1  -4078.61  9602
O16 	14895.1 	0.390501  1  -2283.18  7651
O16 	14895.1 	0.239693  1  3807.51  1282
O16 	14895.1 	0.20986  1  -2289.66  7817
O16 	14895.1 	0.602471  1  4026.73  1044
O16 	14895.1 	0.241547  1  -293.407  5512
O16 	14895.1 	0.239146  1  -2332.18  7593
O16 	14895.1 	0.257356  1  3544.87  1560
O16 	14895.1 	0.382198  1  2442.48  2636
O16 	14895.1 	0.353982  1  -2912.77  8348
O16 	14895.1 	0.505856  1  974.795  4266
O16 	14895.1 	0.308008  1  -88.1555  5414
O16 	14895.1 	0.192432  1  -4612.83  10133
O16 	14895.1 	0.312691  1  -1079.99  6369
O16 	14895.1 	0.456669  1  -3549.83  8998
O16 	14895.1 	0.247419  1  -4987  10362
O16 	14895.1 	0.209316  1  1694.12  3381
O16 	14895.1 	0.387473  1  -210.648  5420
O16 	14895.1 	0.209088  1  -1897.47  7243
O16 	14895.1 	0.456038  1  -1579.78  6949
O16 	14895.1 	0.814944  1  2823.61  2255
O16 	14895.1 	0.759653  1  902.176  4361
O16 	14895.1 	0.21406  1  1535.7  3712
O16 	14895.1 	0.920996  1  -2948.39  8421
O16 	14895.1 	0.302805  1  1790.84  3343
O16 	14895.1 	0.27117  1  -2897.87  8411
O16 	14895.1 	0.193226  1  1415.11  3771
O16 	14895.1 	0.456421  1  2332.14  2889
O16 	14895.1 	0.302928  1  -587.343  6007
O16 	14895.1 	0.372954  1  1150.79  4004
O16 	14895.1 	0.276861  1  1570.38  3554
O16 	14895.1 	0.891676  1  4230.11  829
O16 	14895.1 	1.48393  1  161.345  5089
O16 	14895.1 	6.15869  1  826.275  4387
O16 	14895.1 	0.268826  1  -695.419  5904
O16 	14895.1 	0.83929  1  -4535.38  10013
O16 	14895.1 	0.506979  1  -2714.07  8037
O16 	14895.1 	0.348703  1  4871.53  144
O16 	14895.1 	0.324541  1  -183.408  5527
O16 	14895.1 	2.29454  1  -870.902  6326
O16 	14895.1 	0.301734  1  4840.56  167
O16 	14895.1 	0.491401  1  3107.92  2031
O16 	14895.1 	0.288125  1  3623.01  1384
O16 	14895.1 	0.649685  1  1321.46  3766
O16 	14895.1 	0.22241  1  -4367.9  9853
O16 	14895.1 	0.256703  1  -1687.38  7069
O16 	14895.1 	0.260392  1  -3285.92  8798
O16 	14895.1 	0.205602  1  -1629.44  6972
O16 	14895.1 	0.384636  1  -3354.01  8768
O16 	14895.1 	0.211085  1  -769.124  5972
O16 	14895.1 	0.191182  1  2592.6  2483
O16 	14895.1 	0.239065  1  -130.056  5356
O16 	14895.1 	0.33726  1  -4252.79  9591
O16 	14895.1 	0.256564  1  -110.332  5232
O16 	14895.1 	0.19285  1  2789.85  2252
O16 	14895.1 	0.337363  1  -1288.33  6520
O16 	14895.1 	0.216978  1  1563.99  3603
O16 	14895.1 	0.328297  1  3190.87  1928
O16 	14895.1 	0.216546  1  4244.06  801
O16 	14895.1 	0.398676  1  1100.62  4132
O16 	14895.1 	0.23836  1  4606.1  416
O16 	14895.1 	0.214604  1  291.778  5043
O16 	14895.1 	0.223469  1  -3741.44  9311
O16 	14895.1 	2.54668  1  1245.7  3873
O16 	14895.1 	0.188951  1  2393.9  2673
O16 	14895.1 	0.717994  1  -2671.66  7961
O16 	14895.1 	0.22865  1  -1099  6281
O16 	14895.1 	0.478134  1  -2705.52  8170
O16 	14895.1 	0.32198  1  -3883.74  9283
O16 	14895.1 	0.26575  1  4486.75  526
O16 	14895.1 	0.344032  1  1098.36  4020
O16 	14895.1 	0.299629  1  -623.635  5893
O16 	14895.1 	0.22927  1  -3494.56  8934
O16 	14895.1 	0.256558  1  2315.6  2765
O16 	14895.1 	0.192407  1  902.224  4236
O16 	14895.1 	0.263635  1  -3246.05  8627
O16 	14895.1 	3.82241  1  -1372.84  6810
O16 	14895.1 	0.193485  1  -2468.73  7907
O16 	14895.1 	0.341569  1  1001.13  4265
O16 	14895.1 	0.520937  1  1133.77  4036
O16 	14895.1 	0.235085  1  -3782.64  9226
O16 	14895.1 	0.350112  1  4654.59  370
O16 	14895.1 	0.196507  1  3650.26  1475
O16 	14895.1 	0.237156  1  366.977  4874
O16 	14895.1 	0.290189  1  4684.18  303
O16 	14895.1 	4.29619  1  3823.88  1299
O16 	14895.1 	0.7854  1  1104.57  4073
O16 	14895.1 	0.312352  1  -4833.33  10461
O16 	14895.1 	0.202656  1  -2713.55  8300
O16 	14895.1 	0.268626  1  1165.41  4001
O16 	14895.1 	0.231807  1  -801.076  6091
O16 	14895.1 	0.193477  1  1457.43  3761
O16 	14895.1 	0.19684  1  -70.6848  5484
O16 	14895.1 	0.2483  1  -2856.42  8225
O16 	14895.1 	0.242345  1  -622.573  5912
O16 	14895.1 	0.513997  1  -3212.81  8685
O16 	14895.1 	0.609877  1  -2322.32  7678
O16 	14895.1 	0.440632  1  -4072.05  9512
O16 	14895.1 	0.358754  1  20.0837  5346
O16 	14895.1 	0.197683  1  3125.94  2000
O16 	14895.1 	0.322451  1  4416.02  607
O16 	14895.1 	0.323216  1  4399.5  594
O16 	14895.1 	0.218656  1  -2573.6  7981
O16 	14895.1 	0.209737  1  2109.51  3060
O16 	14895.1 	0.252671  1  2526.61  2618
O16 	14895.1 	0.213156  1  2580.59  2647
O16 	14895.1 	0.332179  1  -1938.65  7409
O16 	14895.1 	0.322308  1  -252.838  5433
O16 	14895.1 	0.271639  1  556.911  4684
O16 	14895.1 	0.209193  1  -4811.1  10384
O16 	14895.1 	0.333754  1  -2845.81  8273
O16 	14895.1 	0.605022  1  390.078  4892
O16 	14895.1 	0.385092  1  -2831.69  8069
O16 	14895.1 	0.247173  1  1179.66  4112
O16 	14895.1 	0.27135  1  44.439  5200
O16 	14895.1 	0.694649  1  -4058.07  9388
O16 	14895.1 	0.222466  1  -994.038  6301
O16 	14895.1 	0.405592  1  1648.37  3509
O16 	14895.1 	0.837221  1  4296.09  739
O16 	14895.1 	0.202145  1  -2700.77  8101
O16 	14895.1 	0.635074  1  241.698  4945
O16 	14895.1 	0.196328  1  -997.501  6274
O16 	14895.1 	0.765783  1  -3692.56  9087
O16 	14895.1 	0.320978  1  4997.71  5
O16 	14895.1 	0.769621  1  4359.33  663
O16 	14895.1 	0.27051  1  3358.98  1766
O16 	14895.1 	0.209226  1  -1105.18  6380
O16 	14895.1 	0.881442  1  -798.999  6164
O16 	14895.1 	0.225051  1  -4940.14  10402
O16 	14895.1 	1.18931  1  617.311  4653
O16 	14895.1 	0.372858  1  178.877  5131
O16 	14895.1 	0.452843  1  731.687  4408
O16 	14895.1 	0.56052  1  1180.92  3953
O16 	14895.1 	0.355697  1  -2961.14  8247
O16 	14895.1 	0.225362  1  2117.79  3109
O16 	14895.1 	7.88543  1  -3673.13  9109
O16 	14895.1 	0.408519  1  2060.52  3132
O16 	14895.1 	0.419184  1  4177.79  863
O16 	14895.1 	0.596016  1  -1103.53  6384
O16 	14895.1 	0.515733  1  4583.39  410
O16 	14895.1 	0.208383  1  3806.74  1285
O16 	14895.1 	0.220332  1  -4322.44  9786
O16 	14895.1 	0.213126  1  3430.56  1653
O16 	14895.1 	0.222427  1  360.13  4927
O16 	14895.1 	0.211131  1  -1376.19  6692
O16 	14895.1 	0.238336  1  -1004.48  6190
O16 	14895.1 	0.197695  1  1375.52  3889
O16 	14895.1 	1.6822  1  -2197.29  7453
O16 	14895.1 	0.243284  1  1174.03  4090
O16 	14895.1 	0.224416  1  570.962  4688
O16 	14895.1 	0.194441  1  -838.16  6051
O16 	14895.1 	0.209093  1  -296.368  5446
O16 	14895.1 	0.429344  1  -2695.62  8100
O16 	14895.1 	0.191365  1  134.446  5112
O16 	14895.1 	0.873504  1  1531.4  3564
O16 	14895.1 	0.330523  1  3189.93  1895
O16 	14895.1 	1.01911  1  166.077  5173
O16 	14895.1 	0.27348  1  -1069.27  6267
O16 	14895.1 	0.358367  1  1018.05  4156
O16 	14895.1 	0.20135  1  -2821.5  8291
O16 	14895.1 	0.250987  1  -2106.19  7506
O16 	14895.1 	0.325916  1  -4717.07  10001
O16 	14895.1 	0.291967  1  4170.69  864
O16 	14895.1 	0.389106  1  -500.546  5863
O16 	14895.1 	0.610582  1  1223.93  3915
O16 	14895.1 	0.852814  1  2376.97  2764
O16 	14895.1 	0.32932  1  4184.94  890
O16 	14895.1 	0.348431  1  857.031  4272
O16 	14895.1 	0.24757  1  4632.8  416
O16 	14895.1 	0.208776  1  4348.55  743
O16 	14895.1 	0.216916  1  -2649.19  7947
O16 	14895.1 	0.397205  1  837.021  4296
O16 	14895.1 	0.217053  1  469.749  4815
O16 	14895.1 	0.423497  1  -2559.95  8027
O16 	14895.1 	0.382232  1  -4489.98  10046
O16 	14895.1 	0.31787  1  -2984.95  8544
O16 	14895.1 	0.605144  1  -385.436  5604
O16 	14895.1 	0.192072  1  -2002.16  7333
O16 	14895.1 	0.209102  1  -4109.31  9589
O16 	14895.1 	0.260065  1  2715.02  2396
O16 	14895.1 	0.393905  1  -3815.55  9259
O16 	14895.1 	0.460584  1  3345.73  1725
O16 	14895.1 	0.293918  1  1069.95  4134
O16 	14895.1 	0.271495  1  -4463.52  9893
O16 	14895.1 	0.298781  1  -3163.5  8608
O16 	14895.1 	1.11043  1  2255.03  2890
O16 	14895.1 	0.328735  1  1263.19  4010
O16 	14895.1 	0.208535  1  -170.62  5355
O16 	14895.1 	0.247988  1  -1565.91  6819
O16 	14895.1 	0.300943  1  3114.91  1924
O16 	14895.1 	0.848994  1  -2589.36  7913
O16 	14895.1 	0.315075  1  -862.757  6120
O16 	14895.1 	0.295526  1  -1839.44  7249
O16 	14895.1 	0.402912  1  -1293.56  6647
O16 	14895.1 	0.192938  1  4903.02  123
O16 	14895.1 	0.238736  1  -1702.78  7031
O16 	14895.1 	0.249344  1  3120.09  2014
O16 	14895.1 	0.228524  1  3854.84  1193
O16 	14895.1 	0.217841  1  -1335.83  6707
O16 	14895.1 	0.217584  1  -4777.02  10247
O16 	14895.1 	0.598545  1  4147.08  922
O16 	14895.1 	0.240807  1  -808.539  6303
O16 	14895.1 	0.308294  1  -4825.71  10236
O16 	14895.1 	0.254327  1  4512.48  505
O16 	14895.1 	1.13207  1  -3893.75  9285
O16 	14895.1 	0.99903  1  -1621.31  6781
O16 	14895.1 	0.858755  1  -103.974  5329
O16 	14895.1 	0.409058  1  982.509  4379
O16 	14895.1 	0.500868  1  2864.79  2228
O16 	14895.1 	0.273267  1  -1200.59  6443
O16 	14895.1 	0.350945  1  3456.51  1660
O16 	14895.1 	0.306864  1  -4791.7  10199
O16 	14895.1 	0.602507  1  -932.877  6219
O16 	14895.1 	0.622657  1  4551.65  480
O16 	14895.1 	1.72939  1  -2401.69  7770
O16 	14895.1 	0.225558  1  2626.55  2489
O16 	14895.1 	0.19205  1  -2387.23  7704
O16 	14895.1 	0.4911  1  4114.59  985
O16 	14895.1 	0.195438  1  -2786.57  8179
O16 	14895.1 	0.728159  1  -3285.89  8888
O16 	14895.1 	0.207073  1  -95.8598  5303
O16 	14895.1 	0.333789  1  -4572.06  10058
O16 	14895.1 	0.537313  1  2525.03  2548
O16 	14895.1 	0.232777  1  -3095.02  8624
O16 	14895.1 	0.378399  1  1444.82  3635
O16 	14895.1 	0.340041  1  -3296.51  8630
O16 	14895.1 	0.268618  1  -3000.36  8381
O16 	14895.1 	0.301162  1  -111.291  5359
O16 	14895.1 	0.217373  1  2822.43  2315
O16 	14895.1 	0.358516  1  3737.63  1349
O16 	14895.1 	0.523386  1  -4002.08  9317
O16 	14895.1 	0.254901  1  3227.1  1908
O16 	14895.1 	0.529516  1  -4209.67  9586
O16 	14895.1 	0.219042  1  4363.42  706
O16 	14895.1 	0.422451  1  -3533.79  8932
O16 	14895.1 	0.616507  1  1649.73  3597
O16 	14895.1 	0.9742  1  490.699  4789
O16 	14895.1 	0.213348  1  1599.42  3508
O16 	14895.1 	0.213539  1  3289.97  1822
O16 	14895.1 	0.251014  1  4343.35  667
O16 	14895.1 	0.217073  1  -2682.71  8118
O16 	14895.1 	0.331025  1  -4307.42  9502
O16 	14895.1 	0.201881  1  1052.04  4142
O16 	14895.1 	0.242882  1  -819.712  6064
O16 	14895.1 	1.16538  1  -26.7241  5185
O16 	14895.1 	0.955659  1  -691.468  5963
O16 	14895.1 	0.536749  1  -4360.49  9922
O16 	14895.1 	0.192419  1  1719.14  3421
O16 	14895.1 	0.991566  1  -1890.74  7219
O16 	14895.1 	0.485462  1  -4823.3  10139
O16 	14895.1 	0.303479  1  608.343  4707
O16 	14895.1 	0.439  1  1568.27  3529
O16 	14895.1 	0.255671  1  -4021.01  9494
O16 	14895.1 	1.0077  1  49.4064  5135
O16 	14895.1 	0.29229  1  -2634.14  7854
O16 	14895.1 	0.858254  1  -4548.09  10041
O16 	14895.1 	0.406176  1  -1098.66  6435
O16 	14895.1 	0.59266  1  -4976.55  10582
O16 	14895.1 	0.457092  1  -556.404  5779
O16 	14895.1 	0.428187  1  -4857.38  10245
O16 	14895.1 	0.402484  1  4119.66  959
O16 	14895.1 	0.810857  1  1151.02  3986
O16 	14895.1 	0.284148  1  4567.8  467
O16 	14895.1 	0.296846  1  1252.68  3896
O16 	14895.1 	0.20855  1  922.608  4278
O16 	14895.1 	0.222318  1  -578.493  5876
O16 	14895.1 	0.557302  1  1997.17  3117
O16 	14895.1 	0.19483  1  2215.42  2969
O16 	14895.1 	0.478533  1  4965.4  25
O16 	14895.1 	0.272665  1  1697.02  3411
O16 	14895.1 	0.273946  1  3803.81  1241
O16 	14895.1 	0.546436  1  -2235.43  7578
O16 	14895.1 	0.896952  1  381.934  4780
O16 	14895.1 	0.365631  1  -4692.07  10263
O16 	14895.1 	0.225494  1  2591.33  2555
O16 	14895.1 	0.241692  1  189.074  5042
O16 	14895.1 	0.260335  1  4907.66  100
O16 	14895.1 	0.260475  1  3657.95  1417
O16 	14895.1 	0.307518  1  3822.23  1225
O16 	14895.1 	0.76786  1  -4054.41  9400
O16 	14895.1 	0.420859  1  -3303.91  8551
O16 	14895.1 	0.194852  1  -3781.2  9072
O16 	14895.1 	0.238583  1  -3634.21  9102
O16 	14895.1 	0.212784  1  2051.11  3020
O16 	14895.1 	0.193126  1  -1760.43  7015
O16 	14895.1 	0.399787  1  4460.64  570
O16 	14895.1 	0.349066  1  -4452.65  10031
O16 	14895.1 	0.405035  1  -1298.58  6678
O16 	14895.1 	0.239685  1  -3782.48  9165
O16 	14895.1 	0.452126  1  1992.39  3274
O16 	14895.1 	0.581886  1  -3283.82  8540
O16 	14895.1 	0.209553  1  -4646.58  10141
O16 	14895.1 	0.206066  1  -3392.78  8733
O16 	14895.1 	0.576911  1  -153.598  5426
O16 	14895.1 	0.211335  1  -2582.87  8025
O16 	14895.1 	0.279639  1  3071.44  2021
O16 	14895.1 	4.42552  1  -1643.26  6964
O16 	14895.1 	0.330017  1  -3506.43  8863
O16 	14895.1 	1.07924  1  -2445.61  7906
O16 	14895.1 	0.985954  1  2132  2975
O16 	14895.1 	1.00829  1  1402.42  3768
O16 	14895.1 	0.499643  1  1112.02  4173
O16 	14895.1 	0.297093  1  -4289.39  9890
O16 	14895.1 	0.9987  1  87.924  5224
O16 	14895.1 	0.303254  1  4285.62  766
O16 	14895.1 	0.631491  1  -323.865  5737
O16 	14895.1 	0.619916  1  1338.77  3736
O16 	14895.1 	0.780193  1  3614.86  1494
O16 	14895.1 	0.560461  1  -2334.91  7727
O16 	14895.1 	0.826298  1  -2094.41  7315
O16 	14895.1 	0.219968  1  1530.73  3602
O16 	14895.1 	0.939733  1  -378.215  5702
O16 	14895.1 	0.696318  1  -1808  7164
O16 	14895.1 	0.1886  1  3741.07  1327
O16 	14895.1 	0.204379  1  4782.53  240
O16 	14895.1 	0.227637  1  2498.84  2581
O16 	14895.1 	0.368973  1  1947.63  3141
O16 	14895.1 	0.225281  1  -3610.89  9054
O16 	14895.1 	4.3211  1  -2901.57  8358
O16 	14895.1 	0.278061  1  3425.18  1691
O16 	14895.1 	0.386265  1  961.747  4299
O16 	14895.1 	0.203036  1  1490.59  3718
O16 	14895.1 	0.198521  1  1756.98  3434
O16 	14895.1 	0.283524  1  -1497.79  6939
O16 	14895.1 	0.880076  1  658.531  4485
O16 	14895.1 	0.250635  1  3511.31  1512
O16 	14895.1 	0.324453  1  1460.95  3675
O16 	14895.1 	0.296488  1  4054.49  1002
O16 	14895.1 	0.190688  1  -737.675  5946
O16 	14895.1 	0.325057  1  -4643.77  10055
O16 	14895.1 	0.196879  1  -228.207  5457
O16 	14895.1 	0.361884  1  2430.79  2714
O16 	14895.1 	0.506569  1  -3766.66  9227
O16 	14895.1 	0.208865  1  -3312.15  8739
O16 	14895.1 	0.338882  1  2096.32  3050
O16 	14895.1 	0.255092  1  4297.39  708
O16 	14895.1 	0.447385  1  4542.43  497
O16 	14895.1 	13.2528  1  2378.71  2767
O16 	14895.1 	0.645932  1  4503.5  576
O16 	14895.1 	0.420333  1  3442.46  1654
O16 	14895.1 	0.304731  1  -4746.83  10187
O16 	14895.1 	0.228769  1  -122.353  5292
O16 	14895.1 	0.381959  1  2708.54  2278
O16 	14895.1 	0.884872  1  813.848  4289
O16 	14895.1 	0.213743  1  3922.76  1178
O16 	14895.1 	0.479463  1  2512.88  2632
O16 	14895.1 	0.503034  1  -1362.9  6667
O16 	14895.1 	2.52119  1  -4409.44  10191
O16 	14895.1 	1.90057  1  -3836.41  9347
O16 	14895.1 	0.219691  1  3881.84  1157
O16 	14895.1 	3.78694  1  -550.615  5894
O16 	14895.1 	0.277066  1  -1248.63  6369
O16 	14895.1 	0.204082  1  -3017.85  8410
O16 	14895.1 	0.429212  1  -4921.6  10480
O16 	14895.1 	0.86042  1  -3623.04  9141
O16 	14895.1 	0.909876  1  -1999.15  7405
O16 	14895.1 	0.305153  1  2236.95  2961
O16 	14895.1 	0.27388  1  564.61  4695
O16 	14895.1 	0.218381  1  -579.63  5908
O16 	14895.1 	0.436239  1  -544.946  5740
O16 	14895.1 	0.300679  1  3415.89  1744
O16 	14895.1 	0.248732  1  777.507  4436
O16 	14895.1 	0.188911  1  -1832.87  7100
O16 	14895.1 	0.41499  1  725.355  4458
O16 	14895.1 	0.615913  1  4375.69  666
O16 	14895.1 	0.212365  1  -466.092  5732
O16 	14895.1 	0.708404  1  -3797.04  9314
O16 	14895.1 	0.282058  1  -3991.64  9381
O16 	14895.1 	0.264251  1  -4471.58  9693
O16 	14895.1 	2.08009  1  -894.002  6141
O16 	14895.1 	0.439851  1  -3627.26  9203
O16 	14895.1 	0.282028  1  -1245.44  6529
O16 	14895.1 	0.363537  1  -4725.02  10149
O16 	14895.1 	0.243656  1  -117.455  5412
O16 	14895.1 	0.24182  1  -953.579  6080
O16 	14895.1 	0.246714  1  -2384.27  7640
O16 	14895.1 	0.33234  1  3485.34  1529
O16 	14895.1 	0.349293  1  -3957.13  9390
O16 	14895.1 	7.12476  1  2643.28  2523
O16 	14895.1 	0.190769  1  3737.12  1289
O16 	14895.1 	0.21668  1  3135.69  2017
O16 	14895.1 	0.325074  1  -304.534  5504
O16 	14895.1 	0.266325  1  3990.62  989
O16 	14895.1 	0.549975  1  -3218.22  8653
O16 	14895.1 	0.358764  1  -275.753  5513
O16 	14895.1 	0.50964  1  787.519  4471
O16 	14895.1 	0.272099  1  -4232.36  9515
O16 	14895.1 	0.19425  1  3047.57  2032
O16 	14895.1 	0.898935  1  3558.39  1512
O16 	14895.1 	0.305348  1  -3229.51  8592
O16 	14895.1 	0.288993  1  -865.335  6092
O16 	14895.1 	0.256642  1  889.617  4303
O16 	14895.1 	0.245103  1  -1065.93  6475
O16 	14895.1 	0.269572  1  4736.42  270
O16 	14895.1 	0.323594  1  -3041.58  8280
O16 	14895.1 	0.614521  1  2759.96  2314
O16 	14895.1 	0.637192  1  4630.99  383
O16 	14895.1 	0.238009  1  2980.83  2134
O16 	14895.1 	0.227243  1  1579.65  3597
O16 	14895.1 	0.237281  1  -2232.17  7501
O16 	14895.1 	0.341077  1  -3007.96  8296
O16 	14895.1 	0.211336  1  -4749.79  10311
O16 	14895.1 	0.511953  1  -1891.51  7225
O16 	14895.1 	0.304267  1  990.003  4203
O16 	14895.1 	0.448433  1  637.192  4560
O16 	14895.1 	0.441022  1  2308.17  2818
O16 	14895.1 	0.229482  1  -2360.93  7700
O16 	14895.1 	2.07948  1  -2526.4  7765
O16 	14895.1 	0.564003  1  -2139.4  7439
O16 	14895.1 	0.233403  1  3925.16  1115
O16 	14895.1 	0.210293  1  -4783.46  10475
O16 	14895.1 	0.58058  1  4449.35  543
O16 	14895.1 	0.234576  1  1466.72  3769
O16 	14895.1 	0.667625  1  -1339.41  6711
O16 	14895.1 	0.946662  1  2152.6  2931
O16 	14895.1 	0.615679  1  1332.85  3865
O16 	14895.1 	0.636215  1  1676.8  3525
O16 	14895.1 	0.195385  1  -4798.94  10446
O16 	14895.1 	0.203725  1  -1915.75  7267
O16 	14895.1 	0.414904  1  -609.098  5867
O16 	14895.1 	0.385105  1  2890.79  2167
O16 	14895.1 	0.228373  1  2811.93  2384
O16 	14895.1 	0.66009  1  3106.86  2018
O16 	14895.1 	0.207261  1  -4491.48  9748
O16 	14895.1 	0.209007  1  -265.124  5514
O16 	14895.1 	1.07674  1  -3453.09  8931
O16 	14895.1 	0.18985  1  -1557.81  6896
O16 	14895.1 	0.287659  1  -1360.99  6698
O16 	14895.1 	0.558975  1  -2278.7  7572
O16 	14895.1 	0.20416  1  -1879.36  7290
O16 	14895.1 	0.253746  1  1859.74  3340
O16 	14895.1 	0.219715  1  -4999.99  10374
O16 	14895.1 	0.280194  1  -4280.42  9785
O16 	14895.1 	0.218391  1  -2250.84  7689
O16 	14895.1 	1.93596  1  3962.33  1095
O16 	14895.1 	0.270942  1  -3787.71  9209
O16 	14895.1 	0.244991  1  -3438  8805
O16 	14895.1 	0.243486  1  3154.93  1969
O16 	14895.1 	0.190192  1  1212.77  4046
O16 	14895.1 	0.593784  1  4591.34  450
O16 	14895.1 	0.946429  1  -3717.46  9071
O16 	14895.1 	0.259281  1  2022.99  3130
O16 	14895.1 	3.0313  1  3595.19  1419
O16 	14895.1 	0.194412  1  -1459.41  6683
O16 	14895.1 	0.435031  1  4751.11  229
O16 	14895.1 	0.681234  1  -1607.33  6945
O16 	14895.1 	0.371191  1  3236.41  1767
O16 	14895.1 	0.262121  1  1057.85  4179
O16 	14895.1 	0.547563  1  -3924.61  9553
O16 	14895.1 	0.247948  1  4853.58  134
O16 	14895.1 	0.222519  1  -4688.47  10220
O16 	14895.1 	0.267931  1  2365.26  2785
O16 	14895.1 	0.530076  1  -1497.35  7023
O16 	14895.1 	0.21739  1  -4692.71  10225
O16 	14895.1 	0.241445  1  -4910.8  10458
O16 	14895.1 	0.253067  1  4286.14  778
O16 	14895.1 	0.45092  1  -4271.56  9687
O16 	14895.1 	0.235473  1  -4479.87  9969
O16 	14895.1 	8.21218  1  3708.22  1329
O16 	14895.1 	0.27074  1  -3148.07  8528
O16 	14895.1 	0.215557  1  1994.09  3106
O16 	14895.1 	0.201886  1  -302.547  5535
O16 	14895.1 	0.253291  1  -4426.03  9744
O16 	14895.1 	0.454578  1  -2501.25  7745
O16 	14895.1 	0.641364  1  2725.2  2391
O16 	14895.1 	0.215073  1  2586.14  2513
O16 	14895.1 	0.603769  1  -4800.29  10224
O16 	14895.1 	0.319894  1  1122.34  4060
O16 	14895.1 	0.214273  1  -1431.11  6652
O16 	14895.1 	0.191899  1  3491.45  1596
O16 	14895.1 	0.390155  1  3438.17  1640
O16 	14895.1 	0.269585  1  -4553.98  10042
O16 	14895.1 	0.553772  1  4734.12  261
O16 	14895.1 	0.259015  1  947.837  4167
O16 	14895.1 	0.281795  1  -3488.19  8850
O16 	14895.1 	0.247134  1  -91.9264  5395
O16 	14895.1 	1.22935  1  821.566  4425
O16 	14895.1 	0.228352  1  -1831.68  7170
O16 	14895.1 	0.302146  1  1250.42  3844
O16 	14895.1 	0.256716  1  -2447.18  7824
O16 	14895.1 	0.50427  1  3256.25  1867
O16 	14895.1 	0.188673  1  1160.49  4063
O16 	14895.1 	0.882623  1  -2162.07  7528
O16 	14895.1 	1.2397  1  450.316  4795
O16 	14895.1 	0.311771  1  -4043.13  9545
O16 	14895.1 	0.194038  1  3345.32  1794
O16 	14895.1 	0.217215  1  -3000.47  8494
O16 	14895.1 	0.216068  1  -1720.4  7295
O16 	14895.1 	0.217235  1  -660.229  5831
O16 	14895.1 	0.232528  1  -2689.36  8161
O16 	14895.1 	0.235804  1  2531.94  2531
O16 	14895.1 	0.213478  1  2914.06  2128
O16 	14895.1 	0.188585  1  -3648.74  9172
O16 	14895.1 	0.217959  1  -1140.13  6356
O16 	14895.1 	0.222495  1  1502.38  3761
O16 	14895.1 	0.193515  1  2789.26  2268
O16 	14895.1 	0.380263  1  3035.02  2123
O16 	14895.1 	0.29305  1  -2642.15  8012
O16 	14895.1 	0.58138  1  -3754.29  8977
O16 	14895.1 	0.22381  1  3632.07  1471
O16 	14895.1 	0.222493  1  -1047.54  6378
O16 	14895.1 	0.330542  1  2236.34  2927
O16 	14895.1 	0.198542  1  3337.82  1757
O16 	14895.1 	0.471079  1  -1788.79  7231
O16 	14895.1 	0.274668  1  2302.08  2874
O16 	14895.1 	0.516843  1  -2661.49  8078
O16 	14895.1 	0.754664  1  -563.325  5827
O16 	14895.1 	0.193669  1  -4160.67  9603
O16 	14895.1 	0.269573  1  3251.82  1813
O16 	14895.1 	0.363345  1  -3187.3  8651
O16 	14895.1 	0.216012  1  -258.402  5591
O16 	14895.1 	0.318311  1  524.067  4697
O16 	14895.1 	0.431303  1  -459.882  5702
O16 	14895.1 	0.397639  1  606.941  4673
O16 	14895.1 	0.507303  1  1580.84  3647
O16 	14895.1 	0.231694  1  -2265.81  7543
O16 	14895.1 	8.53585  1  3784.74  1312
O16 	14895.1 	0.518044  1  -3297.41  8870
O16 	14895.1 	0.234495  1  -4250.23  9716
O16 	14895.1 	0.190346  1  3597.25  1499
O16 	14895.1 	0.264542  1  -4013.13  9522
O16 	14895.1 	0.190834  1  3241.34  1901
O16 	14895.1 	0.196751  1  1675.79  3443
O16 	14895.1 	0.197751  1  -486.888  5816
O16 	14895.1 	1.71141  1  1324.55  4087
O16 	14895.1 	0.654017  1  1037.68  4073
O16 	14895.1 	0.214898  1  1078.39  4116
O16 	14895.1 	0.34873  1  -176.634  5429
O16 	14895.1 	1.42125  1  1153.13  3922
O16 	14895.1 	0.311784  1  -4877.05  10329
O16 	14895.1 	0.348448  1  -4598.66  10131
O16 	14895.1 	0.210665  1  2359.57  2743
O16 	14895.1 	1.04992  1  4739.04  235
O16 	14895.1 	0.210578  1  932.318  4275
O16 	14895.1 	0.376936  1  3070.27  2055
O16 	14895.1 	0.466838  1  195.27  5125
O16 	14895.1 	0.221783  1  -4006.69  9477
O16 	14895.1 	0.84296  1  2525.3  2580
O16 	14895.1 	0.199431  1  -1752.93  6927
O16 	14895.1 	0.262565  1  243.988  5041
O16 	14895.1 	0.331479  1  2352.11  2750
O16 	14895.1 	1.10972  1  4687.63  333
O16 	14895.1 	0.241645  1  2434.8  2633
O16 	14895.1 	0.592209  1  -1010.07  6294
O16 	14895.1 	0.202597  1  -3013.33  8265
O16 	14895.1 	0.336553  1  -4873.79  10541
O16 	14895.1 	0.204975  1  -3575.37  8894
O16 	14895.1 	0.563642  1  4786.61  197
O16 	14895.1 	0.310875  1  -4648.31  10164
O16 	14895.1 	1.07954  1  2260.83  2844
O16 	14895.1 	0.275226  1  2151.77  3060
O16 	14895.1 	0.209361  1  936.331  4229
O16 	14895.1 	0.283011  1  3804.42  1217
O16 	14895.1 	0.222358  1  -773.367  6166
O16 	14895.1 	0.788758  1  -2413.59  7597
O16 	14895.1 	2.38121  1  -2005  7238
O16 	14895.1 	1.03604  1  -2321.87  7842
O16 	14895.1 	0.193542  1  -2610  8003
O16 	14895.1 	0.283604  1  4721.83  289
O16 	14895.1 	0.197575  1  3840.9  1194
O16 	14895.1 	0.188678  1  -1296.73  6681
O16 	14895.1 	0.880419  1  -3029.27  8474
O16 	14895.1 	0.235978  1  -1449.56  6700
O16 	14895.1 	0.335418  1  -2044.74  7427
O16 	14895.1 	0.203591  1  -1550.95  6940
O16 	14895.1 	0.678646  1  -3811.74  9180
O16 	14895.1 	0.357283  1  3575.61  1501
O16 	14895.1 	0.322512  1  1191.18  3973
O16 	14895.1 	0.200307  1  1422.95  3743
O16 	14895.1 	0.699559  1  2549.46  2623
O16 	14895.1 	0.217498  1  4050.69  965
O16 	14895.1 	0.257495  1  -363.881  5624
O16 	14895.1 	1.03533  1  -3679.27  9147
O16 	14895.1 	0.258793  1  3160.02  1869
O16 	14895.1 	0.254056  1  697.157  4526
O16 	14895.1 	0.364575  1  2942.59  2119
O16 	14895.1 	0.365831  1  3952.35  1093
O16 	14895.1 	0.410254  1  -4994.09  10516
O16 	14895.1 	0.289033  1  3996.32  1027
O16 	14895.1 	0.204043  1  3680.36  1453
O16 	14895.1 	0.244458  1  2231.32  2907
O16 	14895.1 	0.261967  1  -1065.5  6405
O16 	14895.1 	0.263367  1  -304.494  5664
O16 	14895.1 	0.232723  1  -203.763  5438
O16 	14895.1 	0.481503  1  1291.39  3863
O16 	14895.1 	0.208557  1  1287.23  3923
O16 	14895.1 	0.253846  1  -930.705  6159
O16 	14895.1 	0.253709  1  4241.9  743
O16 	14895.1 	0.707746  1  -4082.83  9755
O16 	14895.1 	0.417692  1  4484.76  555
O16 	14895.1 	0.223675  1  2743.5  2381
O16 	14895.1 	0.565658  1  1837.37  3294
O16 	14895.1 	0.27531  1  57.0815  5113
O16 	14895.1 	0.29813  1  216.665  5005
O16 	14895.1 	0.259783  1  -3864.73  9305
O16 	14895.1 	0.196353  1  4325.69  668
O16 	14895.1 	2.08714  1  3005.71  2170
O16 	14895.1 	0.233113  1  -1684.66  7111
O16 	14895.1 	0.237939  1  -4810.97  10330
O16 	14895.1 	1.44763  1  -1974.49  7342
O16 	14895.1 	0.273544  1  -2355.53  7741
O16 	14895.1 	0.411567  1  4477.75  511
O16 	14895.1 	0.209106  1  -4501.19  9925
O16 	14895.1 	0.29705  1  -2202.58  7520
O16 	14895.1 	1.0058  1  -3136.02  8420
O16 	14895.1 	0.212772  1  1006.75  4271
O16 	14895.1 	1.43498  1  -1714.52  7139
O16 	14895.1 	0.294997  1  -4873.49  10335
O16 	14895.1 	0.260067  1  1469.56  3809
O16 	14895.1 	0.214473  1  4604.43  434
O16 	14895.1 	0.370482  1  -2204.26  7483
O16 	14895.1 	2.67866  1  -1618.29  6913
O16 	14895.1 	0.494062  1  923.622  4373
O16 	14895.1 	0.208916  1  4007.23  1068
O16 	14895.1 	0.225615  1  -2524.61  7910
O16 	14895.1 	0.383832  1  3185.62  1878
O16 	14895.1 	0.241091  1  -804.741  6055
O16 	14895.1 	0.191742  1  2457.89  2727
O16 	14895.1 	1.86085  1  3016.24  2006
O16 	14895.1 	0.227445  1  -4350.14  9937
O16 	14895.1 	0.326628  1  643.151  4564
O16 	14895.1 	1.55037  1  -2530.74  7958
O16 	14895.1 	0.332094  1  1734.42  3401
O16 	14895.1 	0.393091  1  4433.46  587
O16 	14895.1 	0.313152  1  -969.067  6381
O16 	14895.1 	0.361692  1  -2033.09  7267
O16 	14895.1 	0.27185  1  885.126  4328
O16 	14895.1 	0.223129  1  -4521.87  10021
O16 	14895.1 	0.215042  1  -1052.99  6253
O16 	14895.1 	0.240031  1  -2294.83  7629
O16 	14895.1 	1.11507  1  772.36  4409
O16 	14895.1 	0.241541  1  -2301.35  7571
O16 	14895.1 	1.13974  1  -4127.53  9467
O16 	14895.1 	0.373231  1  -3932.41  9283
O16 	14895.1 	0.28522  1  3501.54  1596
O16 	14895.1 	0.239817  1  659.431  4551
O16 	14895.1 	0.688817  1  2424.86  2711
O16 	14895.1 	0.229473  1  572.592  4655
O16 	14895.1 	0.189995  1  1926.19  3170
O16 	14895.1 	0.799459  1  1836.82  3312
O16 	14895.1 	0.425422  1  -2208.43  7455
O16 	14895.1 	0.219902  1  1109.35  4039
O16 	14895.1 	0.194092  1  1065.73  4242
O16 	14895.1 	0.844599  1  -589.736  5967
O16 	14895.1 	0.313644  1  4013.42  1068
O16 	14895.1 	1.54615  1  337.543  5005
O16 	14895.1 	0.261621  1  -4066.52  9632
O16 	14895.1 	0.521927  1  317.291  4967
O16 	14895.1 	0.730337  1  2274.47  2938
O16 	14895.1 	0.260507  1  2223.04  2939
O16 	14895.1 	0.699467  1  4568.5  456
O16 	14895.1 	0.262021  1  -3478.55  8971
O16 	14895.1 	0.329227  1  3872.15  1201
O16 	14895.1 	0.533861  1  -4564.91  9869
O16 	14895.1 	0.34767  1  -346.756  5620
O16 	14895.1 	0.922652  1  1487.54  3687
O16 	14895.1 	1.71848  1  4393.91  604
O16 	14895.1 	0.287698  1  -4767.82  10132
O16 	14895.1 	0.211249  1  1783.08  3377
O16 	14895.1 	0.725255  1  -2143.87  7578
O16 	14895.1 	0.827802  1  -697.65  6082
O16 	14895.1 	1.28735  1  4602.4  432
O16 	14895.1 	0.190137  1  -3068.01  8556
O16 	14895.1 	0.848397  1  -2341.75  7622
O16 	14895.1 	0.241343  1  706.913  4466
O16 	14895.1 	0.349012  1  -3858.04  9147
O16 	14895.1 	0.408171  1  -3857.39  9254
O16 	14895.1 	0.21264  1  -1397.36  6655
O16 	14895.1 	0.188756  1  514.138  4819
O16 	14895.1 	0.271372  1  3687.28  1289
O16 	14895.1 	0.277003  1  1113.29  3864
O16 	14895.1 	0.225665  1  3775.97  1275
O16 	14895.1 	0.209634  1  -169.141  5459
O16 	14895.1 	0.32895  1  2943.19  2105
O16 	14895.1 	0.324165  1  2196.59  2977
O16 	14895.1 	0.603967  1  -2219.29  7588
O16 	14895.1 	0.25353  1  -1737.04  7102
O16 	14895.1 	0.514483  1  -1143.29  6465
O16 	14895.1 	0.321693  1  84.7048  5196
O16 	14895.1 	3.67743  1  -1885.6  7336
O16 	14895.1 	0.283777  1  -3952.75  9433
O16 	14895.1 	0.300773  1  1822.64  3379
O16 	14895.1 	1.12174  1  -2697.65  8232
O16 	14895.1 	0.193505  1  -2749.33  8294
O16 	14895.1 	0.194197  1  -4636.43  10090
O16 	14895.1 	0.396123  1  -2308.76  7568
O16 	14895.1 	4.75568  1  -135.986  5346
O16 	14895.1 	1.08185  1  -2463.11  7839
O16 	14895.1 	0.320921  1  -2233.73  7482
O16 	14895.1 	0.349202  1  -2664.12  7987
O16 	14895.1 	0.247031  1  -3257.63  8518
O16 	14895.1 	0.945268  1  2715.14  2407
O16 	14895.1 	0.269037  1  2161.47  3027
O16 	14895.1 	0.225251  1  4429.22  599
O16 	14895.1 	0.226782  1  -818.61  6112
O16 	14895.1 	0.441128  1  -1491.43  6712
O16 	14895.1 	0.260465  1  1492.61  3600
O16 	14895.1 	0.256083  1  4631.64  391
O16 	14895.1 	0.477118  1  4374.12  689
O16 	14895.1 	0.210995  1  4236.62  785
O16 	14895.1 	5.88609  1  77.3337  5287
O16 	14895.1 	0.211626  1  1141.51  4101
O16 	14895.1 	1.92547  1  2224.71  2884
O16 	14895.1 	0.322444  1  1659.96  3498
O16 	14895.1 	0.218361  1  2252.83  2801
O16 	14895.1 	0.200557  1  4837.58  166
O16 	14895.1 	0.188815  1  -1156.24  6473
O16 	14895.1 	0.577555  1  4360.96  739
O16 	14895.1 	0.262366  1  -2626.71  8121
O16 	14895.1 	0.376487  1  -673.664  5941
O16 	14895.1 	0.206256  1  -4376.96  9997
O16 	14895.1 	0.296523  1  68.1298  5093
O16 	14895.1 	0.224466  1  -943.239  6231
O16 	14895.1 	1.10896  1  3564.69  1558
O16 	14895.1 	0.451474  1  -1770.9  7283
O16 	14895.1 	0.921666  1  -2468.32  7742
O16 	14895.1 	0.804654  1  4567.74  484
O16 	14895.1 	0.315312  1  -3806.89  9208
O16 	14895.1 	0.395436  1  -2143.77  7474
O16 	14895.1 	0.373039  1  3837.17  1216
O16 	14895.1 	0.213859  1  -2776.67  8023
O16 	14895.1 	0.43901  1  4036.52  954
O16 	14895.1 	1.82595  1  567.795  4544
O16 	14895.1 	0.31425  1  -1528.88  6740
O16 	14895.1 	0.26908  1  -4347.36  9728
O16 	14895.1 	0.331506  1  -3610.81  9120
O16 	14895.1 	0.452863  1  -1153.08  6361
O16 	14895.1 	0.401847  1  -3413.25  8891
O16 	14895.1 	0.189457  1  -4545.28  9802
O16 	14895.1 	0.228059  1  -3893.06  9362
O16 	14895.1 	0.443358  1  1362.42  3748
O16 	14895.1 	0.296987  1  823.809  4378
O16 	14895.1 	0.245859  1  -934.116  6201
O16 	14895.1 	0.917428  1  3538.73  1567
O16 	14895.1 	0.1892  1  4482.89  549
O16 	14895.1 	1.47249  1  -220.73  5538
O16 	14895.1 	0.284957  1  1485.02  3742
O16 	14895.1 	0.312195  1  -167.289  5382
O16 	14895.1 	0.760245  1  -3245.06  8563
O16 	14895.1 	0.20758  1  -2754.35  8165
O16 	14895.1 	0.55144  1  -1462.61  6701
O16 	14895.1 	0.214912  1  3483.34  1603
O16 	14895.1 	0.253084  1  2840.73  2270
O16 	14895.1 	1.01432  1  -458.762  5665
O16 	14895.1 	0.202155  1  4826.19  190
O16 	14895.1 	0.217322  1  -1160.56  6362
O16 	14895.1 	0.224  1  -1396.1  6702
O16 	14895.1 	0.271649  1  3248.89  1834
O16 	14895.1 	0.45874  1  1409.95  3811
O16 	14895.1 	0.263205  1  -3040.1  8513
O16 	14895.1 	0.199186  1  4965.05  46
O16 	14895.1 	1.07739  1  3726.03  1360
O16 	14895.1 	0.273808  1  -2215.79  7561
O16 	14895.1 	0.420553  1  1646.31  3560
O16 	14895.1 	0.299609  1  1209.28  4026
O16 	14895.1 	0.683061  1  1003.48  4137
O16 	14895.1 	0.351834  1  -2145.47  7423
O16 	14895.1 	0.224383  1  -3304.83  8671
O16 	14895.1 	0.513832  1  -3931.67  9261
O16 	14895.1 	0.435878  1  -2045.71  7439
O16 	14895.1 	0.193443  1  985.042  4248
O16 	14895.1 	0.222363  1  4148.46  870
O16 	14895.1 	0.329652  1  -614.334  5860
O16 	14895.1 	0.667761  1  2165.54  2961
O16 	14895.1 	0.941188  1  1136.88  4084
O16 	14895.1 	0.215009  1  -539.843  5911
O16 	14895.1 	0.193827  1  4238.36  784
O16 	14895.1 	0.277655  1  3054.1  2055
O16 	14895.1 	0.405541  1  -1256.12  6530
O16 	14895.1 	0.206803  1  -2244.05  7670
O16 	14895.1 	0.215511  1  -1947.42  7289
O16 	14895.1 	0.41647  1  -3023.34  8400
O16 	14895.1 	0.240249  1  -4329.65  9832
O16 	14895.1 	0.574781  1  2513.8  2535
O16 	14895.1 	0.207453  1  607.739  4613
O16 	14895.1 	0.197432  1  -3898.58  9224
O16 	14895.1 	0.235901  1  2596.42  2566
O16 	14895.1 	0.366754  1  -808.715  6110
O16 	14895.1 	0.537873  1  -513.471  5771
O16 	14895.1 	0.193926  1  -2045.19  7376
O16 	14895.1 	0.26743  1  -2392.89  7809
O16 	14895.1 	0.428789  1  2170.09  2911
O16 	14895.1 	0.551475  1  3361.96  1718
O16 	14895.1 	0.398653  1  -2326.2  7735
O16 	14895.1 	0.769759  1  1782.42  3449
O16 	14895.1 	0.407244  1  3469.83  1618
O16 	14895.1 	2.44541  1  -294.983  5717
O16 	14895.1 	0.64021  1  4161.82  856
O16 	14895.1 	0.316206  1  3480.8  1652
O16 	14895.1 	0.575243  1  -4863.08  10447
O16 	14895.1 	0.201096  1  4083.18  973
O16 	14895.1 	0.266035  1  274.701  4818
O16 	14895.1 	0.210614  1  4219.73  837
O16 	14895.1 	0.873519  1  1927.92  3264
O16 	14895.1 	0.715466  1  -553.607  5826
O16 	14895.1 	0.250844  1  -502.579  5779
O16 	14895.1 	0.286805  1  267.082  4954
O16 	14895.1 	0.808234  1  -563.499  5913
O16 	14895.1 	0.219017  1  -856.152  6063
O16 	14895.1 	0.748502  1  -2865.65  8085
O16 	14895.1 	0.247284  1  2434.6  2662
O16 	14895.1 	0.500048  1  2744.79  2399
O16 	14895.1 	0.23581  1  -120.244  5421
O16 	14895.1 	0.188193  1  261.361  4958
O16 	14895.1 	0.308916  1  2694.21  2297
O16 	14895.1 	0.235102  1  -110.126  5351
O16 	14895.1 	0.273308  1  3026.46  2110
O16 	14895.1 	0.449156  1  -1181.69  6547
O16 	14895.1 	0.247279  1  1613.53  3484
O16 	14895.1 	0.277518  1  3207.55  1908
O16 	14895.1 	0.263742  1  -1698.17  7035
O16 	14895.1 	1.61648  1  1686.5  3477
O16 	14895.1 	0.591328  1  2929.61  2169
O16 	14895.1 	0.577179  1  -4369.59  9743
O16 	14895.1 	0.192773  1  4795.93  216
O16 	14895.1 	0.334092  1  1041.83  4122
O16 	14895.1 	0.292682  1  -3750.1  9144
O16 	14895.1 	0.577373  1  4334.21  691
O16 	14895.1 	0.460192  1  3471.57  1611
O16 	14895.1 	0.218453  1  110.937  5168
O16 	14895.1 	0.598232  1  959.289  4194
O16 	14895.1 	0.203579  1  -4580.64  9941
O16 	14895.1 	0.397534  1  2835.77  2329
O16 	14895.1 	0.521904  1  2217  2914
O16 	14895.1 	0.248742  1  -3354.95  8923
O16 	14895.1 	0.237098  1  -220.21  5406
O16 	14895.1 	0.346734  1  -1032.94  6237
O16 	14895.1 	0.281965  1  1792.44  3429
O16 	14895.1 	0.442558  1  -3803.43  9208
O16 	14895.1 	0.230945  1  -2296.45  7825
O16 	14895.1 	0.213208  1  1139.93  4094
O16 	14895.1 	0.440582  1  -4842.83  10387
O16 	14895.1 	0.228947  1  2469.99  2597
O16 	14895.1 	0.5425  1  -289.916  5506
O16 	14895.1 	0.30258  1  -3676.56  9008
O16 	14895.1 	0.19194  1  4346.64  659
O16 	14895.1 	0.19083  1  2159.25  3051
O16 	14895.1 	0.465934  1  717.521  4547
O16 	14895.1 	0.300403  1  1309.66  3911
O16 	14895.1 	0.580559  1  4943.03  54
O16 	14895.1 	0.294266  1  253.296  4826
O16 	14895.1 	0.196351  1  -4551.42  10373
O16 	14895.1 	0.266048  1  -714.044  5977
O16 	14895.1 	0.342165  1  2919.43  2184
O16 	14895.1 	0.576472  1  8.95568  5186
O16 	14895.1 	0.235623  1  1224.38  3919
O16 	14895.1 	0.410427  1  -1562.01  6792
O16 	14895.1 	0.28004  1  -3408.91  8925
O16 	14895.1 	0.230049  1  1818.54  3268
O16 	14895.1 	0.284724  1  4512.46  508
O16 	14895.1 	0.296449  1  3948.14  1133
O16 	14895.1 	0.20831  1  -1836.01  7235
O16 	14895.1 	0.446802  1  -4543.77  10065
O16 	14895.1 	0.236097  1  -4789.37  10427
O16 	14895.1 	0.204289  1  3670.85  1407
O16 	14895.1 	0.282822  1  3112.57  2015
O16 	14895.1 	0.289486  1  -1793.86  7275
O16 	14895.1 	0.489563  1  -4781.68  10219
O16 	14895.1 	0.230551  1  4558.2  428
O16 	14895.1 	0.278121  1  -4398.35  9973
O16 	14895.1 	0.19485  1  -4204.82  9889
O16 	14895.1 	0.269067  1  2918.36  2192
O16 	14895.1 	0.192816  1  4859.74  175
O16 	14895.1 	0.296343  1  695.228  4594
O16 	14895.1 	0.198698  1  4526.93  516
O16 	14895.1 	0.228102  1  -4481.66  9901
O16 	14895.1 	0.213396  1  30.1487  5234
O16 	14895.1 	0.237745  1  4781.1  223
O16 	14895.1 	0.19502  1  3178.31  1941
O16 	14895.1 	0.443664  1  2931.11  2145
O16 	14895.1 	0.222254  1  4180.32  865
O16 	14895.1 	0.463972  1  2332.41  2860
O16 	14895.1 	0.194958  1  3825.81  1299
O16 	14895.1 	0.381872  1  1494.8  3737
O16 	14895.1 	0.591113  1  2355.87  2732
O16 	14895.1 	0.201027  1  3820.41  1244
O16 	14895.1 	9.42902  1  -4972.99  10548
O16 	14895.1 	0.306292  1  2745.36  2443
O16 	14895.1 	0.289536  1  3992.87  1003
O16 	14895.1 	0.828886  1  -1191.42  6494
O16 	14895.1 	0.353029  1  4944.01  53
O16 	14895.1 	0.355431  1  -3135.62  8494
O16 	14895.1 	1.12241  1  -404.553  5673
O16 	14895.1 	0.562538  1  -3279.76  8804
O16 	14895.1 	0.286557  1  -533.352  5809
O16 	14895.1 	0.296545  1  -274.087  5494
O16 	14895.1 	0.376252  1  3191.49  2010
O16 	14895.1 	0.247117  1  1150.68  4082
O16 	14895.1 	0.895354  1  -690.714  5983
O16 	14895.1 	0.288678  1  -429.095  5679
O16 	14895.1 	0.313576  1  349.838  4794
O16 	14895.1 	0.298324  1  3356.59  1697
O16 	14895.1 	0.191231  1  -1795.42  7166
O16 	14895.1 	0.526834  1  3809.01  1261
O16 	14895.1 	0.249308  1  -2939.89  8327
O16 	14895.1 	0.211639  1  -4583.22  9934
O16 	14895.1 	0.274029  1  -2549.23  7965
O16 	14895.1 	0.636086  1  -1362.79  6740
O16 	14895.1 	0.287725  1  -4705.48  10068
O16 	14895.1 	0.314412  1  -4253.84  9610
O16 	14895.1 	0.267451  1  -1707.76  7022
O16 	14895.1 	0.830858  1  1603.65  3680
O16 	14895.1 	0.253905  1  -3491.29  8886
O16 	14895.1 	0.209623  1  4098.22  956
O16 	14895.1 	0.383684  1  3913.15  1106
O16 	14895.1 	0.197934  1  -4574.84  10102
O16 	14895.1 	0.673452  1  19.4075  5198
O16 	14895.1 	0.363466  1  4539.2  462
O16 	14895.1 	0.392909  1  4018.22  991
O16 	14895.1 	0.265801  1  -802.185  6049
O16 	14895.1 	0.289075  1  -4044.83  9561
O16 	14895.1 	0.219803  1  -2785.68  8223
O16 	14895.1 	0.195112  1  3671.83  1430
O16 	14895.1 	0.196666  1  -2663.07  8042
O16 	14895.1 	0.271041  1  3248.46  1924
O16 	14895.1 	0.387313  1  376.323  4930
O16 	14895.1 	0.329389  1  -3119.64  8472
O16 	14895.1 	0.271001  1  -2754  8058
O16 	14895.1 	0.2918  1  1432.66  3720
O16 	14895.1 	0.234402  1  -149.925  5332
O16 	14895.1 	0.268697  1  2071.85  3159
O16 	14895.1 	0.46568  1  1845.74  3382
O16 	14895.1 	0.275859  1  4115.33  955
O16 	14895.1 	0.382807  1  -1346.08  6504
O16 	14895.1 	0.53442  1  -3264.91  8801
O16 	14895.1 	0.420638  1  232.558  5039
O16 	14895.1 	0.249287  1  -2485.5  7902
O16 	14895.1 	0.246294  1  3901.34  1197
O16 	14895.1 	0.296194  1  -2135.76  7396
O16 	14895.1 	0.219687  1  488.684  4772
O16 	14895.1 	0.355352  1  -1581.9  6983
O16 	14895.1 	0.531952  1  -2207.61  7615
O16 	14895.1 	0.356469  1  4327.36  751
O16 	14895.1 	0.828844  1  4713.86  291
O16 	14895.1 	0.68122  1  1018.98  4233
O16 	14895.1 	0.436201  1  3767.71  1318
O16 	14895.1 	0.232805  1  2250.28  2927
O16 	14895.1 	0.210707  1  -3211.2  8590
O16 	14895.1 	0.341611  1  3095.6  2018
O16 	14895.1 	0.215047  1  168.078  5120
O16 	14895.1 	0.464947  1  -2202.27  7660
O16 	14895.1 	0.226822  1  -814.502  6015
O16 	14895.1 	0.47681  1  -760.454  5996
O16 	14895.1 	0.195912  1  4345.23  722
O16 	14895.1 	1.65062  1  3433.55  1676
O16 	14895.1 	0.919623  1  2250.95  2892
O16 	14895.1 	1.72492  1  2354.21  2664
O16 	14895.1 	0.457544  1  -3954.81  9475
O16 	14895.1 	0.33586  1  4869.21  148
O16 	14895.1 	0.517473  1  -613.952  5967
O16 	14895.1 	0.366794  1  -3228.73  8698
O16 	14895.1 	0.266616  1  -2488.65  7811
O16 	14895.1 	0.296609  1  314.191  4777
O16 	14895.1 	0.238559  1  4594.6  413
O16 	14895.1 	0.798917  1  4217.49  814
O16 	14895.1 	0.219993  1  -4271.53  9715
O16 	14895.1 	0.377565  1  2703.21  2455
O16 	14895.1 	0.59235  1  3637.64  1363
O16 	14895.1 	0.254004  1  1952.51  3244
O16 	14895.1 	2.28263  1  84.0805  5183
O16 	14895.1 	0.848409  1  4414.8  633
O16 	14895.1 	0.218338  1  3775.11  1242
O16 	14895.1 	0.371533  1  2527.41  2548
O16 	14895.1 	0.212837  1  -609.415  5933
O16 	14895.1 	0.192797  1  3722.25  1320
O16 	14895.1 	0.796064  1  -3875.92  9383
O16 	14895.1 	0.201444  1  -3489.74  8934
O16 	14895.1 	1.0492  1  2833.96  2285
O16 	14895.1 	0.362339  1  -4871.76  10193
O16 	14895.1 	0.240181  1  1714.62  3508
O16 	14895.1 	1.21211  1  -34.6122  5256
O16 	14895.1 	0.306561  1  837.53  4401
O16 	14895.1 	0.196693  1  3714.64  1289
O16 	14895.1 	0.473253  1  1409.75  3762
O16 	14895.1 	0.280116  1  -1408.94  6793
O16 	14895.1 	0.212097  1  2326.86  2793
O16 	14895.1 	4.90888  1  1251.08  3930
O16 	14895.1 	1.00422  1  -3870.03  9357
O16 	14895.1 	0.291163  1  -3472.49  8951
O16 	14895.1 	0.29214  1  2048.56  3175
O16 	14895.1 	0.283058  1  4408.51  615
O16 	14895.1 	0.262345  1  -776.467  6031
O16 	14895.1 	0.217691  1  -4346.41  9772
O16 	14895.1 	0.568003  1  3419.65  1725
O16 	14895.1 	0.361394  1  2510.74  2603
O16 	14895.1 	0.252775  1  -490  5719
O16 	14895.1 	0.278261  1  -1242.91  6586
O16 	14895.1 	0.222701  1  -4178.09  9654
O16 	14895.1 	0.411851  1  -4899.98  10355
O16 	14895.1 	0.446002  1  321.647  4895
O16 	14895.1 	0.219564  1  4579.49  455
O16 	14895.1 	0.442223  1  4770.03  252
O16 	14895.1 	0.227799  1  -2740.32  8207
O16 	14895.1 	0.626305  1  4066.23  957
O16 	14895.1 	0.441531  1  -1974.26  7359
O16 	14895.1 	0.272678  1  -2191.76  7796
O16 	14895.1 	0.689689  1  -4445.74  9930
O16 	14895.1 	0.257353  1  4950.35  45
O16 	14895.1 	0.62345  1  -441.114  5756
O16 	14895.1 	0.208834  1  4222.26  752
O16 	14895.1 	0.270217  1  -1423.16  6621
O16 	14895.1 	0.519723  1  -1867.59  7229
O16 	14895.1 	0.197264  1  271.754  5003
O16 	14895.1 	0.264158  1  -4221.25  9629
O16 	14895.1 	1.15246  1  -1385.19  6845
O16 	14895.1 	0.285513  1  -2691.84  8055
O16 	14895.1 	0.250537  1  -4920.31  10633
O16 	14895.1 	0.202708  1  2220.11  3007
O16 	14895.1 	0.461261  1  -4728.04  10136
O16 	14895.1 	0.213139  1  -1206.84  6593
O16 	14895.1 	0.212595  1  2574.07  2503
O16 	14895.1 	0.607442  1  -1023.94  6170
O16 	14895.1 	0.378025  1  -1369.48  6627
O16 	14895.1 	0.580441  1  1807.81  3329
O16 	14895.1 	0.406913  1  -648.706  5956
O16 	14895.1 	2.7159  1  -3696.97  9069
O16 	14895.1 	0.58364  1  -2488.03  7885
O16 	14895.1 	0.267826  1  2740.83  2366
O16 	14895.1 	0.250245  1  -2554.9  8070
O16 	14895.1 	0.209645  1  -1662.87  7069
O16 	14895.1 	0.239013  1  4233.74  790
O16 	14895.1 	0.197727  1  654.585  4703
O16 	14895.1 	0.274611  1  -1926.09  7360
O16 	14895.1 	0.241874  1  1867.31  3202
O16 	14895.1 	0.209568  1  3099.91  2033
O16 	14895.1 	0.35316  1  -155.075  5476
O16 	14895.1 	0.419558  1  4175.47  883
O16 	14895.1 	2.17168  1  2400.79  2788
O16 	14895.1 	0.887295  1  -1028.68  6331
O16 	14895.1 	0.513464  1  -2602.6  8092
O16 	14895.1 	0.370634  1  4434.02  545
O16 	14895.1 	0.195028  1  -1294.65  6729
O16 	14895.1 	0.247256  1  2145.82  2986
O16 	14895.1 	0.223403  1  3563  1487
O16 	14895.1 	0.295701  1  3113.32  2027
O16 	14895.1 	0.465212  1  700.261  4542
O16 	14895.1 	0.192839  1  -4372.43  9851
O16 	14895.1 	0.239254  1  -233.138  5422
O16 	14895.1 	0.281825  1  -3516.84  8967
O16 	14895.1 	0.325169  1  4039.36  999
O16 	14895.1 	0.573082  1  2552.31  2520
O16 	14895.1 	1.06538  1  -865.351  6083
O16 	14895.1 	0.280183  1  -952.437  6222
O16 	14895.1 	0.237504  1  4837.86  184
O16 	14895.1 	1.18994  1  2753.71  2431
O16 	14895.1 	0.269049  1  2855.73  2278
O16 	14895.1 	0.239057  1  2253.62  2962
O16 	14895.1 	3.13838  1  4527.02  456
O16 	14895.1 	0.188872  1  -26.1081  5407
O16 	14895.1 	0.305328  1  1144.66  4096
O16 	14895.1 	0.266623  1  -827.773  6143
O16 	14895.1 	1.30257  1  -4795.75  10360
O16 	14895.1 	0.197407  1  227.96  5192
O16 	14895.1 	0.360548  1  4739.61  272
O16 	14895.1 	0.291297  1  2604.33  2432
O16 	14895.1 	0.314985  1  -3755.93  9170
O16 	14895.1 	0.447348  1  1006.81  4172
O16 	14895.1 	0.352408  1  1738.19  3440
O16 	14895.1 	0.24596  1  -3263.17  8659
O16 	14895.1 	0.261405  1  987.843  4210
O16 	14895.1 	0.249184  1  -3532.58  8891
O16 	14895.1 	0.326519  1  310.057  4881
O16 	14895.1 	0.524865  1  3031.86  1993
O16 	14895.1 	0.195286  1  -2450.34  7860
O16 	14895.1 	0.446374  1  -610.762  5870
O16 	14895.1 	0.192785  1  -2853.62  8117
O16 	14895.1 	1.88134  1  3804.87  1247
O16 	14895.1 	0.485382  1  -113.142  5318
O16 	14895.1 	0.426285  1  3343.08  1728
O16 	14895.1 	0.255962  1  1832.54  3364
O16 	14895.1 	0.211609  1  -1310.46  6771
O16 	14895.1 	0.239204  1  -1392.66  6852
O16 	14895.1 	0.605144  1  -4535.17  10040
O16 	14895.1 	0.206313  1  2322.29  2893
O16 	14895.1 	0.245838  1  1586.44  3683
O16 	14895.1 	1.40079  1  -1626.35  7001
O16 	14895.1 	0.423615  1  -322.62  5571
O16 	14895.1 	1.02688  1  2760.59  2506
O16 	14895.1 	1.06139  1  -305.421  5643
O16 	14895.1 	0.454329  1  -2191.19  7634
O16 	14895.1 	0.203774  1  -3182.12  8613
O16 	14895.1 	0.306816  1  -1683.12  7046
O16 	14895.1 	0.801234  1  1838.14  3384
O16 	14895.1 	0.500783  1  4875.71  148
O16 	14895.1 	0.499008  1  2621.44  2511
O16 	14895.1 	0.486457  1  683.047  4438
O16 	14895.1 	0.24177  1  1016.98  4162
O16 	14895.1 	0.234167  1  -3008.6  8338
O16 	14895.1 	0.232269  1  720.045  4450
O16 	14895.1 	0.271305  1  -4576.2  10063
O16 	14895.1 	0.211863  1  -2773.71  8034
O16 	14895.1 	0.744185  1  3439.89  1598
O16 	14895.1 	0.253115  1  2334.71  2748
O16 	14895.1 	0.728348  1  -3000.92  8492
O16 	14895.1 	3.21556  1  -3944.13  9462
O16 	14895.1 	0.239871  1  2198.25  2969
O16 	14895.1 	0.265484  1  -415.767  5630
O16 	14895.1 	1.42576  1  -1808.29  7198
O16 	14895.1 	0.386766  1  -254.833  5694
O16 	14895.1 	0.822455  1  -107.878  5464
O16 	14895.1 	0.230206  1  -2358.83  7789
O16 	14895.1 	0.361904  1  -2681.27  8060
O16 	14895.1 	0.291693  1  -3875.83  9350
O16 	14895.1 	0.339954  1  2580.14  2518
O16 	14895.1 	0.227735  1  2208.07  2915
O16 	14895.1 	0.253336  1  1581.84  3643
O16 	14895.1 	0.299661  1  1320.14  3920
O16 	14895.1 	0.342506  1  -3719.94  9204
O16 	14895.1 	0.201861  1  -2578.25  7991
O16 	14895.1 	0.210974  1  1146.83  4036
O16 	14895.1 	0.22592  1  -202.042  5450
O16 	14895.1 	0.20944  1  4174.22  847
O16 	14895.1 	0.327247  1  3091.86  2010
O16 	14895.1 	0.611607  1  2181.47  3028
O16 	14895.1 	0.557551  1  -2202.24  7452
O16 	14895.1 	0.325266  1  -1912.48  7206
O16 	14895.1 	0.416319  1  -850.275  6036
O16 	14895.1 	0.212003  1  574.494  4551
O16 	14895.1 	0.30149  1  1692.15  3521
O16 	14895.1 	0.639096  1  -2364.91  7790
O16 	14895.1 	0.221652  1  1470.92  3674
O16 	14895.1 	0.268252  1  1960.38  3260
O16 	14895.1 	0.30851  1  3418.6  1651
O16 	14895.1 	0.231511  1  393.531  4856
O16 	14895.1 	0.218333  1  -3859.66  9353
O16 	14895.1 	0.234238  1  1026.59  4175
O16 	14895.1 	0.305992  1  747.191  4488
O16 	14895.1 	0.190556  1  -1140.06  6500
O16 	14895.1 	0.510538  1  495.129  4734
O16 	14895.1 	1.59989  1  3823.09  1249
O16 	14895.1 	0.213952  1  2900.12  2211
O16 	14895.1 	0.300003  1  2525.53  2624
O16 	14895.1 	0.233797  1  -3389.78  8991
O16 	14895.1 	0.20806  1  2044.52  3020
O16 	14895.1 	0.341057  1  436.448  4724
O16 	14895.1 	0.292156  1  -415.733  5666
O16 	14895.1 	0.224667  1  2734.02  2324
O16 	14895.1 	0.202064  1  4653.1  355
O16 	14895.1 	0.870546  1  2046.31  3035
O16 	14895.1 	0.670315  1  1316.44  3819
O16 	14895.1 	2.31062  1  -2585.58  8042
O16 	14895.1 	0.568408  1  989.887  4247
O16 	14895.1 	0.238885  1  -308.38  5579
O16 	14895.1 	0.438674  1  3417.46  1609
O16 	14895.1 	0.212286  1  -149.186  5514
O16 	14895.1 	0.271045  1  1564.1  3644
O16 	14895.1 	0.922966  1  617.587  4516
O16 	14895.1 	0.226632  1  4318.88  732
O16 	14895.1 	0.193205  1  1498.07  3693
O16 	14895.1 	0.238694  1  766.122  4477
O16 	14895.1 	0.430862  1  4584.29  401
O16 	14895.1 	0.206741  1  3820.39  1242
O16 	14895.1 	0.402428  1  -4220.9  9630
O16 	14895.1 	0.423585  1  -1485.1  6978
O16 	14895.1 	0.248023  1  -2465.24  7898
O16 	14895.1 	0.194889  1  3049.09  2096
O16 	14895.1 	0.231206  1  4803.58  212
O16 	14895.1 	0.442117  1  164.841  5131
O16 	14895.1 	0.625313  1  4389.47  671
O16 	14895.1 	0.464433  1  -1599.46  7049
O16 	14895.1 	0.190083  1  2587.89  2478
O16 	14895.1 	0.304654  1  1306.88  3821
O16 	14895.1 	0.222829  1  899.953  4327
O16 	14895.1 	0.215116  1  1877.75  3356
O16 	14895.1 	0.620275  1  -1579.49  6892
O16 	14895.1 	0.452853  1  3800.02  1256
O16 	14895.1 	0.216788  1  -4578.57  10225
O16 	14895.1 	0.192509  1  3163.01  2026
O16 	14895.1 	0.512862  1  -2003.26  7287
O16 	14895.1 	0.947303  1  -2152.74  7618
O16 	14895.1 	0.264117  1  -397.278  5740
O16 	14895.1 	0.223598  1  3649.5  1433
O16 	14895.1 	0.250268  1  1797.65  3380
O16 	14895.1 	0.195349  1  3833.85  1163
O16 	14895.1 	0.414884  1  2592.11  2497
O16 	14895.1 	0.23694  1  -138.393  5348
O16 	14895.1 	0.233226  1  -4865.66  10443
O16 	14895.1 	0.447666  1  3196.68  1941
O16 	14895.1 	0.255787  1  3953.11  1126
O16 	14895.1 	0.243596  1  -987.331  6273
O16 	14895.1 	0.663801  1  -4272.9  9790
O16 	14895.1 	0.543195  1  2446.29  2582
O16 	14895.1 	0.219601  1  -4336.51  9833
O16 	14895.1 	0.189263  1  -3580.71  8921
O16 	14895.1 	0.207696  1  3170.03  2016
O16 	14895.1 	1.00829  1  -1439.42  6838
O16 	14895.1 	0.192896  1  -3981.54  9326
O16 	14895.1 	0.222125  1  -1434.23  6688
O16 	14895.1 	0.46251  1  467.223  4764
O16 	14895.1 	0.289508  1  734.643  4408
O16 	14895.1 	0.551557  1  3213.49  1883
O16 	14895.1 	0.814768  1  -241.925  5519
O16 	14895.1 	0.339194  1  4413.23  629
O16 	14895.1 	0.190878  1  2705  2341
O16 	14895.1 	0.375329  1  -3585.4  9031
O16 	14895.1 	0.219258  1  -3999.94  9492
O16 	14895.1 	0.449258  1  -864.442  6073
O16 	14895.1 	0.258427  1  -196.142  5427
O16 	14895.1 	1.84846  1  -4411.78  9655
O16 	14895.1 	0.299558  1  -606.5  5927
O16 	14895.1 	0.226855  1  1295.9  3911
O16 	14895.1 	0.193429  1  1278.07  3945
O16 	14895.1 	0.30734  1  3194.17  1821
O16 	14895.1 	0.248887  1  2802.88  2243
O16 	14895.1 	0.18991  1  -3754.53  9098
O16 	14895.1 	0.315162  1  1534.15  3649
O16 	14895.1 	0.189662  1  -4897.19  10362
O16 	14895.1 	0.189894  1  -2581.52  7865
O16 	14895.1 	0.389604  1  -2993.32  8299
O16 	14895.1 	2.58894  1  2915.36  2253
O16 	14895.1 	0.275202  1  2903.98  2267
O16 	14895.1 	0.242803  1  2783.49  2384
O16 	14895.1 	0.680158  1  -1471.54  6854
O16 	14895.1 	0.197431  1  1111.88  4134
O16 	14895.1 	0.209331  1  -2300.36  7747
O16 	14895.1 	0.214802  1  -1826.71  7186
O16 	14895.1 	0.579781  1  -4581.71  10111
O16 	14895.1 	0.664945  1  4052.74  945
O16 	14895.1 	0.302388  1  -2961.26  8278
O16 	14895.1 	0.251067  1  -4783.54  10337
O16 	14895.1 	0.252148  1  3852.55  1223
O16 	14895.1 	0.221382  1  -2675.41  8011
O16 	14895.1 	0.245653  1  1626.86  3612
O16 	14895.1 	0.434688  1  4247  772
O16 	14895.1 	0.532346  1  1205.81  3964
O16 	14895.1 	0.688002  1  1750.33  3424
O16 	14895.1 	1.01022  1  -1157.69  6477
O16 	14895.1 	0.271353  1  -2462.47  8012
O16 	14895.1 	2.95144  1  1271.63  3966
O16 	14895.1 	0.240357  1  928.095  4350
O16 	14895.1 	0.214782  1  -2749.21  8065
O16 	14895.1 	1.24159  1  44.4512  5161
O16 	14895.1 	0.233799  1  -612.704  5872
O16 	14895.1 	0.26753  1  4824.28  192
O16 	14895.1 	0.222443  1  -4529.51  10018
O16 	14895.1 	0.320916  1  3595.88  1457
O16 	14895.1 	0.504433  1  3835.83  1272
O16 	14895.1 	0.348224  1  4855.62  150
O16 	14895.1 	0.27225  1  -4837.62  10297
O16 	14895.1 	2.53975  1  3452.49  1635
O16 	14895.1 	0.192103  1  3910.64  1121
O16 	14895.1 	1.3003  1  -165.308  5466
O16 	14895.1 	0.508282  1  -2880.7  8319
O16 	14895.1 	0.253508  1  4189.7  853
O16 	14895.1 	0.305501  1  -386.568  5660
O16 	14895.1 	0.458275  1  4136.44  931
O16 	14895.1 	0.326347  1  91.2314  5261
O16 	14895.1 	0.211298  1  2600.95  2541
O16 	14895.1 	0.284097  1  -1375.18  6729
O16 	14895.1 	0.501996  1  1173.02  4084
O16 	14895.1 	0.225907  1  4965.07  42
O16 	14895.1 	0.228692  1  -2388.75  7763
O16 	14895.1 	0.761159  1  1573.77  3528
O16 	14895.1 	0.502132  1  -1782.81  7112
O16 	14895.1 	0.238052  1  2455.25  2647
O16 	14895.1 	0.35818  1  769.035  4349
O16 	14895.1 	0.221736  1  3021.86  2074
O16 	14895.1 	0.270724  1  -2873.88  8435
O16 	14895.1 	0.319366  1  3463.66  1582
O16 	14895.1 	0.797765  1  903.843  4318
O16 	14895.1 	0.205233  1  -3008.44  8513
O16 	14895.1 	1.04307  1  -4155.36  9724
O16 	14895.1 	2.13556  1  2668.38  2449
O16 	14895.1 	0.229585  1  -312.42  5583
O16 	14895.1 	0.270759  1  -1716.98  7000
O16 	14895.1 	0.257239  1  4600.66  441
O16 	14895.1 	0.589392  1  312.961  4924
O16 	14895.1 	0.231552  1  2860.34  2321
O16 	14895.1 	0.679817  1  2572.51  2628
O16 	14895.1 	0.262713  1  1638.35  3610
O16 	14895.1 	0.293329  1  1684.61  3499
O16 	14895.1 	2.2617  1  -681.97  5985
O16 	14895.1 	0.339039  1  197.989  5009
O16 	14895.1 	0.211  1  -2988.97  8411
O16 	14895.1 	0.54848  1  -2840.13  8133
O16 	14895.1 	0.612055  1  3264.78  1853
O16 	14895.1 	0.243467  1  230.876  5059
O16 	14895.1 	9.82673  1  1151.69  4110
O16 	14895.1 	0.315485  1  -1432.96  6833
O16 	14895.1 	0.256039  1  -2930.84  8197
O16 	14895.1 	0.201509  1  -1940.06  7216
O16 	14895.1 	0.194042  1  -2993.49  8466
O16 	14895.1 	1.47523  1  3076.57  2028
O16 	14895.1 	0.247494  1  -461.213  5834
O16 	14895.1 	0.238259  1  2574.06  2478
O16 	14895.1 	0.713386  1  -1348.74  6796
O16 	14895.1 	0.522549  1  -2270.78  7579
O16 	14895.1 	0.640218  1  1308.17  4032
O16 	14895.1 	0.401193  1  -1844.98  7135
O16 	14895.1 	0.365347  1  1093.24  4124
O16 	14895.1 	0.427198  1  1215.67  3934
O16 	14895.1 	0.870165  1  -45.8922  5274
O16 	14895.1 	1.18429  1  -4680.97  10030
O16 	14895.1 	0.326842  1  2212.34  2939
O16 	14895.1 	1.07301  1  -3169.15  8569
O16 	14895.1 	1.076  1  47.7968  5306
O16 	14895.1 	0.283898  1  1354.06  3827
O16 	14895.1 	0.386254  1  -1981.08  7296
O16 	14895.1 	0.256858  1  -4164.02  9667
O16 	14895.1 	0.193713  1  4980.13  24
O16 	14895.1 	0.46692  1  -2967.61  8448
O16 	14895.1 	0.385346  1  -1044.9  6317
O16 	14895.1 	0.364632  1  -584.267  5903
O16 	14895.1 	0.236272  1  3489.66  1675
O16 	14895.1 	0.916802  1  1388.63  3914
O16 	14895.1 	0.337491  1  1629.68  3543
O16 	14895.1 	0.533443  1  -841.902  6206
O16 	14895.1 	0.220103  1  4049.38  1002
O16 	14895.1 	0.221531  1  -4310.67  9713
O16 	14895.1 	0.210722  1  2537.47  2607
O16 	14895.1 	0.37896  1  -995.126  6269
O16 	14895.1 	0.823149  1  1747.87  3356
O16 	14895.1 	0.272852  1  3651.04  1374
O16 	14895.1 	0.228645  1  4818.75  192
O16 	14895.1 	0.234056  1  3009.85  2074
O16 	14895.1 	0.247147  1  3227.62  1850
O16 	14895.1 	0.203662  1  -4420.34  9988
O16 	14895.1 	0.383792  1  -4147.23  9307
O16 	14895.1 	0.192582  1  3175.42  1871
O16 	14895.1 	0.195587  1  -131.921  5356
O16 	14895.1 	1.64443  1  -347.659  5470
O16 	14895.1 	0.207802  1  4567.15  442
O16 	14895.1 	0.341273  1  -3735.65  9185
O16 	14895.1 	0.444848  1  -4941.98  10483
O16 	14895.1 	0.228755  1  -3780.19  9240
O16 	14895.1 	0.259386  1  2648.44  2536
O16 	14895.1 	0.19012  1  3974.2  1059
O16 	14895.1 	0.547899  1  1504.48  3584
O16 	14895.1 	0.300985  1  3733.04  1362
O16 	14895.1 	0.220171  1  -3960.75  9320
O16 	14895.1 	0.457292  1  3223.41  1808
O16 	14895.1 	4.04666  1  612.008  4555
O16 	14895.1 	0.934367  1  -2614.49  8111
O16 	14895.1 	0.602332  1  -3230.2  8811
O16 	14895.1 	0.271834  1  -3031.96  8584
O16 	14895.1 	0.679727  1  489.52  4736
O16 	14895.1 	0.312434  1  3819.65  1167
O16 	14895.1 	0.196435  1  84.7473  5224
O16 	14895.1 	0.614684  1  3211.67  1908
O16 	14895.1 	0.390242  1  -1125.53  6499
O16 	14895.1 	0.280984  1  445.676  4686
O16 	14895.1 	10.6652  1  -4148.46  9596
O16 	14895.1 	0.295945  1  2082.77  3054
O16 	14895.1 	0.563091  1  -3486.97  8898
O16 	14895.1 	0.37811  1  -3673.81  8985
O16 	14895.1 	0.240901  1  1006.69  4132
O16 	14895.1 	0.239412  1  -768.731  6017
O16 	14895.1 	3.54474  1  -1538.07  6846
O16 	14895.1 	0.219524  1  666.428  4448
O16 	14895.1 	0.228384  1  721.834  4433
O16 	14895.1 	0.262476  1  369.246  4859
O16 	14895.1 	0.29894  1  2463.24  2640
O16 	14895.1 	0.210457  1  -4836.83  10396
O16 	14895.1 	0.261171  1  3856.57  1165
O16 	14895.1 	0.339134  1  -4442.25  10000
O16 	14895.1 	0.499152  1  4187.91  895
O16 	14895.1 	0.413436  1  2552.49  2610
O16 	14895.1 	0.262938  1  -2092.6  7354
O16 	14895.1 	0.415746  1  -3392.63  8667
O16 	14895.1 	0.287565  1  3133.56  1970
O16 	14895.1 	0.604143  1  3406.36  1667
O16 	14895.1 	0.559433  1  1884.32  3317
O16 	14895.1 	0.396941  1  1058.74  4005
O16 	14895.1 	0.631628  1  2459.92  2691
O16 	14895.1 	0.25502  1  3503.47  1607
O16 	14895.1 	2.04867  1  -1016.06  6276
O16 	14895.1 	0.478506  1  1307.96  3786
O16 	14895.1 	0.239222  1  -2215.17  7554
O16 	14895.1 	0.273471  1  -1141.47  6390
O16 	14895.1 	0.442743  1  3644.21  1440
O16 	14895.1 	0.106135  1  -1630.19  6744
O16 	14895.1 	0.231568  1  -802.394  6099
O16 	14895.1 	0.641915  1  -2901.93  8179
O16 	14895.1 	0.233962  1  4472.99  564
O16 	14895.1 	1.05279  1  -2208.9  7472
O16 	14895.1 	0.311696  1  4494.22  503
O16 	14895.1 	0.191753  1  -1882.41  7342
O16 	14895.1 	0.620287  1  -3886.93  9446
O16 	14895.1 	0.225968  1  2096.82  2913
O16 	14895.1 	0.41858  1  -757.543  5948
O16 	14895.1 	0.235717  1  2577.21  2689
O16 	14895.1 	0.251919  1  323.857  4931
O16 	14895.1 	1.77197  1  -4156.39  9806
O16 	14895.1 	0.260281  1  -1268.31  6539
O16 	14895.1 	0.508046  1  -4782.68  10374
O16 	14895.1 	2.87897  1  3378.68  1613
O16 	14895.1 	0.264274  1  1453.8  3659
O16 	14895.1 	0.263238  1  -1561.06  6921
O16 	14895.1 	0.19935  1  -3772.48  9279
O16 	14895.1 	0.218027  1  4277.49  747
O16 	14895.1 	0.237831  1  -3661.3  9231
O16 	14895.1 	0.534683  1  3704.36  1354
O16 	14895.1 	0.323099  1  1727.89  3450
O16 	14895.1 	0.686567  1  2943.7  2211
O16 	14895.1 	0.279112  1  1728.3  3434
O16 	14895.1 	0.351188  1  -4452.15  9914
O16 	14895.1 	0.38636  1  1657.02  3456
O16 	14895.1 	0.40063  1  -3191.22  8512
O16 	14895.1 	0.223556  1  2546.67  2568
O16 	14895.1 	0.265406  1  -689.647  6030
O16 	14895.1 	0.665264  1  -194.524  5538
O16 	14895.1 	0.539758  1  -997.149  6420
O16 	14895.1 	1.23198  1  -429.411  5545
O16 	14895.1 	0.259505  1  428.074  4760
O16 	14895.1 	0.199942  1  -4502.97  9914
O16 	14895.1 	0.482882  1  2651  2413
O16 	14895.1 	0.486165  1  -3268.51  8704
O16 	14895.1 	0.224791  1  1135.93  4173
O16 	14895.1 	0.435291  1  -4612.82  10127
O16 	14895.1 	0.225965  1  -3688.29  9105
O16 	14895.1 	0.420058  1  1289.08  3833
O16 	14895.1 	0.195795  1  1695.3  3550
O16 	14895.1 	0.21562  1  -2757.4  7998
O16 	14895.1 	0.378962  1  1577.94  3480
O16 	14895.1 	0.192124  1  -470.904  5702
O16 	14895.1 	0.258374  1  -1273.89  6607
O16 	14895.1 	0.216988  1  4037.48  1012
O16 	14895.1 	0.381149  1  3483.64  1562
O16 	14895.1 	0.531061  1  474.603  4742
O16 	14895.1 	0.192623  1  3440.28  1620
O16 	14895.1 	0.201726  1  1347.94  3892
O16 	14895.1 	0.227007  1  3827.89  1284
O16 	14895.1 	0.302067  1  -3370.62  8835
O16 	14895.1 	0.416962  1  -4785.08  10325
O16 	14895.1 	0.215632  1  3580.07  1529
O16 	14895.1 	0.305344  1  4745.25  262
O16 	14895.1 	0.194537  1  -2360.4  7647
O16 	14895.1 	0.217274  1  -1395.27  6643
O16 	14895.1 	0.413482  1  -4483.76  10003
O16 	14895.1 	0.42534  1  -3183.6  8362
O16 	14895.1 	0.219268  1  -2614.07  8013
O16 	14895.1 	0.762774  1  -2410.27  7656
O16 	14895.1 	0.279994  1  -4013.65  9489
O16 	14895.1 	0.266796  1  -3423.62  8767
O16 	14895.1 	0.329523  1  -2403.48  7891
O16 	14895.1 	0.632699  1  -2518.14  8026
O16 	14895.1 	0.479652  1  -2952.18  8334
O16 	14895.1 	1.23266  1  1403.11  3802
O16 	14895.1 	0.350246  1  1050.04  4197
O16 	14895.1 	0.214704  1  -2189.7  7690
O16 	14895.1 	0.270985  1  2102.62  2955
O16 	14895.1 	0.203834  1  -1658.94  6972
O16 	14895.1 	0.795777  1  -4987.17  10528
O16 	14895.1 	0.375317  1  3132.01  1939
O16 	14895.1 	0.509839  1  -4769.67  10130
O16 	14895.1 	0.224912  1  3726.93  1338
O16 	14895.1 	0.198332  1  -2141.75  7512
O16 	14895.1 	0.280711  1  -2556.1  7961
O16 	14895.1 	0.373951  1  -196.919  5364
O16 	14895.1 	0.22335  1  -4023.81  9456
O16 	14895.1 	0.218192  1  -1714.07  6978
O16 	14895.1 	0.202235  1  -2491.75  7814
O16 	14895.1 	0.344259  1  -1970.23  7329
O16 	14895.1 	0.377984  1  2016.16  3149
O16 	14895.1 	0.339177  1  -4635.56  9901
O16 	14895.1 	0.213336  1  -1721.08  7100
O16 	14895.1 	0.624865  1  -22.5636  5310
O16 	14895.1 	0.197702  1  -954.011  6253
O16 	14895.1 	0.472813  1  -1575.61  6909
O16 	14895.1 	0.324367  1  3286.5  1800
O16 	14895.1 	0.241152  1  -4662.53  10077
O16 	14895.1 	0.761282  1  2484.89  2662
O16 	14895.1 	0.602692  1  378.132  4854
O16 	14895.1 	0.188243  1  -3132.58  8597
O16 	14895.1 	0.466731  1  2431.67  2708
O16 	14895.1 	0.316383  1  -3514.41  8924
O16 	14895.1 	0.46887  1  916.817  4275
O16 	14895.1 	0.295112  1  -891.289  6257
O16 	14895.1 	0.350832  1  -136.673  5301
O16 	14895.1 	0.19759  1  -4983.11  10436
O16 	14895.1 	0.327191  1  -875.956  6290
O16 	14895.1 	0.221197  1  -4120.14  9490
O16 	14895.1 	0.409497  1  -3527.19  8961
O16 	14895.1 	0.264725  1  -3068.21  8474
O16 	14895.1 	0.446608  1  2076.54  3031
O16 	14895.1 	0.347356  1  4392.08  637
O16 	14895.1 	0.196913  1  -2229.39  7580
O16 	14895.1 	0.223946  1  -4431.63  9949
O16 	14895.1 	2.90561  1  1638.9  3540
O16 	14895.1 	0.219339  1  4346.92  700
O16 	14895.1 	0.195367  1  -3241.5  8614
O16 	14895.1 	0.249122  1  -4437.53  9874
O16 	14895.1 	0.931428  1  492.757  4636
O16 	14895.1 	0.246339  1  3649.3  1453
O16 	14895.1 	0.212025  1  2547.73  2559
O16 	14895.1 	0.337608  1  2605.56  2523
O16 	14895.1 	0.336282  1  4873.86  114
O16 	14895.1 	0.19245  1  2000.42  3137
O16 	14895.1 	0.207414  1  1506.42  3732
O16 	14895.1 	0.207246  1  -4776.65  10212
O16 	14895.1 	0.307984  1  3770.26  1287
O16 	14895.1 	0.343078  1  1734.23  3519
O16 	14895.1 	0.212415  1  -1186.37  6577
O16 	14895.1 	0.30294  1  -3003.29  8361
O16 	14895.1 	0.216634  1  -2980.92  8520
O16 	14895.1 	0.377487  1  -2895.29  8369
O16 	14895.1 	0.677304  1  2096.75  2995
O16 	14895.1 	0.311668  1  3732.99  1335
O16 	14895.1 	0.436115  1  2431.35  2769
O16 	14895.1 	0.449459  1  658.626  4684
O16 	14895.1 	0.304221  1  -303.284  5484
O16 	14895.1 	0.200893  1  2880.02  2235
O16 	14895.1 	0.223454  1  4666.82  392
O16 	14895.1 	0.854108  1  1346.96  3783
O16 	14895.1 	0.273832  1  -2468.09  7958
O16 	14895.1 	0.236671  1  -177.242  5342
O16 	14895.1 	0.257235  1  4529.64  497
O16 	14895.1 	0.291363  1  3130.53  1923
