O16 	14895.1 	0.391389  1  4057.77  937
O16 	14895.1 	0.715322  1  -3467.06  8682
O16 	14895.1 	0.514133  1  1115.07  3968
O16 	14895.1 	0.207643  1  -1538.49  6718
O16 	14895.1 	0.596048  1  -331.002  5559
O16 	14895.1 	0.19291  1  -4441.57  9849
O16 	14895.1 	0.210799  1  -2685.83  8249
O16 	14895.1 	0.331624  1  2471.23  2586
O16 	14895.1 	0.246571  1  856.742  4401
O16 	14895.1 	0.762783  1  134.064  5163
O16 	14895.1 	1.46673  1  -761.809  6077
O16 	14895.1 	0.585855  1  439.293  4691
O16 	14895.1 	0.628551  1  1228.95  4011
O16 	14895.1 	0.24959  1  120.497  5020
O16 	14895.1 	0.204553  1  -3127.29  8500
O16 	14895.1 	0.311497  1  -3511.88  8920
O16 	14895.1 	0.334932  1  -4847.77  10308
O16 	14895.1 	0.479563  1  2370.05  2779
O16 	14895.1 	0.597959  1  -2974.04  8374
O16 	14895.1 	0.239464  1  4216.05  783
O16 	14895.1 	0.327194  1  -746.394  6062
O16 	14895.1 	0.193285  1  -583.23  5890
O16 	14895.1 	0.223939  1  1162.18  4093
O16 	14895.1 	0.198962  1  699.32  4509
O16 	14895.1 	0.213958  1  2682.72  2492
O16 	14895.1 	0.205786  1  -4817.46  10252
O16 	14895.1 	0.374333  1  -4067.3  9559
O16 	14895.1 	1.10301  1  -3230.35  8653
O16 	14895.1 	0.806513  1  4754.79  243
O16 	14895.1 	0.220636  1  -983.023  6295
O16 	14895.1 	1.08343  1  1346.45  3843
O16 	14895.1 	0.253022  1  -3514.75  8989
O16 	14895.1 	0.538859  1  3098.36  1916
O16 	14895.1 	1.37559  1  2434.37  2684
O16 	14895.1 	7.77448  1  -2560.01  8013
O16 	14895.1 	0.193044  1  2848.89  2222
O16 	14895.1 	1.96374  1  110.412  5039
O16 	14895.1 	0.352955  1  -1669.85  6969
O16 	14895.1 	0.275763  1  191.838  5056
O16 	14895.1 	0.192816  1  1921.92  3236
O16 	14895.1 	0.593328  1  4675.9  384
O16 	14895.1 	0.215331  1  4479.6  553
O16 	14895.1 	0.214294  1  -4659.21  9959
O16 	14895.1 	0.851938  1  2134.37  2972
O16 	14895.1 	0.54312  1  -846.906  6062
O16 	14895.1 	0.214306  1  -4138.78  9553
O16 	14895.1 	0.424117  1  -4146.17  9562
O16 	14895.1 	0.391917  1  93.3962  5104
O16 	14895.1 	1.04103  1  -2172.52  7598
O16 	14895.1 	0.205096  1  4101.44  944
O16 	14895.1 	0.447243  1  -4035.8  9377
O16 	14895.1 	1.00285  1  -1028.33  6381
O16 	14895.1 	0.375548  1  -4817.59  10218
O16 	14895.1 	0.247096  1  570.642  4682
O16 	14895.1 	0.220468  1  1362.69  3760
O16 	14895.1 	0.574557  1  -3155.59  8541
O16 	14895.1 	0.280932  1  -2936.13  8237
O16 	14895.1 	0.395097  1  -4465.9  9894
O16 	14895.1 	0.532138  1  1416.07  3656
O16 	14895.1 	0.785316  1  1584.99  3579
O16 	14895.1 	0.189582  1  211.658  4971
O16 	14895.1 	0.397402  1  -538.91  5816
O16 	14895.1 	0.794167  1  -616.502  5930
O16 	14895.1 	0.251079  1  -192.519  5562
O16 	14895.1 	0.367502  1  4367.5  678
O16 	14895.1 	1.81959  1  4859.13  125
O16 	14895.1 	0.613104  1  -2797.9  8205
O16 	14895.1 	0.19105  1  -3848.05  9178
O16 	14895.1 	0.280629  1  1854.76  3325
O16 	14895.1 	0.622463  1  342.094  4917
O16 	14895.1 	0.51662  1  2366.06  2677
O16 	14895.1 	5.53908  1  -4053.49  9527
O16 	14895.1 	0.198585  1  -3558.92  8915
O16 	14895.1 	0.405928  1  -1716.76  7157
O16 	14895.1 	12.2066  1  4482.58  587
O16 	14895.1 	0.653535  1  -3838.02  9254
O16 	14895.1 	0.216688  1  891.921  4306
O16 	14895.1 	0.60953  1  1451.92  3761
O16 	14895.1 	0.326312  1  -1186.94  6602
O16 	14895.1 	0.219057  1  -572.304  5677
O16 	14895.1 	0.220179  1  -3413.53  8808
O16 	14895.1 	0.721252  1  4308.61  679
O16 	14895.1 	0.578901  1  -2112.7  7523
O16 	14895.1 	0.203693  1  -4230.72  9745
O16 	14895.1 	7.96824  1  -2798.01  8132
O16 	14895.1 	0.341921  1  3922.24  1075
O16 	14895.1 	0.201751  1  -489.492  5701
O16 	14895.1 	0.204575  1  -3363.16  8735
O16 	14895.1 	0.46398  1  1701.45  3403
O16 	14895.1 	0.742778  1  -1228.03  6446
O16 	14895.1 	0.418388  1  829.638  4461
O16 	14895.1 	0.20765  1  295.172  4985
O16 	14895.1 	0.230889  1  2558.88  2611
O16 	14895.1 	0.244694  1  1866.58  3246
O16 	14895.1 	0.24816  1  3717.81  1277
O16 	14895.1 	0.190749  1  -2217.64  7598
O16 	14895.1 	0.940661  1  1439.53  3741
O16 	14895.1 	0.193335  1  -183.369  5393
O16 	14895.1 	0.306831  1  4290.23  687
O16 	14895.1 	1.23038  1  -3743.97  9043
O16 	14895.1 	4.2348  1  -2987.19  8527
O16 	14895.1 	0.250799  1  -580.897  5777
O16 	14895.1 	0.358537  1  -2624.82  8130
O16 	14895.1 	0.231321  1  -1871.81  7202
O16 	14895.1 	0.194184  1  4305.17  765
O16 	14895.1 	0.209494  1  1015.72  4224
O16 	14895.1 	0.235633  1  -1875.02  7230
O16 	14895.1 	0.200096  1  -2232.89  7530
O16 	14895.1 	0.449501  1  -4262.54  9707
O16 	14895.1 	0.281074  1  2279.95  2858
O16 	14895.1 	0.264429  1  187.034  4865
O16 	14895.1 	0.202337  1  1528.85  3631
O16 	14895.1 	0.428212  1  2937.53  2126
O16 	14895.1 	0.67985  1  -906.288  6182
O16 	14895.1 	0.196632  1  2122.8  2977
O16 	14895.1 	0.223101  1  3018.82  1989
O16 	14895.1 	0.333904  1  1912.56  3144
O16 	14895.1 	0.412404  1  -1893.59  7169
O16 	14895.1 	0.400985  1  1398.3  3771
O16 	14895.1 	0.216888  1  -371.21  5509
O16 	14895.1 	0.427583  1  631.696  4602
O16 	14895.1 	0.555621  1  4309.76  752
O16 	14895.1 	0.340172  1  -1035.18  6449
O16 	14895.1 	0.436942  1  -3113.47  8508
O16 	14895.1 	0.578333  1  3166.37  1966
O16 	14895.1 	0.198502  1  1116.96  4037
O16 	14895.1 	0.25781  1  -804.367  6080
O16 	14895.1 	0.349281  1  3997.02  1024
O16 	14895.1 	0.19997  1  4291.2  713
O16 	14895.1 	0.485395  1  3766.25  1285
O16 	14895.1 	0.275887  1  4433.92  605
O16 	14895.1 	0.345573  1  -798.019  5875
O16 	14895.1 	0.783942  1  -243.345  5444
O16 	14895.1 	1.13867  1  -1755.27  7075
O16 	14895.1 	1.12825  1  -2131.19  7613
O16 	14895.1 	0.578043  1  -4667.14  10033
O16 	14895.1 	0.646043  1  2483.15  2618
O16 	14895.1 	0.348066  1  3876.64  1187
O16 	14895.1 	0.540506  1  -252.925  5475
O16 	14895.1 	0.188289  1  -4009.97  9507
O16 	14895.1 	0.679263  1  3496.35  1566
O16 	14895.1 	0.306291  1  -1589.87  6840
O16 	14895.1 	0.205835  1  3460.16  1632
O16 	14895.1 	0.373965  1  1055.3  4053
O16 	14895.1 	0.612039  1  159.068  5024
O16 	14895.1 	0.304863  1  2560.25  2573
O16 	14895.1 	0.329158  1  423.832  4720
O16 	14895.1 	0.359927  1  -4085.48  9330
O16 	14895.1 	0.71509  1  -3205.83  8704
O16 	14895.1 	0.229916  1  -2222.78  7612
O16 	14895.1 	0.20499  1  911.031  4346
O16 	14895.1 	0.242101  1  3325.04  1778
O16 	14895.1 	0.315064  1  -2839.77  8185
O16 	14895.1 	0.443453  1  2478.36  2656
O16 	14895.1 	0.325063  1  -1597.64  6797
O16 	14895.1 	0.235822  1  -1629.19  6837
O16 	14895.1 	0.265603  1  4040.24  1038
O16 	14895.1 	4.2358  1  -1709.07  7168
O16 	14895.1 	0.971767  1  -264.552  5461
O16 	14895.1 	0.262468  1  2012.05  3128
O16 	14895.1 	0.192188  1  -4154  9561
O16 	14895.1 	0.520044  1  -1116.96  6518
O16 	14895.1 	0.190735  1  -4718.09  10111
O16 	14895.1 	0.476135  1  1913.38  3209
O16 	14895.1 	0.5405  1  -3475.28  8809
O16 	14895.1 	0.199649  1  1204.09  4039
O16 	14895.1 	0.252198  1  -4170.81  9536
O16 	14895.1 	0.387817  1  -2043.07  7247
O16 	14895.1 	0.532932  1  -3354.33  8855
O16 	14895.1 	0.385977  1  -4981.54  10423
O16 	14895.1 	0.345392  1  4354.81  697
O16 	14895.1 	0.272315  1  1526.46  3692
O16 	14895.1 	0.31973  1  -13.0214  5300
O16 	14895.1 	0.449508  1  4250.71  792
O16 	14895.1 	0.445745  1  -2429.57  7856
O16 	14895.1 	0.326756  1  1741.15  3422
O16 	14895.1 	0.335744  1  3536.68  1575
O16 	14895.1 	0.253275  1  488.44  4658
O16 	14895.1 	0.196274  1  42.0793  5165
O16 	14895.1 	0.396409  1  446.708  4867
O16 	14895.1 	0.301809  1  4900.83  111
O16 	14895.1 	0.213213  1  -4679.79  10106
O16 	14895.1 	0.310306  1  171.688  5038
O16 	14895.1 	0.201906  1  4567.9  481
O16 	14895.1 	0.272112  1  -645.507  6100
O16 	14895.1 	0.245028  1  1508.64  3629
O16 	14895.1 	0.188672  1  3905.85  1113
O16 	14895.1 	0.450792  1  -809.341  6009
O16 	14895.1 	0.398653  1  2544.47  2569
O16 	14895.1 	0.265749  1  1977.34  3130
O16 	14895.1 	0.344078  1  -535.546  5765
O16 	14895.1 	0.477792  1  1446.92  3721
O16 	14895.1 	0.258889  1  -1823.91  7163
O16 	14895.1 	0.216938  1  1424.69  3884
O16 	14895.1 	0.335327  1  -2150.06  7512
O16 	14895.1 	0.216308  1  1037.85  4241
O16 	14895.1 	0.238648  1  -3107.79  8686
O16 	14895.1 	0.216698  1  4037.37  1022
O16 	14895.1 	0.45346  1  -3221.29  8648
O16 	14895.1 	1.04976  1  3662.28  1377
O16 	14895.1 	0.68737  1  -4930.83  10608
O16 	14895.1 	0.232294  1  1709.49  3489
O16 	14895.1 	0.331072  1  -2194.28  7678
O16 	14895.1 	1.04321  1  2724.63  2388
O16 	14895.1 	0.349926  1  3572.54  1457
O16 	14895.1 	0.203501  1  -1632.72  6973
O16 	14895.1 	0.640535  1  4079.68  949
O16 	14895.1 	0.310014  1  -4524.74  10060
O16 	14895.1 	0.202886  1  4541.62  501
O16 	14895.1 	0.450181  1  3182.11  1921
O16 	14895.1 	0.38103  1  -1883.15  7227
O16 	14895.1 	0.498619  1  -1338.21  6596
O16 	14895.1 	0.785769  1  811.605  4440
O16 	14895.1 	0.196919  1  -1761.36  7244
O16 	14895.1 	0.261338  1  463.856  4719
O16 	14895.1 	0.238426  1  4541.26  496
O16 	14895.1 	0.209616  1  -3977.32  9377
O16 	14895.1 	0.366271  1  2536.22  2566
O16 	14895.1 	0.384832  1  4440.58  595
O16 	14895.1 	0.229252  1  3118.55  2017
O16 	14895.1 	0.222373  1  -4436.02  9747
O16 	14895.1 	0.206104  1  2292.98  2892
O16 	14895.1 	0.209953  1  2580.71  2573
O16 	14895.1 	0.404837  1  1775.67  3356
O16 	14895.1 	0.353584  1  -4278.26  9721
O16 	14895.1 	0.218294  1  -3656.45  9029
O16 	14895.1 	0.495581  1  -2399.26  7810
O16 	14895.1 	0.476301  1  3519.9  1608
O16 	14895.1 	0.301503  1  -3904.16  9414
O16 	14895.1 	0.78638  1  -4588.52  10154
O16 	14895.1 	0.588476  1  -2125.93  7490
O16 	14895.1 	0.2206  1  4420.22  557
O16 	14895.1 	1.68171  1  -1518.92  6861
O16 	14895.1 	0.352266  1  -4545.56  10014
O16 	14895.1 	0.221724  1  3009.55  2030
O16 	14895.1 	0.205725  1  1993.93  3187
O16 	14895.1 	0.241752  1  943.52  4289
O16 	14895.1 	0.359382  1  -4382.69  9743
O16 	14895.1 	0.262646  1  -2549.54  7998
O16 	14895.1 	0.277849  1  2986.15  2104
O16 	14895.1 	0.48413  1  1700.41  3377
O16 	14895.1 	0.220789  1  -2051.8  7480
O16 	14895.1 	0.275995  1  4148.73  891
O16 	14895.1 	0.246761  1  -2873.95  8188
O16 	14895.1 	0.314825  1  -2633.88  8062
O16 	14895.1 	0.315524  1  -3859.01  9231
O16 	14895.1 	0.713037  1  3241.95  1821
O16 	14895.1 	0.315101  1  -1015.34  6371
O16 	14895.1 	0.195011  1  -1250.34  6677
O16 	14895.1 	0.521841  1  3891.03  1112
O16 	14895.1 	0.385734  1  -4560.12  10103
O16 	14895.1 	0.513328  1  1540.76  3573
O16 	14895.1 	0.582365  1  -1989.52  7189
O16 	14895.1 	0.612863  1  4450.65  508
O16 	14895.1 	0.439724  1  -3433.04  8828
O16 	14895.1 	0.193082  1  -3054.08  8441
O16 	14895.1 	0.189792  1  2094.32  3113
O16 	14895.1 	1.03787  1  3116.21  1930
O16 	14895.1 	0.433846  1  -990.186  6163
O16 	14895.1 	0.21711  1  1826.93  3397
O16 	14895.1 	0.213493  1  3479.77  1555
O16 	14895.1 	0.474499  1  1209.6  4035
O16 	14895.1 	0.271112  1  -3927.94  9409
O16 	14895.1 	0.274407  1  -1550.21  6949
O16 	14895.1 	0.767098  1  2154.21  2984
O16 	14895.1 	0.389312  1  -3742.56  9193
O16 	14895.1 	0.279776  1  -352.169  5618
O16 	14895.1 	0.194456  1  3738.93  1344
O16 	14895.1 	0.235966  1  768.321  4495
O16 	14895.1 	0.218509  1  -25.6336  5250
O16 	14895.1 	0.245485  1  -78.2195  5352
O16 	14895.1 	0.200838  1  -3956.3  9539
O16 	14895.1 	0.286724  1  -4876.77  10342
O16 	14895.1 	0.197443  1  4469.78  550
O16 	14895.1 	0.441751  1  -1786.18  7253
O16 	14895.1 	2.63908  1  4645.47  391
O16 	14895.1 	0.235154  1  -3094.27  8545
O16 	14895.1 	0.304558  1  -244.244  5598
O16 	14895.1 	0.265233  1  -1966.6  7314
O16 	14895.1 	0.309246  1  83.2263  5195
O16 	14895.1 	0.757756  1  -4457.4  9827
O16 	14895.1 	0.856052  1  -4234.46  9805
O16 	14895.1 	0.679418  1  -1391.64  6739
O16 	14895.1 	0.247491  1  -4755.52  10202
O16 	14895.1 	0.374191  1  1843.05  3227
O16 	14895.1 	0.220879  1  1454.72  3647
O16 	14895.1 	0.294966  1  -242.156  5415
O16 	14895.1 	0.315239  1  1620.74  3468
O16 	14895.1 	0.257247  1  -1053.65  6223
O16 	14895.1 	0.20193  1  4443.89  591
O16 	14895.1 	0.388706  1  -3497.02  8970
O16 	14895.1 	0.270212  1  1191.92  4046
O16 	14895.1 	0.297215  1  -27.4654  5187
O16 	14895.1 	0.219858  1  2723.42  2466
O16 	14895.1 	0.241492  1  -1229.44  6608
O16 	14895.1 	0.240464  1  4239.84  803
O16 	14895.1 	0.199498  1  -2571.63  7926
O16 	14895.1 	0.219694  1  -490.916  5871
O16 	14895.1 	2.47138  1  408.435  4764
O16 	14895.1 	1.56422  1  1706.77  3454
O16 	14895.1 	0.512895  1  1464.71  3770
O16 	14895.1 	0.93312  1  -99.4241  5245
O16 	14895.1 	1.1823  1  3297.18  1768
O16 	14895.1 	0.70474  1  -4215.72  9668
O16 	14895.1 	0.254152  1  298.755  4858
O16 	14895.1 	0.393822  1  -4851.1  10261
O16 	14895.1 	0.687801  1  -1537.53  6832
O16 	14895.1 	0.779859  1  1159.71  3973
O16 	14895.1 	0.868193  1  565.967  4589
O16 	14895.1 	4.13591  1  3839.2  1196
O16 	14895.1 	0.234209  1  -4215.58  9524
O16 	14895.1 	0.25042  1  -490.873  5740
O16 	14895.1 	0.383771  1  4262.02  783
O16 	14895.1 	0.239316  1  4826.9  189
O16 	14895.1 	0.822817  1  3807.45  1241
O16 	14895.1 	0.205928  1  2764.24  2308
O16 	14895.1 	3.09476  1  -4339.22  9901
O16 	14895.1 	0.506698  1  4145.11  918
O16 	14895.1 	0.189456  1  4407.26  641
O16 	14895.1 	0.221975  1  164.81  5118
O16 	14895.1 	0.525135  1  -2142.86  7446
O16 	14895.1 	0.301327  1  -3997.87  9447
O16 	14895.1 	0.206507  1  817.202  4220
O16 	14895.1 	0.201809  1  2275.13  2899
O16 	14895.1 	0.577981  1  -4249  9786
O16 	14895.1 	1.58924  1  -3097.3  8458
O16 	14895.1 	0.229361  1  884.816  4312
O16 	14895.1 	0.861  1  3500.09  1650
O16 	14895.1 	0.2505  1  -1000.73  6081
O16 	14895.1 	0.277101  1  -1612.28  7019
O16 	14895.1 	0.245964  1  -4447.97  9787
O16 	14895.1 	0.228748  1  -3529.31  9046
O16 	14895.1 	0.198124  1  2784.5  2369
O16 	14895.1 	0.294101  1  3283.92  1773
O16 	14895.1 	0.453388  1  1320.57  3962
O16 	14895.1 	0.265379  1  2095.91  3017
O16 	14895.1 	0.387073  1  -4488.74  9855
O16 	14895.1 	0.195491  1  -1450.04  6800
O16 	14895.1 	0.482106  1  1134.46  3973
O16 	14895.1 	0.209408  1  22.808  5301
O16 	14895.1 	0.27041  1  -3074.22  8392
O16 	14895.1 	0.544926  1  -3423.93  8838
O16 	14895.1 	0.476195  1  -4710.14  10285
O16 	14895.1 	0.208317  1  3876  1150
O16 	14895.1 	0.254947  1  57.3892  5208
O16 	14895.1 	0.321945  1  3596.54  1459
O16 	14895.1 	0.335262  1  -950.436  6277
O16 	14895.1 	0.486444  1  2818.27  2420
O16 	14895.1 	0.785403  1  2193.79  2849
O16 	14895.1 	0.662371  1  -3385.55  8850
O16 	14895.1 	0.299884  1  4129.56  963
O16 	14895.1 	0.188702  1  -1095.46  6480
O16 	14895.1 	0.438297  1  4745.52  254
O16 	14895.1 	0.225657  1  -4901.73  10502
O16 	14895.1 	0.215686  1  2171.97  3064
O16 	14895.1 	0.828577  1  3863.5  1251
O16 	14895.1 	0.284144  1  -2837.59  8125
O16 	14895.1 	0.198411  1  -1030.19  6357
O16 	14895.1 	0.242668  1  1955.11  3193
O16 	14895.1 	0.399478  1  -2812.72  8208
O16 	14895.1 	0.278441  1  -2755.57  8165
O16 	14895.1 	0.38593  1  754.206  4383
O16 	14895.1 	0.284433  1  -4009.2  9538
O16 	14895.1 	0.219034  1  -1316.13  6546
O16 	14895.1 	0.241013  1  -4973.45  10269
O16 	14895.1 	0.211788  1  -2206  7450
O16 	14895.1 	0.224884  1  2319.72  2752
O16 	14895.1 	0.441299  1  -1606.87  6950
O16 	14895.1 	0.27803  1  -2739.59  8143
O16 	14895.1 	0.497307  1  -4141.45  9570
O16 	14895.1 	0.228578  1  -471.149  5726
O16 	14895.1 	0.281631  1  -3981.85  9422
O16 	14895.1 	0.359088  1  1622.25  3562
O16 	14895.1 	0.679349  1  -4775.59  10284
O16 	14895.1 	0.267523  1  1977.56  3046
O16 	14895.1 	0.3047  1  642.192  4622
O16 	14895.1 	0.575513  1  657.735  4601
O16 	14895.1 	0.188861  1  -44.7209  5224
O16 	14895.1 	0.827067  1  3615.45  1452
O16 	14895.1 	0.194883  1  -2324.77  7555
O16 	14895.1 	0.503826  1  -3206.87  8628
O16 	14895.1 	1.26752  1  -426.592  5695
O16 	14895.1 	0.559899  1  2749.71  2360
O16 	14895.1 	0.198449  1  -3198.98  8803
O16 	14895.1 	0.500647  1  2808.7  2229
O16 	14895.1 	0.322057  1  1330.36  3904
O16 	14895.1 	0.261218  1  -2694.88  8032
O16 	14895.1 	0.458066  1  2442.68  2607
O16 	14895.1 	1.20593  1  -4776.24  10242
O16 	14895.1 	0.200612  1  2737.35  2386
O16 	14895.1 	0.369462  1  -2006.45  7395
O16 	14895.1 	0.306004  1  -2170.91  7509
O16 	14895.1 	0.779196  1  -4984.14  10564
O16 	14895.1 	0.537098  1  511.733  4748
O16 	14895.1 	0.738125  1  -4695.6  9992
O16 	14895.1 	1.0095  1  4083.21  950
O16 	14895.1 	0.298331  1  -4658.28  10343
O16 	14895.1 	0.205204  1  3217.78  1852
O16 	14895.1 	0.228335  1  -998.328  6409
O16 	14895.1 	0.239277  1  -2671.82  8085
O16 	14895.1 	0.290469  1  1321.33  3857
O16 	14895.1 	0.21969  1  -3953.69  9453
O16 	14895.1 	0.275873  1  -1120.59  6446
O16 	14895.1 	1.01991  1  995.777  4318
O16 	14895.1 	0.305294  1  4105.78  911
O16 	14895.1 	1.51745  1  4003.02  1092
O16 	14895.1 	0.558012  1  3003.69  2175
O16 	14895.1 	0.585522  1  -428.296  5669
O16 	14895.1 	0.215972  1  4768.24  236
O16 	14895.1 	0.222473  1  -429.287  5769
O16 	14895.1 	0.505616  1  1382.73  3739
O16 	14895.1 	0.502469  1  -829.956  6164
O16 	14895.1 	0.495226  1  -895.959  6220
O16 	14895.1 	0.201956  1  260.856  4898
O16 	14895.1 	0.274213  1  4907.96  106
O16 	14895.1 	0.921875  1  -3423.79  8741
O16 	14895.1 	0.35058  1  1319.5  3933
O16 	14895.1 	0.304904  1  1333.34  3905
O16 	14895.1 	0.545359  1  -1219.44  6527
O16 	14895.1 	0.203556  1  -235.793  5431
O16 	14895.1 	0.248913  1  1916.66  3158
O16 	14895.1 	0.207053  1  -4625.39  10076
O16 	14895.1 	0.660932  1  -3211.03  8739
O16 	14895.1 	0.242304  1  -4391.84  9950
O16 	14895.1 	0.189267  1  715.869  4484
O16 	14895.1 	0.20088  1  -2786.64  8178
O16 	14895.1 	0.284924  1  -4050.75  9589
O16 	14895.1 	0.262242  1  4426.9  614
O16 	14895.1 	0.714673  1  3583.53  1518
O16 	14895.1 	0.658352  1  -1945.69  7240
O16 	14895.1 	0.382804  1  1870.97  3296
O16 	14895.1 	0.19383  1  -4278.47  9644
O16 	14895.1 	1.76392  1  -234.936  5617
O16 	14895.1 	0.430076  1  1501.16  3779
O16 	14895.1 	0.261672  1  -458.95  5794
O16 	14895.1 	0.192493  1  667.342  4477
O16 	14895.1 	0.189473  1  -2718.83  7967
O16 	14895.1 	0.531804  1  -975.361  6258
O16 	14895.1 	0.338423  1  -4407.17  9878
O16 	14895.1 	0.268774  1  -973.205  6254
O16 	14895.1 	0.258429  1  -2364.19  7660
O16 	14895.1 	0.285446  1  -3424.99  8857
O16 	14895.1 	0.351321  1  4778.63  269
O16 	14895.1 	0.321733  1  3510.57  1499
O16 	14895.1 	0.317006  1  -745.036  6111
O16 	14895.1 	0.207228  1  -4783.83  10321
O16 	14895.1 	0.304826  1  -2936.27  8309
O16 	14895.1 	0.458038  1  2422.53  2763
O16 	14895.1 	0.431268  1  -2990.59  8440
O16 	14895.1 	0.208172  1  2652.56  2539
O16 	14895.1 	0.456061  1  -4807.49  10330
O16 	14895.1 	0.225182  1  -4492.67  9965
O16 	14895.1 	0.479858  1  -3307.72  8908
O16 	14895.1 	0.334472  1  -565.058  5832
O16 	14895.1 	0.211246  1  -756.82  6085
O16 	14895.1 	0.200035  1  -2393.84  7765
O16 	14895.1 	3.1119  1  1447.68  3800
O16 	14895.1 	0.581963  1  -1470.97  6842
O16 	14895.1 	0.683014  1  -584.051  5891
O16 	14895.1 	0.198876  1  1357.08  3809
O16 	14895.1 	0.423996  1  3957.49  1115
O16 	14895.1 	0.680092  1  -1736.58  7107
O16 	14895.1 	0.663738  1  4198.64  863
O16 	14895.1 	0.284197  1  1592.4  3658
O16 	14895.1 	1.28971  1  -3344.16  8802
O16 	14895.1 	1.27233  1  -2791.83  8106
O16 	14895.1 	0.206308  1  -185.388  5430
O16 	14895.1 	1.51003  1  -152.851  5422
O16 	14895.1 	0.278474  1  -1941.18  7263
O16 	14895.1 	0.238998  1  -1810.02  7000
O16 	14895.1 	0.260545  1  -3071.25  8330
O16 	14895.1 	0.404092  1  -2938.96  8232
O16 	14895.1 	0.391322  1  -2959.45  8329
O16 	14895.1 	0.375851  1  1490.97  3684
O16 	14895.1 	0.2577  1  4586.92  441
O16 	14895.1 	0.379808  1  1117.36  4122
O16 	14895.1 	0.219267  1  2407.48  2732
O16 	14895.1 	0.348229  1  -857.599  6110
O16 	14895.1 	0.222656  1  745.586  4573
O16 	14895.1 	0.378071  1  -2641.39  7961
O16 	14895.1 	0.89108  1  4701.41  333
O16 	14895.1 	0.68388  1  -4606.75  9974
O16 	14895.1 	0.259094  1  4360.88  682
O16 	14895.1 	0.450241  1  4773.52  251
O16 	14895.1 	0.319802  1  831.104  4378
O16 	14895.1 	0.212127  1  3190.89  1880
O16 	14895.1 	0.261227  1  1967.78  3159
O16 	14895.1 	0.207801  1  2367.01  2749
O16 	14895.1 	0.48028  1  233.18  4910
O16 	14895.1 	0.275708  1  -3249.22  8661
O16 	14895.1 	0.194833  1  -3197.6  8713
O16 	14895.1 	0.770401  1  2546.56  2660
O16 	14895.1 	0.262517  1  2327.88  2713
O16 	14895.1 	0.256737  1  -4354.85  9766
O16 	14895.1 	4.03701  1  3309.92  1837
O16 	14895.1 	0.372906  1  2735.54  2453
O16 	14895.1 	0.237207  1  -80.7538  5375
O16 	14895.1 	0.202253  1  -648.396  5943
O16 	14895.1 	0.370858  1  4707.89  293
O16 	14895.1 	1.16582  1  -349.423  5590
O16 	14895.1 	0.389447  1  743.079  4449
O16 	14895.1 	0.258419  1  1286.69  3851
O16 	14895.1 	0.236888  1  1807.59  3193
O16 	14895.1 	0.584525  1  4142.22  952
O16 	14895.1 	1.03664  1  4214.63  857
O16 	14895.1 	0.304697  1  -1137.84  6432
O16 	14895.1 	0.19001  1  -587.852  5801
O16 	14895.1 	0.22449  1  -1860.92  7269
O16 	14895.1 	0.439882  1  -1160.34  6445
O16 	14895.1 	24.989  1  848.496  4431
O16 	14895.1 	0.20238  1  -4687.96  10306
O16 	14895.1 	0.212404  1  4894.52  118
O16 	14895.1 	0.303854  1  -1863.45  7335
O16 	14895.1 	0.312201  1  -2090.93  7560
O16 	14895.1 	0.198588  1  3163.93  2014
O16 	14895.1 	2.28915  1  1979.63  3164
O16 	14895.1 	0.255781  1  -1751.36  7126
O16 	14895.1 	0.373283  1  -4147.79  9448
O16 	14895.1 	0.201516  1  -265.385  5647
O16 	14895.1 	0.237992  1  -4462.58  9958
O16 	14895.1 	0.212867  1  1322.4  3854
O16 	14895.1 	0.195882  1  -4675.57  10174
O16 	14895.1 	0.240192  1  -649.228  5926
O16 	14895.1 	0.542686  1  4209.09  806
O16 	14895.1 	0.405375  1  809.346  4455
O16 	14895.1 	0.826039  1  4849.94  153
O16 	14895.1 	0.284778  1  640.651  4435
O16 	14895.1 	0.250448  1  -2865.23  8314
O16 	14895.1 	0.195383  1  -3066.55  8659
O16 	14895.1 	0.358094  1  -101.645  5337
O16 	14895.1 	0.232602  1  3817.8  1244
O16 	14895.1 	1.06797  1  3059.57  2055
O16 	14895.1 	0.329408  1  -2411.82  7851
O16 	14895.1 	0.499437  1  1437.6  3760
O16 	14895.1 	0.488393  1  935.189  4359
O16 	14895.1 	0.246114  1  2907.78  2049
O16 	14895.1 	0.402197  1  -2975.07  8412
O16 	14895.1 	0.292611  1  -3274.65  8521
O16 	14895.1 	0.494117  1  -4695.94  10017
O16 	14895.1 	0.334697  1  -138.45  5481
O16 	14895.1 	0.337134  1  3577.49  1473
O16 	14895.1 	0.734157  1  -1509.04  6787
O16 	14895.1 	0.352003  1  335.657  4895
O16 	14895.1 	0.310937  1  2803.82  2308
O16 	14895.1 	0.519092  1  3761.69  1313
O16 	14895.1 	0.19346  1  -2475.17  7807
O16 	14895.1 	0.468854  1  1893.12  3283
O16 	14895.1 	0.304722  1  -1027.4  6418
O16 	14895.1 	0.289177  1  3564.87  1451
O16 	14895.1 	0.411409  1  3061.59  2065
O16 	14895.1 	0.511962  1  942.601  4291
O16 	14895.1 	1.33114  1  4435.15  629
O16 	14895.1 	0.310457  1  -2654.51  8092
O16 	14895.1 	0.545585  1  -4407.2  9795
O16 	14895.1 	0.325032  1  -4500.49  9872
O16 	14895.1 	0.195578  1  -2309.97  7594
O16 	14895.1 	0.345903  1  -382.222  5678
O16 	14895.1 	0.508549  1  -985.383  6231
O16 	14895.1 	0.217034  1  -1195.16  6501
O16 	14895.1 	0.189005  1  -4349.82  9769
O16 	14895.1 	0.304507  1  1250.01  3960
O16 	14895.1 	0.28308  1  -1434.4  6807
O16 	14895.1 	0.236995  1  4541.65  501
O16 	14895.1 	0.21801  1  2736.49  2399
O16 	14895.1 	0.256308  1  2089.85  3005
O16 	14895.1 	0.220078  1  -1455.1  6675
O16 	14895.1 	0.192537  1  4418.96  591
O16 	14895.1 	2.71761  1  -2195.47  7492
O16 	14895.1 	0.256944  1  -1485.81  6913
O16 	14895.1 	0.434632  1  -11.5691  5142
O16 	14895.1 	0.607887  1  -410.747  5716
O16 	14895.1 	0.246662  1  2644.62  2447
O16 	14895.1 	0.3779  1  -2818.46  8051
O16 	14895.1 	1.29524  1  1999.79  3093
O16 	14895.1 	0.190521  1  -3641.38  9088
O16 	14895.1 	0.259826  1  1400.72  3882
O16 	14895.1 	0.259836  1  252.304  4908
O16 	14895.1 	0.309218  1  -1191.85  6318
O16 	14895.1 	0.224069  1  -596.695  5802
O16 	14895.1 	1.83619  1  3291.35  1794
O16 	14895.1 	0.198468  1  1827.44  3298
O16 	14895.1 	0.282095  1  1473.16  3685
O16 	14895.1 	0.309896  1  -1602.8  7004
O16 	14895.1 	0.258474  1  3080.03  1933
O16 	14895.1 	0.253654  1  -600.784  5846
O16 	14895.1 	0.207136  1  -2194.36  7544
O16 	14895.1 	0.299457  1  3860.81  1245
O16 	14895.1 	0.280324  1  2671.31  2571
O16 	14895.1 	0.723782  1  1167.09  4028
O16 	14895.1 	0.944053  1  -3850.21  9244
O16 	14895.1 	0.373378  1  3292.62  1810
O16 	14895.1 	0.434219  1  427.323  4896
O16 	14895.1 	0.775584  1  -1987.62  7308
O16 	14895.1 	0.678202  1  -1006.92  6168
O16 	14895.1 	0.790678  1  -3015.48  8235
O16 	14895.1 	1.62421  1  -471.668  5793
O16 	14895.1 	0.475674  1  -352.572  5575
O16 	14895.1 	0.242252  1  4068.13  1037
O16 	14895.1 	3.12507  1  -275.562  5618
O16 	14895.1 	0.884222  1  2741.01  2373
O16 	14895.1 	0.478727  1  3801.21  1273
O16 	14895.1 	1.51464  1  3662.45  1427
O16 	14895.1 	0.907373  1  -1413.71  6601
O16 	14895.1 	0.282676  1  -1950.93  7255
O16 	14895.1 	0.308107  1  -4713.98  10334
O16 	14895.1 	0.60505  1  1998.03  3104
O16 	14895.1 	0.479638  1  3819.59  1244
O16 	14895.1 	0.299233  1  1794.97  3238
O16 	14895.1 	0.205351  1  1711.02  3319
O16 	14895.1 	0.292372  1  4993.67  13
O16 	14895.1 	0.225855  1  4138.97  904
O16 	14895.1 	0.505937  1  1425.51  3716
O16 	14895.1 	0.223732  1  63.7514  5172
O16 	14895.1 	0.359332  1  -3388.44  8843
O16 	14895.1 	0.211423  1  4925.61  83
O16 	14895.1 	0.283837  1  379.913  4870
O16 	14895.1 	0.352319  1  -3451.27  8892
O16 	14895.1 	0.355499  1  -4514.42  9871
O16 	14895.1 	1.78813  1  -4641.38  9987
O16 	14895.1 	0.348724  1  -436.495  5709
O16 	14895.1 	0.220173  1  1954.52  3275
O16 	14895.1 	13.934  1  2629.29  2494
O16 	14895.1 	0.23947  1  -652.299  6027
O16 	14895.1 	0.954484  1  206.514  4984
O16 	14895.1 	0.357553  1  2716.68  2454
O16 	14895.1 	0.190493  1  -2441.62  7702
O16 	14895.1 	0.617125  1  -3033.82  8607
O16 	14895.1 	0.455657  1  3976.97  1065
O16 	14895.1 	2.14283  1  379.167  4910
O16 	14895.1 	0.277655  1  4786.63  211
O16 	14895.1 	0.285195  1  3776.57  1311
O16 	14895.1 	2.06486  1  3319.88  1748
O16 	14895.1 	0.382706  1  2746.22  2418
O16 	14895.1 	0.569613  1  3151.13  1975
O16 	14895.1 	0.408956  1  3764.8  1295
O16 	14895.1 	0.760462  1  3590.65  1447
O16 	14895.1 	0.398326  1  -1503.24  6687
O16 	14895.1 	0.383432  1  1774.02  3375
O16 	14895.1 	0.326758  1  130.641  5083
O16 	14895.1 	0.884522  1  2656.3  2434
O16 	14895.1 	0.460652  1  -432.937  5708
O16 	14895.1 	0.634526  1  510.899  4734
O16 	14895.1 	0.953748  1  -3577.39  8904
O16 	14895.1 	0.204693  1  2717.02  2359
O16 	14895.1 	0.474619  1  1099.24  4093
O16 	14895.1 	0.385494  1  3548.82  1495
O16 	14895.1 	0.325079  1  4402.85  631
O16 	14895.1 	0.249027  1  -923.45  6323
O16 	14895.1 	0.645459  1  1488.92  3664
O16 	14895.1 	0.38345  1  1007.41  4253
O16 	14895.1 	0.194479  1  -1606.1  6828
O16 	14895.1 	0.204538  1  -486.64  5761
O16 	14895.1 	0.410788  1  -553.966  5755
O16 	14895.1 	1.55001  1  -801.596  6017
O16 	14895.1 	0.56584  1  3688.58  1403
O16 	14895.1 	0.308531  1  302.699  4749
O16 	14895.1 	0.683289  1  -2874.62  8324
O16 	14895.1 	0.221626  1  2736.03  2372
O16 	14895.1 	0.441779  1  -209.386  5488
O16 	14895.1 	0.2311  1  816.708  4385
O16 	14895.1 	0.570014  1  2361.83  2743
O16 	14895.1 	0.33206  1  768.183  4437
O16 	14895.1 	0.205788  1  754.244  4482
O16 	14895.1 	0.242872  1  3168.13  1928
O16 	14895.1 	0.325798  1  3672.62  1385
O16 	14895.1 	0.252046  1  -1088.21  6398
O16 	14895.1 	0.573196  1  3488.52  1617
O16 	14895.1 	0.445863  1  2483.21  2523
O16 	14895.1 	0.276601  1  -357.557  5496
O16 	14895.1 	0.481044  1  2946.91  2232
O16 	14895.1 	0.244004  1  2086.61  3114
O16 	14895.1 	0.259904  1  -3614.73  9075
O16 	14895.1 	0.454567  1  1820.42  3260
O16 	14895.1 	0.232808  1  876.355  4321
O16 	14895.1 	0.19847  1  3154.67  1921
O16 	14895.1 	0.438663  1  -4637.05  9979
O16 	14895.1 	0.630302  1  4713.26  317
O16 	14895.1 	0.189739  1  -4635.65  10111
O16 	14895.1 	0.243165  1  2192.79  2925
O16 	14895.1 	0.75851  1  3489.39  1576
O16 	14895.1 	0.220011  1  1414.87  3685
O16 	14895.1 	0.347242  1  -3139.64  8454
O16 	14895.1 	0.21593  1  2965.4  2179
O16 	14895.1 	0.445141  1  -574.353  5847
O16 	14895.1 	0.504079  1  1836.5  3250
O16 	14895.1 	0.54144  1  -527.16  5875
O16 	14895.1 	0.384326  1  -4438.39  9955
O16 	14895.1 	0.194382  1  -78.1891  5264
O16 	14895.1 	0.195415  1  168.955  5171
O16 	14895.1 	0.188799  1  2831.78  2233
O16 	14895.1 	0.197192  1  -4242.95  9661
O16 	14895.1 	0.3118  1  -788.103  6114
O16 	14895.1 	0.190546  1  838.926  4322
O16 	14895.1 	1.10487  1  515.705  4722
O16 	14895.1 	0.251221  1  1960.14  3145
O16 	14895.1 	0.205131  1  -1743.87  7100
O16 	14895.1 	0.901516  1  -2477.26  8025
O16 	14895.1 	0.228075  1  -2462.7  7534
O16 	14895.1 	0.270887  1  -3544.29  8828
O16 	14895.1 	0.241345  1  933.525  4395
O16 	14895.1 	0.229632  1  1839.71  3280
O16 	14895.1 	0.190442  1  2348.51  2784
O16 	14895.1 	0.507736  1  -255.54  5496
O16 	14895.1 	0.206396  1  -464.753  5813
O16 	14895.1 	0.608323  1  4784.31  213
O16 	14895.1 	0.395319  1  3161.23  1895
O16 	14895.1 	0.35885  1  -4845.07  10221
O16 	14895.1 	0.53107  1  -2666.9  8069
O16 	14895.1 	0.286096  1  -4567.48  10028
O16 	14895.1 	0.222888  1  3236.51  1836
O16 	14895.1 	0.587217  1  -1641.53  6981
O16 	14895.1 	0.211884  1  3788.04  1226
O16 	14895.1 	0.5403  1  2353.07  2888
O16 	14895.1 	0.346399  1  -1544.46  6932
O16 	14895.1 	0.313733  1  1968.83  3147
O16 	14895.1 	0.302515  1  -2230.74  7589
O16 	14895.1 	0.378469  1  1543.98  3597
O16 	14895.1 	0.313509  1  -3736.03  9072
O16 	14895.1 	0.211817  1  2599.21  2564
O16 	14895.1 	0.348942  1  1110.04  4140
O16 	14895.1 	1.68671  1  1654.74  3496
O16 	14895.1 	0.189032  1  -4359.86  9799
O16 	14895.1 	0.270294  1  192.878  4964
O16 	14895.1 	0.451645  1  54.6345  5100
O16 	14895.1 	0.188285  1  1642.92  3384
O16 	14895.1 	0.376195  1  -156.543  5449
O16 	14895.1 	0.196767  1  3650.97  1336
O16 	14895.1 	0.227243  1  3041.25  2021
O16 	14895.1 	0.190958  1  3376.41  1707
O16 	14895.1 	0.204022  1  -3266.27  8551
O16 	14895.1 	1.94397  1  -2204.71  7477
O16 	14895.1 	0.495455  1  -2000.43  7352
O16 	14895.1 	1.24422  1  -659.607  5917
O16 	14895.1 	0.738352  1  -1545.94  6809
O16 	14895.1 	0.231259  1  4763.35  253
O16 	14895.1 	0.330572  1  1938.01  3190
O16 	14895.1 	0.352431  1  -1022.33  6328
O16 	14895.1 	0.386998  1  4726.42  255
O16 	14895.1 	0.549208  1  -1075.83  6488
O16 	14895.1 	0.691067  1  1875.9  3330
O16 	14895.1 	3.02323  1  2196.12  2851
O16 	14895.1 	0.444601  1  2232.09  2846
O16 	14895.1 	0.189584  1  -2956.63  8247
O16 	14895.1 	0.214093  1  -2727.9  8240
O16 	14895.1 	0.254006  1  -1402.53  6692
O16 	14895.1 	0.90727  1  4371.71  655
O16 	14895.1 	0.257832  1  -3369.14  8842
O16 	14895.1 	0.985421  1  1571.2  3539
O16 	14895.1 	0.274966  1  -1116.55  6460
O16 	14895.1 	0.451254  1  2923.56  2132
O16 	14895.1 	0.206361  1  -2095.14  7348
O16 	14895.1 	0.725082  1  -2380.66  7712
O16 	14895.1 	0.274481  1  -3135.87  8421
O16 	14895.1 	0.350324  1  -2153.81  7391
O16 	14895.1 	0.77468  1  4094.23  924
O16 	14895.1 	0.294173  1  -46.3393  5372
O16 	14895.1 	0.227724  1  -1947.56  7428
O16 	14895.1 	0.629766  1  -2331.84  7539
O16 	14895.1 	0.425046  1  -4669.3  10094
O16 	14895.1 	0.464423  1  -175.02  5466
O16 	14895.1 	0.497903  1  -2921.79  8304
O16 	14895.1 	0.259971  1  -2461.42  7774
O16 	14895.1 	0.710751  1  -375.876  5620
O16 	14895.1 	0.254785  1  -1744.71  6922
O16 	14895.1 	0.192266  1  1860.51  3265
O16 	14895.1 	0.229456  1  3893.73  1132
O16 	14895.1 	0.211747  1  3729.14  1302
O16 	14895.1 	0.285788  1  3528.91  1648
O16 	14895.1 	0.190086  1  2147.74  2952
O16 	14895.1 	0.344882  1  2074.99  3033
O16 	14895.1 	1.93335  1  763.084  4424
O16 	14895.1 	0.190355  1  -4823.18  10389
O16 	14895.1 	0.194396  1  -3777.39  9231
O16 	14895.1 	0.819831  1  -2421.42  7989
O16 	14895.1 	0.192343  1  210.47  4988
O16 	14895.1 	0.198357  1  1996.14  3172
O16 	14895.1 	0.300096  1  92.1839  5215
O16 	14895.1 	0.284896  1  1043.07  4269
O16 	14895.1 	0.368054  1  3897.59  1100
O16 	14895.1 	0.772507  1  3140.99  1985
O16 	14895.1 	0.213022  1  -181.281  5481
O16 	14895.1 	0.390724  1  -2694.18  8133
O16 	14895.1 	0.283593  1  133.225  5147
O16 	14895.1 	0.242991  1  451.675  4620
O16 	14895.1 	0.350368  1  -4167.43  9591
O16 	14895.1 	5.20862  1  3420.94  1675
O16 	14895.1 	0.463654  1  2604.54  2531
O16 	14895.1 	0.346013  1  2243.1  2892
O16 	14895.1 	0.542391  1  1760.57  3332
O16 	14895.1 	0.203325  1  153.228  5162
O16 	14895.1 	0.195385  1  -3282.95  8796
O16 	14895.1 	0.198085  1  2188.03  2980
O16 	14895.1 	0.31005  1  2771.44  2334
O16 	14895.1 	0.459419  1  -3599.97  8911
O16 	14895.1 	0.277105  1  4442.97  582
O16 	14895.1 	0.202736  1  3112.64  1991
O16 	14895.1 	3.04444  1  -1787.09  7233
O16 	14895.1 	0.268581  1  1449.52  3707
O16 	14895.1 	0.279121  1  1918.72  3178
O16 	14895.1 	0.292491  1  3684.87  1430
O16 	14895.1 	0.622193  1  2007.95  3129
O16 	14895.1 	0.305426  1  1460.32  3762
O16 	14895.1 	0.40573  1  3281.27  1759
O16 	14895.1 	0.694675  1  1291.53  3833
O16 	14895.1 	0.208828  1  -4982.56  10476
O16 	14895.1 	0.221479  1  267.882  4904
O16 	14895.1 	0.662698  1  -489.232  5749
O16 	14895.1 	0.216948  1  -8.88934  5155
O16 	14895.1 	0.625267  1  2076.05  3069
O16 	14895.1 	0.614632  1  -1128.19  6378
O16 	14895.1 	1.22496  1  2934.5  2098
O16 	14895.1 	0.265843  1  -4928.03  10467
O16 	14895.1 	0.330131  1  3669.54  1359
O16 	14895.1 	0.48683  1  2566.43  2544
O16 	14895.1 	0.582123  1  2875.9  2204
O16 	14895.1 	0.225757  1  3331.31  1700
O16 	14895.1 	0.319997  1  2469.24  2623
O16 	14895.1 	0.621111  1  -1050.44  6390
O16 	14895.1 	0.20432  1  298.098  4968
O16 	14895.1 	0.379384  1  -1409.58  6718
O16 	14895.1 	0.531881  1  4113.44  934
O16 	14895.1 	0.529187  1  3083.27  1918
O16 	14895.1 	0.223827  1  3148.47  1908
O16 	14895.1 	0.514632  1  -1491.73  6804
O16 	14895.1 	0.246027  1  167.891  5043
O16 	14895.1 	0.418984  1  975.079  4076
O16 	14895.1 	0.344444  1  4717.82  299
O16 	14895.1 	0.304275  1  -4290  9793
O16 	14895.1 	0.68896  1  -911.407  6315
O16 	14895.1 	0.244643  1  2609.2  2456
O16 	14895.1 	1.95552  1  2205.83  2993
O16 	14895.1 	0.974163  1  4678.42  323
O16 	14895.1 	1.10313  1  -3687.86  8988
O16 	14895.1 	0.188285  1  -4245.59  9503
O16 	14895.1 	0.563346  1  -4814.52  10301
O16 	14895.1 	0.297901  1  -1897.21  7286
O16 	14895.1 	0.213609  1  4054.84  959
O16 	14895.1 	1.29635  1  -1431.91  6687
O16 	14895.1 	0.315102  1  -2875.28  8292
O16 	14895.1 	0.524919  1  2879.94  2110
O16 	14895.1 	0.199133  1  -1823.85  7214
O16 	14895.1 	0.559644  1  3212.83  1909
O16 	14895.1 	0.380913  1  3358.43  1754
O16 	14895.1 	0.236465  1  2447.52  2714
O16 	14895.1 	2.30231  1  -582.526  5822
O16 	14895.1 	0.200862  1  -435.918  5689
O16 	14895.1 	0.232783  1  2417.83  2666
O16 	14895.1 	0.309588  1  1356.82  3783
O16 	14895.1 	0.36022  1  -79.924  5335
O16 	14895.1 	2.6642  1  372.851  4936
O16 	14895.1 	0.191042  1  1311.72  3819
O16 	14895.1 	2.56118  1  -4547.02  10014
O16 	14895.1 	0.443459  1  3983.5  1072
O16 	14895.1 	0.536379  1  -1085.46  6424
O16 	14895.1 	0.219821  1  154.332  5057
O16 	14895.1 	0.220332  1  1950.31  3295
O16 	14895.1 	0.944631  1  -1584.37  6916
O16 	14895.1 	0.246249  1  -2932.53  8263
O16 	14895.1 	0.189794  1  -3079.65  8540
O16 	14895.1 	0.673718  1  -789.274  6013
O16 	14895.1 	0.965818  1  -3161.34  8717
O16 	14895.1 	0.238367  1  479.003  4809
O16 	14895.1 	0.219831  1  1230.99  3989
O16 	14895.1 	0.396766  1  -411.141  5614
O16 	14895.1 	0.218369  1  942.099  4271
O16 	14895.1 	0.21195  1  -3690.12  9057
O16 	14895.1 	0.284263  1  -2761.99  7979
O16 	14895.1 	0.299271  1  2049.9  3081
O16 	14895.1 	5.71331  1  -3191.95  8623
O16 	14895.1 	0.391142  1  -2455.86  7690
O16 	14895.1 	0.208443  1  1859.41  3201
O16 	14895.1 	0.275532  1  137.011  5016
O16 	14895.1 	0.207261  1  2058.66  3092
O16 	14895.1 	1.45536  1  -1355.94  6597
O16 	14895.1 	0.403355  1  -4868.93  10251
O16 	14895.1 	1.25818  1  -3851.51  9363
O16 	14895.1 	0.384486  1  857.422  4273
O16 	14895.1 	0.294558  1  3357.59  1741
O16 	14895.1 	0.332691  1  4226.35  844
O16 	14895.1 	0.540596  1  -2199.8  7468
O16 	14895.1 	0.266078  1  -2715.06  8112
O16 	14895.1 	0.315996  1  -945.834  6117
O16 	14895.1 	0.271864  1  817.13  4287
O16 	14895.1 	0.260713  1  -4709.99  10042
O16 	14895.1 	0.313767  1  3772.04  1277
O16 	14895.1 	0.938222  1  2818.48  2224
O16 	14895.1 	0.673412  1  -4314.88  9813
O16 	14895.1 	0.189692  1  1310.89  3796
O16 	14895.1 	1.36628  1  4220.58  876
O16 	14895.1 	0.230685  1  -3400.52  8613
O16 	14895.1 	0.20429  1  -3694.9  9034
O16 	14895.1 	0.271339  1  328.704  4844
O16 	14895.1 	0.222366  1  4808.15  187
O16 	14895.1 	0.25657  1  -4208.98  9491
O16 	14895.1 	0.310974  1  2155.57  2950
O16 	14895.1 	1.82289  1  -3385.6  8746
O16 	14895.1 	0.897987  1  1990.8  3079
O16 	14895.1 	0.208605  1  2082.32  3101
O16 	14895.1 	0.309502  1  4267.66  770
O16 	14895.1 	0.302242  1  -2175.95  7501
O16 	14895.1 	0.407872  1  4527.08  503
O16 	14895.1 	0.207194  1  1856.41  3349
O16 	14895.1 	0.443357  1  2158.72  3025
O16 	14895.1 	0.398987  1  -3467.71  8945
O16 	14895.1 	0.401912  1  -366.675  5581
O16 	14895.1 	0.357596  1  -4053.17  9556
O16 	14895.1 	0.275742  1  2542.92  2510
O16 	14895.1 	0.308816  1  3664.86  1364
O16 	14895.1 	0.866224  1  748.441  4485
O16 	14895.1 	0.270043  1  -1218.56  6488
O16 	14895.1 	0.758234  1  -1427.27  6674
O16 	14895.1 	0.378277  1  4986.8  18
O16 	14895.1 	0.236616  1  -2912.18  8285
O16 	14895.1 	0.900516  1  1741.85  3423
O16 	14895.1 	0.461152  1  1657.14  3592
O16 	14895.1 	0.344164  1  3344.91  1695
O16 	14895.1 	0.258815  1  539.189  4782
O16 	14895.1 	0.1991  1  -441.454  5712
O16 	14895.1 	0.285907  1  2210.15  3019
O16 	14895.1 	0.428788  1  -3133.86  8620
O16 	14895.1 	0.253392  1  -3688.29  9048
O16 	14895.1 	0.211291  1  2269.6  2960
O16 	14895.1 	0.553827  1  -3907.98  9417
O16 	14895.1 	0.210792  1  2242.17  2921
O16 	14895.1 	0.235321  1  2855.47  2341
O16 	14895.1 	0.245588  1  3265.4  1822
O16 	14895.1 	0.241839  1  -1591.88  6956
O16 	14895.1 	0.313773  1  4122.92  941
O16 	14895.1 	0.35705  1  -1679.7  7021
O16 	14895.1 	0.549921  1  -909.375  6198
O16 	14895.1 	0.388318  1  -4844.12  10290
O16 	14895.1 	0.190388  1  2152.84  2961
O16 	14895.1 	0.216351  1  4207.69  766
O16 	14895.1 	0.203152  1  -1079.19  6197
O16 	14895.1 	0.213181  1  -4560.33  10074
O16 	14895.1 	0.410089  1  1615.31  3503
O16 	14895.1 	0.366888  1  1002.63  4163
O16 	14895.1 	1.45836  1  1279.7  3883
O16 	14895.1 	0.366954  1  -130.02  5422
O16 	14895.1 	0.628965  1  -3822.61  9399
O16 	14895.1 	0.218658  1  -4480.32  10105
O16 	14895.1 	0.286099  1  4867.4  143
O16 	14895.1 	0.464608  1  -3002.55  8517
O16 	14895.1 	0.217848  1  4713.35  310
O16 	14895.1 	0.229617  1  2798.07  2310
O16 	14895.1 	0.188491  1  -1317.55  6601
O16 	14895.1 	0.809419  1  1613.74  3539
O16 	14895.1 	0.232726  1  -4756.74  10287
O16 	14895.1 	0.523376  1  -4878.48  10370
O16 	14895.1 	0.485603  1  444.159  4650
O16 	14895.1 	0.302123  1  773.696  4443
O16 	14895.1 	0.28486  1  1210.84  3951
O16 	14895.1 	0.320042  1  -1198  6544
O16 	14895.1 	0.194993  1  1915.9  3289
O16 	14895.1 	2.50264  1  -4718.72  10065
O16 	14895.1 	0.624657  1  -3887.09  9446
O16 	14895.1 	0.281271  1  4872.46  132
O16 	14895.1 	0.415905  1  1068.65  4049
O16 	14895.1 	0.202673  1  489.349  4738
O16 	14895.1 	0.192557  1  -2033.19  7431
O16 	14895.1 	0.285056  1  -4948.05  10533
O16 	14895.1 	0.24992  1  2620.64  2510
O16 	14895.1 	0.386482  1  -4599.81  10076
O16 	14895.1 	0.461514  1  4680.43  320
O16 	14895.1 	0.77608  1  -366.848  5622
O16 	14895.1 	0.218649  1  2007.8  3156
O16 	14895.1 	0.218358  1  -578.558  5853
O16 	14895.1 	0.265887  1  2106.79  3003
O16 	14895.1 	0.285711  1  -2379.95  7839
O16 	14895.1 	0.245436  1  -1919.37  7321
O16 	14895.1 	0.625629  1  285.444  4983
O16 	14895.1 	0.303584  1  -1302.49  6571
O16 	14895.1 	0.679757  1  4567.84  426
O16 	14895.1 	0.23371  1  2889.98  2181
O16 	14895.1 	0.209904  1  -374.454  5601
O16 	14895.1 	0.521658  1  1640.89  3546
O16 	14895.1 	1.55539  1  -585.015  5799
O16 	14895.1 	0.964912  1  -1520.7  6937
O16 	14895.1 	0.2262  1  -2424.77  7880
O16 	14895.1 	0.330458  1  4615.44  387
O16 	14895.1 	0.299521  1  -981.2  6251
O16 	14895.1 	0.323814  1  3675.31  1354
O16 	14895.1 	0.263297  1  -437.626  5763
O16 	14895.1 	0.234084  1  683.636  4498
O16 	14895.1 	0.192069  1  -321.347  5543
O16 	14895.1 	0.442558  1  2312.1  2915
O16 	14895.1 	0.221773  1  -429.097  5570
O16 	14895.1 	0.285836  1  -2824.79  8381
O16 	14895.1 	0.585606  1  1882.17  3289
O16 	14895.1 	0.219958  1  2759.15  2341
O16 	14895.1 	0.240846  1  -581.996  5990
O16 	14895.1 	0.620251  1  51.5725  5157
O16 	14895.1 	0.392925  1  4196.61  850
O16 	14895.1 	0.272722  1  -3454.42  8825
O16 	14895.1 	0.357689  1  -742.151  5949
O16 	14895.1 	0.878951  1  -950.861  6300
O16 	14895.1 	0.608719  1  4661.84  322
O16 	14895.1 	0.267617  1  -2699.25  8088
O16 	14895.1 	0.22777  1  3576.1  1572
O16 	14895.1 	0.704835  1  2866.47  2119
O16 	14895.1 	1.30817  1  3145.98  1912
O16 	14895.1 	0.197565  1  -3005.11  8376
O16 	14895.1 	0.224081  1  2287.45  2743
O16 	14895.1 	0.259083  1  3701.27  1347
O16 	14895.1 	0.257776  1  3952.44  1058
O16 	14895.1 	0.651872  1  2431.5  2588
O16 	14895.1 	0.677441  1  4758.48  272
O16 	14895.1 	0.191561  1  3725.87  1324
O16 	14895.1 	0.225003  1  -4072.71  9385
O16 	14895.1 	0.767991  1  4263.64  773
O16 	14895.1 	0.711762  1  -1467.28  6894
O16 	14895.1 	0.531144  1  3286.77  1789
O16 	14895.1 	0.220425  1  -3763.96  9120
O16 	14895.1 	0.295438  1  -1412.27  6626
O16 	14895.1 	0.379615  1  308.864  4802
O16 	14895.1 	0.188654  1  -1045  6335
O16 	14895.1 	0.243863  1  2536.41  2584
O16 	14895.1 	0.387262  1  -3730.07  9096
O16 	14895.1 	0.280148  1  -4663  10191
O16 	14895.1 	0.395733  1  -1568.25  6896
O16 	14895.1 	0.258093  1  -861.815  6161
O16 	14895.1 	0.200214  1  -3581.18  8913
O16 	14895.1 	0.23924  1  3673.22  1346
O16 	14895.1 	0.654397  1  537.461  4674
O16 	14895.1 	0.24373  1  -449.217  5643
O16 	14895.1 	0.276801  1  -4426.84  9802
O16 	14895.1 	0.959031  1  -1108.96  6408
O16 	14895.1 	0.215595  1  1662.88  3488
O16 	14895.1 	0.860781  1  4865.27  144
O16 	14895.1 	0.911695  1  1528.39  3709
O16 	14895.1 	0.953701  1  -2299.89  7648
O16 	14895.1 	0.193065  1  -3332.42  8709
O16 	14895.1 	0.51688  1  706.885  4519
O16 	14895.1 	0.239858  1  -263.452  5635
O16 	14895.1 	2.00138  1  -604.929  5860
O16 	14895.1 	0.224005  1  1066.4  4165
O16 	14895.1 	0.352746  1  2865.17  2226
O16 	14895.1 	0.350005  1  -3867.92  9196
O16 	14895.1 	0.241971  1  2557.45  2593
O16 	14895.1 	0.223487  1  4129.36  946
O16 	14895.1 	0.407788  1  -546.309  5865
O16 	14895.1 	0.857789  1  3238.53  1876
O16 	14895.1 	0.390178  1  -4871.95  10404
O16 	14895.1 	0.45284  1  -1531.33  6795
O16 	14895.1 	0.241099  1  -2704.32  8088
O16 	14895.1 	0.492318  1  -2477.03  7879
O16 	14895.1 	0.19555  1  -1687.2  7024
O16 	14895.1 	0.229847  1  -570.667  5838
O16 	14895.1 	0.235674  1  -1772.54  7214
O16 	14895.1 	0.210559  1  -4351.91  10063
O16 	14895.1 	3.10844  1  -3449.02  8962
O16 	14895.1 	0.512832  1  -4611.7  10037
O16 	14895.1 	0.968785  1  -2193.58  7737
O16 	14895.1 	0.326561  1  -373.102  5601
O16 	14895.1 	0.360562  1  -805.562  6009
O16 	14895.1 	0.20747  1  771.659  4494
O16 	14895.1 	0.350717  1  -4281.7  9621
O16 	14895.1 	0.264246  1  -4898.24  10469
O16 	14895.1 	0.270656  1  1900.28  3127
O16 	14895.1 	0.877883  1  -1173.26  6412
O16 	14895.1 	0.345896  1  507.026  4681
O16 	14895.1 	0.863357  1  3066.32  2031
O16 	14895.1 	0.273486  1  464.907  4787
O16 	14895.1 	0.331147  1  -970.112  6134
O16 	14895.1 	0.21452  1  -231.95  5422
O16 	14895.1 	0.268491  1  -3558.86  8913
O16 	14895.1 	0.237487  1  2256.55  2865
O16 	14895.1 	0.324023  1  -3000.58  8244
O16 	14895.1 	0.307775  1  -1463.2  6778
O16 	14895.1 	2.13616  1  -4802.78  10342
O16 	14895.1 	0.299521  1  4768.57  241
O16 	14895.1 	0.191342  1  4204.94  807
O16 	14895.1 	0.190363  1  -3336.67  8638
O16 	14895.1 	0.285654  1  4695.79  306
O16 	14895.1 	0.20607  1  3159.53  1900
O16 	14895.1 	0.264265  1  -4738.14  10127
O16 	14895.1 	0.21528  1  864.835  4388
O16 	14895.1 	0.253973  1  2993.93  2012
O16 	14895.1 	0.28773  1  -2409.78  7763
O16 	14895.1 	0.192188  1  -1918.52  7265
O16 	14895.1 	0.59733  1  -2046.15  7440
O16 	14895.1 	0.408328  1  3083.86  2039
O16 	14895.1 	0.244588  1  -3355.43  8608
O16 	14895.1 	0.271857  1  -31.2953  5312
O16 	14895.1 	0.205041  1  -4706.49  10012
O16 	14895.1 	0.226824  1  4229.26  798
O16 	14895.1 	0.216078  1  3978.95  1027
O16 	14895.1 	0.234479  1  -1929.82  7231
O16 	14895.1 	0.21684  1  4083.65  956
O16 	14895.1 	0.422413  1  1600.62  3466
O16 	14895.1 	0.198488  1  -4376.61  9788
O16 	14895.1 	0.191607  1  -4890.68  10358
O16 	14895.1 	0.991683  1  4352.2  664
O16 	14895.1 	1.04071  1  2047.48  3137
O16 	14895.1 	0.366413  1  2981.47  2089
O16 	14895.1 	0.617185  1  93.1327  5054
O16 	14895.1 	0.28129  1  -1205.82  6432
O16 	14895.1 	0.216196  1  2557.17  2612
O16 	14895.1 	3.21452  1  4705.69  309
O16 	14895.1 	0.282821  1  -2722.64  8019
O16 	14895.1 	0.235352  1  4775.01  210
O16 	14895.1 	0.205229  1  1957.32  3181
O16 	14895.1 	0.287066  1  -4606.12  9974
O16 	14895.1 	0.284884  1  1442.82  3720
O16 	14895.1 	0.252553  1  678.118  4532
O16 	14895.1 	0.338579  1  646.167  4644
O16 	14895.1 	0.257012  1  1210.92  3892
O16 	14895.1 	0.35267  1  -843.432  6220
O16 	14895.1 	0.405919  1  2373.17  2816
O16 	14895.1 	0.191289  1  3476.79  1575
O16 	14895.1 	0.244014  1  2051  3118
O16 	14895.1 	0.198423  1  -315.609  5498
O16 	14895.1 	0.554008  1  2116.64  2902
O16 	14895.1 	0.211913  1  335.084  4972
O16 	14895.1 	0.239586  1  -840.214  6321
O16 	14895.1 	0.47362  1  -4319.21  9683
O16 	14895.1 	0.391965  1  -4463.91  9847
O16 	14895.1 	0.410034  1  1172.7  3975
O16 	14895.1 	0.391893  1  -4653.41  10118
O16 	14895.1 	0.20558  1  4085.72  933
O16 	14895.1 	0.340522  1  -4434.37  9914
O16 	14895.1 	0.419088  1  -3687.07  9127
O16 	14895.1 	6.29144  1  -4459.23  10057
O16 	14895.1 	0.988209  1  2908.46  2206
O16 	14895.1 	0.446722  1  -1424.96  6732
O16 	14895.1 	0.190479  1  -1512.85  6812
O16 	14895.1 	0.694351  1  -2809.51  8278
O16 	14895.1 	1.92757  1  -3787.74  9285
O16 	14895.1 	0.974761  1  -4394.42  9927
O16 	14895.1 	0.439345  1  -1922.56  7227
O16 	14895.1 	0.439738  1  4585.46  430
O16 	14895.1 	0.491529  1  -2444.94  7731
O16 	14895.1 	0.232984  1  -3145.89  8604
O16 	14895.1 	1.39662  1  -4215.95  9756
O16 	14895.1 	0.275342  1  -3029.11  8348
O16 	14895.1 	0.362794  1  -3979.19  9254
O16 	14895.1 	0.306013  1  -1197.14  6534
O16 	14895.1 	0.258678  1  4184.41  810
O16 	14895.1 	0.276282  1  2654.87  2466
O16 	14895.1 	0.396562  1  -3448.77  8862
O16 	14895.1 	0.32804  1  -3768.15  9077
O16 	14895.1 	0.234768  1  -4427.87  9995
O16 	14895.1 	0.194756  1  -1372.52  6697
O16 	14895.1 	0.244543  1  -224.541  5330
O16 	14895.1 	0.373651  1  -2610.57  7980
O16 	14895.1 	0.341433  1  2914.13  2209
O16 	14895.1 	0.224505  1  960.146  4348
O16 	14895.1 	0.255109  1  -68.6256  5353
O16 	14895.1 	0.441143  1  -3637.71  9053
O16 	14895.1 	0.96512  1  -735.088  5928
O16 	14895.1 	0.227662  1  -3447.45  8728
O16 	14895.1 	0.219535  1  -4185.24  9749
O16 	14895.1 	0.473053  1  3776.37  1308
O16 	14895.1 	0.614454  1  1616.33  3529
O16 	14895.1 	0.420117  1  2692.59  2456
O16 	14895.1 	0.52974  1  1769.56  3398
O16 	14895.1 	0.206692  1  1160.07  3937
O16 	14895.1 	3.03423  1  -2219.39  7668
O16 	14895.1 	0.220897  1  831.778  4427
O16 	14895.1 	0.658446  1  -4605.91  10113
O16 	14895.1 	1.31712  1  -2073.27  7380
O16 	14895.1 	0.782529  1  -1974.22  7260
O16 	14895.1 	0.288029  1  -1655.81  6950
O16 	14895.1 	0.241894  1  -1090.12  6454
O16 	14895.1 	0.205984  1  1890.89  3295
O16 	14895.1 	1.53781  1  4609.35  430
O16 	14895.1 	0.287769  1  2956.9  2062
O16 	14895.1 	0.189835  1  931.857  4333
O16 	14895.1 	0.209291  1  4525.45  492
O16 	14895.1 	1.30098  1  -1449.52  6710
O16 	14895.1 	2.27362  1  -467.022  5751
O16 	14895.1 	0.263352  1  -3558.6  8951
O16 	14895.1 	0.32722  1  -378.891  5655
O16 	14895.1 	0.258564  1  2636.3  2503
O16 	14895.1 	0.221039  1  2856.78  2286
O16 	14895.1 	0.474103  1  1884.24  3294
O16 	14895.1 	0.469654  1  -2546.1  7836
O16 	14895.1 	0.367268  1  -2872.84  8221
O16 	14895.1 	0.324645  1  4619.07  405
O16 	14895.1 	0.201743  1  -2860.75  8182
O16 	14895.1 	0.503649  1  2549.01  2610
O16 	14895.1 	0.246332  1  -2546.47  7971
O16 	14895.1 	0.470653  1  946.313  4179
O16 	14895.1 	0.333303  1  -974.926  6277
O16 	14895.1 	0.3414  1  4421.06  618
O16 	14895.1 	0.188325  1  -3521.54  9081
O16 	14895.1 	0.551211  1  199.646  5033
O16 	14895.1 	0.247274  1  365.762  4982
O16 	14895.1 	0.294455  1  -1425.37  6610
O16 	14895.1 	0.933585  1  -3425.36  8803
O16 	14895.1 	2.37159  1  -778.037  6064
O16 	14895.1 	0.322164  1  3583.57  1466
O16 	14895.1 	0.214952  1  -3978.32  9385
O16 	14895.1 	1.06815  1  2410.21  2660
O16 	14895.1 	0.364749  1  1707.18  3559
O16 	14895.1 	0.37184  1  632.12  4532
O16 	14895.1 	1.43962  1  3413.15  1633
O16 	14895.1 	0.468044  1  -1484.52  6838
O16 	14895.1 	0.226307  1  519.157  4797
O16 	14895.1 	0.264571  1  403.283  4865
O16 	14895.1 	0.22226  1  2894.36  2103
O16 	14895.1 	0.211299  1  -4021.38  9437
O16 	14895.1 	0.702057  1  3132.5  1916
O16 	14895.1 	0.346968  1  3198.31  1924
O16 	14895.1 	0.202766  1  -2440.75  7777
O16 	14895.1 	0.792001  1  3048.08  2116
O16 	14895.1 	0.201702  1  -3802.78  9254
O16 	14895.1 	0.226946  1  -397.226  5694
O16 	14895.1 	0.275961  1  2525.67  2570
O16 	14895.1 	0.188464  1  -3184.17  8560
O16 	14895.1 	0.250448  1  -2213.28  7502
O16 	14895.1 	0.33034  1  -2401.33  7703
O16 	14895.1 	0.221398  1  -3912.91  9266
O16 	14895.1 	4.61441  1  -2748.79  8156
O16 	14895.1 	0.224987  1  -32.228  5272
O16 	14895.1 	0.352274  1  -2630.72  7864
O16 	14895.1 	0.569  1  -2687.04  8074
O16 	14895.1 	0.205265  1  793.67  4391
O16 	14895.1 	0.337984  1  3335.01  1748
O16 	14895.1 	0.205231  1  4526.54  516
O16 	14895.1 	0.559459  1  -2642.34  8043
O16 	14895.1 	1.77851  1  -2922.99  8273
O16 	14895.1 	0.694272  1  -1233.16  6549
O16 	14895.1 	0.282954  1  -980.293  6280
O16 	14895.1 	0.617161  1  -1256.74  6578
O16 	14895.1 	0.294695  1  2960.35  2168
O16 	14895.1 	0.256069  1  -4181.15  9668
O16 	14895.1 	0.308924  1  3034.39  2082
O16 	14895.1 	0.199993  1  3433.9  1593
O16 	14895.1 	0.20803  1  1402.35  3727
O16 	14895.1 	0.306379  1  3340.87  1713
O16 	14895.1 	0.60489  1  -1441.43  6721
O16 	14895.1 	0.488738  1  -4551.5  10067
O16 	14895.1 	0.272732  1  2246.87  2823
O16 	14895.1 	0.209017  1  -4995.8  10463
O16 	14895.1 	0.315073  1  4240.25  785
O16 	14895.1 	0.301352  1  2861.33  2234
O16 	14895.1 	0.289782  1  -202.193  5373
O16 	14895.1 	0.229113  1  1450.4  3579
O16 	14895.1 	0.206186  1  4106.28  978
O16 	14895.1 	0.198614  1  3905.68  1164
O16 	14895.1 	0.188851  1  -2361.89  7592
O16 	14895.1 	0.531972  1  3644.51  1445
O16 	14895.1 	0.247757  1  -3971.61  9560
O16 	14895.1 	1.47688  1  -739.992  6037
O16 	14895.1 	1.48332  1  -605.516  5964
O16 	14895.1 	0.211238  1  -2081.06  7396
O16 	14895.1 	0.20681  1  -2205.96  7646
O16 	14895.1 	0.237434  1  2510.18  2647
O16 	14895.1 	0.47639  1  -3323.73  8864
O16 	14895.1 	0.253806  1  -807.728  6006
O16 	14895.1 	0.51923  1  -4321.35  9788
O16 	14895.1 	0.595421  1  -3608.45  9091
O16 	14895.1 	0.581058  1  3305.07  1774
O16 	14895.1 	0.303892  1  2738.46  2306
O16 	14895.1 	1.80318  1  2035.62  3034
O16 	14895.1 	0.593096  1  -139.332  5294
O16 	14895.1 	0.268207  1  3707.14  1362
O16 	14895.1 	0.357463  1  2366.63  2836
O16 	14895.1 	0.572983  1  2557.27  2576
O16 	14895.1 	0.31  1  -4247.23  9579
O16 	14895.1 	0.216819  1  3167.9  1946
O16 	14895.1 	0.376396  1  -2801.5  8103
O16 	14895.1 	0.708747  1  593.451  4674
O16 	14895.1 	0.266058  1  -772.117  6047
O16 	14895.1 	0.234411  1  -3977.44  9433
O16 	14895.1 	0.400576  1  1752.15  3427
O16 	14895.1 	0.818718  1  827.987  4227
O16 	14895.1 	0.43459  1  -2171.68  7679
O16 	14895.1 	0.239001  1  1265.72  3922
O16 	14895.1 	0.192057  1  -324.773  5534
O16 	14895.1 	0.226299  1  -1940.12  7220
O16 	14895.1 	0.801497  1  4493.77  515
O16 	14895.1 	0.937633  1  -4025.05  9394
O16 	14895.1 	3.05541  1  4133.56  922
O16 	14895.1 	0.284743  1  -3811.11  9271
O16 	14895.1 	0.733397  1  4227.4  815
O16 	14895.1 	0.310489  1  -1908.4  7203
O16 	14895.1 	0.216585  1  -1509.78  6721
O16 	14895.1 	0.352311  1  2730.66  2400
O16 	14895.1 	0.300633  1  -2985.55  8197
O16 	14895.1 	1.20819  1  -3690.08  8947
O16 	14895.1 	0.218089  1  1779.98  3347
O16 	14895.1 	0.376858  1  -745.742  6051
O16 	14895.1 	0.488272  1  -2681.69  7939
O16 	14895.1 	0.245268  1  3333.71  1740
O16 	14895.1 	0.30952  1  -2305.99  7628
O16 	14895.1 	0.363682  1  -4944.39  10516
O16 	14895.1 	0.3519  1  -337.36  5745
O16 	14895.1 	0.287593  1  -4713.1  10183
O16 	14895.1 	0.264808  1  3179.6  2022
O16 	14895.1 	0.332949  1  -686.857  6108
O16 	14895.1 	0.386606  1  4020.92  1009
O16 	14895.1 	0.234064  1  2106.84  3009
O16 	14895.1 	0.221018  1  -1903.64  7303
O16 	14895.1 	0.217481  1  -3202.13  8670
O16 	14895.1 	0.270019  1  3535.54  1528
O16 	14895.1 	0.316144  1  2632.02  2520
O16 	14895.1 	12.278  1  -2258.25  7616
O16 	14895.1 	0.497825  1  -3176.58  8511
O16 	14895.1 	1.4684  1  2883.26  2237
O16 	14895.1 	0.302264  1  -2904.44  8137
O16 	14895.1 	0.243762  1  3795.73  1247
O16 	14895.1 	0.196315  1  -2199.05  7462
O16 	14895.1 	0.205577  1  93.8509  5162
O16 	14895.1 	0.188763  1  -2837.21  8082
O16 	14895.1 	0.379121  1  3801.2  1271
O16 	14895.1 	0.26912  1  3302.56  1770
O16 	14895.1 	0.193777  1  -1416.22  6859
O16 	14895.1 	1.30891  1  -1197.96  6532
O16 	14895.1 	0.444621  1  -507.039  5860
O16 	14895.1 	1.79505  1  1208.91  3930
O16 	14895.1 	0.222113  1  -368.239  5518
O16 	14895.1 	0.534441  1  3758.21  1290
O16 	14895.1 	2.27392  1  2500.66  2642
O16 	14895.1 	0.385154  1  893.514  4251
O16 	14895.1 	0.206216  1  -889.263  6173
O16 	14895.1 	0.226355  1  -2984.17  8306
O16 	14895.1 	0.749811  1  2465.86  2612
O16 	14895.1 	7.54987  1  -243.052  5523
O16 	14895.1 	0.208052  1  -4995.26  10381
O16 	14895.1 	0.263213  1  1710.07  3495
O16 	14895.1 	0.879495  1  -3517.34  8906
O16 	14895.1 	0.190951  1  -1893.15  7116
O16 	14895.1 	0.259146  1  -3020.74  8378
O16 	14895.1 	0.223227  1  320.617  4907
O16 	14895.1 	0.571613  1  3806.11  1223
O16 	14895.1 	0.644853  1  -487.414  5852
O16 	14895.1 	0.427974  1  2512.77  2614
O16 	14895.1 	0.694113  1  -1627.49  7149
O16 	14895.1 	0.367314  1  -4881.38  10598
O16 	14895.1 	0.268067  1  3250.24  1784
O16 	14895.1 	0.32423  1  2290.99  2873
O16 	14895.1 	0.313928  1  -2341.46  7746
O16 	14895.1 	0.65088  1  1734.51  3441
O16 	14895.1 	0.225252  1  -2750.14  8207
O16 	14895.1 	0.479822  1  -1261.6  6636
O16 	14895.1 	0.697978  1  -1746.63  7111
O16 	14895.1 	0.303382  1  3113.89  2031
O16 	14895.1 	0.588709  1  -4539.99  9973
O16 	14895.1 	1.47728  1  -4597.37  9947
O16 	14895.1 	0.223715  1  4206.25  835
O16 	14895.1 	0.225257  1  -2829.16  8208
O16 	14895.1 	0.250774  1  -2620  7996
O16 	14895.1 	0.335819  1  4971.13  30
O16 	14895.1 	0.381658  1  3064.85  2047
O16 	14895.1 	0.779064  1  2547.01  2555
O16 	14895.1 	0.608906  1  -672.924  6041
O16 	14895.1 	0.192849  1  -4943.5  10404
O16 	14895.1 	0.319162  1  -536.43  5898
O16 	14895.1 	0.452225  1  -2613.63  7949
O16 	14895.1 	0.38396  1  1242.67  3961
O16 	14895.1 	0.282403  1  -2377.32  7646
O16 	14895.1 	1.06921  1  937.643  4220
O16 	14895.1 	0.255217  1  4177.6  892
O16 	14895.1 	0.25236  1  -3524.11  8948
O16 	14895.1 	0.363293  1  -3702.71  9220
O16 	14895.1 	0.907475  1  -2323.77  7632
O16 	14895.1 	0.335059  1  -2870.92  8255
O16 	14895.1 	0.204465  1  -764.244  5995
O16 	14895.1 	0.447248  1  1233.08  3951
O16 	14895.1 	0.431085  1  -913.496  6052
O16 	14895.1 	0.196315  1  -4383.43  9783
O16 	14895.1 	0.224106  1  476.51  4792
O16 	14895.1 	3.14856  1  405.41  4784
O16 	14895.1 	0.524949  1  -3423  9025
O16 	14895.1 	0.244468  1  -3728.9  9034
O16 	14895.1 	0.270289  1  3139.2  1950
O16 	14895.1 	0.433623  1  -4596.38  9989
O16 	14895.1 	0.252776  1  -3696.57  9086
O16 	14895.1 	0.276552  1  4141.79  875
O16 	14895.1 	0.28553  1  -993.41  6289
O16 	14895.1 	0.189129  1  792.928  4460
O16 	14895.1 	0.245781  1  -4590.57  9970
O16 	14895.1 	0.514747  1  2727.37  2329
O16 	14895.1 	0.24791  1  229.201  4922
O16 	14895.1 	0.38891  1  -4141.92  9628
O16 	14895.1 	0.527542  1  3911.33  1121
O16 	14895.1 	0.253557  1  -3723.08  9134
O16 	14895.1 	0.352812  1  1208.07  4105
O16 	14895.1 	0.364286  1  -133.709  5446
O16 	14895.1 	0.359431  1  -2831.51  8241
O16 	14895.1 	0.788432  1  2655.44  2371
O16 	14895.1 	0.30097  1  -2400.65  7749
O16 	14895.1 	0.397818  1  1338.28  3834
O16 	14895.1 	0.733996  1  -285.063  5478
O16 	14895.1 	0.994918  1  -48.9464  5188
O16 	14895.1 	0.251575  1  -1853.83  7095
O16 	14895.1 	0.392428  1  -2225.18  7606
O16 	14895.1 	1.04045  1  -3614.85  9182
O16 	14895.1 	0.190277  1  -1782.93  7051
O16 	14895.1 	0.714766  1  4134.96  934
O16 	14895.1 	0.309148  1  280.458  4889
O16 	14895.1 	0.221659  1  -1032.02  6401
O16 	14895.1 	0.506931  1  -3624.45  8879
O16 	14895.1 	0.28387  1  929.082  4290
O16 	14895.1 	1.43294  1  -2212.56  7673
O16 	14895.1 	0.693164  1  4170.32  870
O16 	14895.1 	0.428252  1  4433.91  560
O16 	14895.1 	0.244746  1  -948.828  6267
O16 	14895.1 	0.637973  1  -4233.81  9575
O16 	14895.1 	0.318279  1  3320.93  1779
O16 	14895.1 	0.357538  1  874.405  4282
O16 	14895.1 	1.79736  1  -104.616  5413
O16 	14895.1 	0.218847  1  2085.5  3108
O16 	14895.1 	0.204038  1  229.142  4975
O16 	14895.1 	1.21848  1  3143.36  2033
O16 	14895.1 	0.280765  1  4771.09  243
O16 	14895.1 	0.312368  1  -271.522  5566
O16 	14895.1 	0.746606  1  171.746  5078
O16 	14895.1 	0.310469  1  -1730.16  7065
O16 	14895.1 	1.40515  1  -448.429  5608
O16 	14895.1 	0.212507  1  -1682.35  6815
O16 	14895.1 	0.659512  1  -2507  7777
O16 	14895.1 	0.249471  1  -910.281  6279
O16 	14895.1 	0.21238  1  -4155.01  9530
O16 	14895.1 	0.235309  1  639.911  4604
O16 	14895.1 	0.295093  1  -787.528  6155
O16 	14895.1 	0.776033  1  -3282.5  8721
O16 	14895.1 	0.252943  1  4206.11  811
O16 	14895.1 	0.297298  1  4230.02  804
O16 	14895.1 	0.32597  1  -1456.49  6759
O16 	14895.1 	0.198462  1  2805.46  2419
O16 	14895.1 	0.919872  1  220.287  5095
O16 	14895.1 	0.778652  1  1899.66  3239
O16 	14895.1 	0.320115  1  2451.44  2618
O16 	14895.1 	0.202983  1  -3496.61  8896
O16 	14895.1 	0.197673  1  2979.1  2042
O16 	14895.1 	0.299985  1  2275.66  2929
O16 	14895.1 	1.28345  1  -3896.3  9207
O16 	14895.1 	0.315414  1  -2655.16  7923
O16 	14895.1 	8.495  1  1901.55  3154
O16 	14895.1 	0.332284  1  2846.61  2191
O16 	14895.1 	0.275498  1  3736.71  1275
O16 	14895.1 	0.269445  1  -170.05  5490
O16 	14895.1 	0.210461  1  -1106.27  6402
O16 	14895.1 	0.282238  1  -704.723  6008
O16 	14895.1 	0.189373  1  -99.2858  5398
O16 	14895.1 	0.203637  1  1045.56  4170
O16 	14895.1 	0.570329  1  -618.118  6022
O16 	14895.1 	0.650342  1  -4163.81  9623
O16 	14895.1 	0.241215  1  4455.04  567
O16 	14895.1 	0.52865  1  -3987.59  9498
O16 	14895.1 	0.48266  1  -4517.29  9942
O16 	14895.1 	0.411722  1  -3262.64  8665
O16 	14895.1 	0.191168  1  -2808.77  8201
O16 	14895.1 	0.195535  1  -4230.16  9587
O16 	14895.1 	1.07826  1  -1954.27  7459
O16 	14895.1 	0.213169  1  3302.15  1810
O16 	14895.1 	0.245983  1  -2538.68  8005
O16 	14895.1 	0.79106  1  -3156.21  8655
O16 	14895.1 	0.322334  1  -199.813  5503
O16 	14895.1 	0.428906  1  377.78  5006
O16 	14895.1 	0.266018  1  3712.12  1375
O16 	14895.1 	0.421398  1  3263.61  1781
O16 	14895.1 	0.307631  1  -4573.61  10038
O16 	14895.1 	0.381251  1  2085.74  2976
O16 	14895.1 	0.63538  1  1997.76  3114
O16 	14895.1 	0.470223  1  2270.65  2793
O16 	14895.1 	0.320114  1  -1077.96  6418
O16 	14895.1 	0.409557  1  -729.449  6231
O16 	14895.1 	0.400544  1  -4862.14  10488
O16 	14895.1 	0.218606  1  -2013.65  7409
O16 	14895.1 	0.343354  1  -1235.61  6446
O16 	14895.1 	0.223472  1  1966.27  3164
O16 	14895.1 	0.732146  1  -53.2726  5249
O16 	14895.1 	0.410635  1  3203.78  1941
O16 	14895.1 	0.564132  1  -525.079  5805
O16 	14895.1 	0.221736  1  2306.24  2954
O16 	14895.1 	0.290096  1  4842.92  154
O16 	14895.1 	0.294198  1  691.406  4427
O16 	14895.1 	0.29327  1  -2445.04  7681
O16 	14895.1 	0.258945  1  -4772.14  10258
O16 	14895.1 	0.367881  1  300.494  4955
O16 	14895.1 	0.243159  1  -4752.52  10351
O16 	14895.1 	0.193462  1  2484.17  2564
O16 	14895.1 	0.21385  1  -696  5940
O16 	14895.1 	1.95711  1  4920.91  77
O16 	14895.1 	0.227668  1  -1343.77  6875
O16 	14895.1 	0.211641  1  -4209.07  9532
O16 	14895.1 	0.19722  1  3089.21  1996
O16 	14895.1 	0.343545  1  -427.466  5866
O16 	14895.1 	0.224995  1  -3835.75  9284
O16 	14895.1 	0.596513  1  2127.97  3078
O16 	14895.1 	0.36944  1  -2471.81  7786
O16 	14895.1 	0.214851  1  -4515.69  9959
O16 	14895.1 	0.254624  1  -371.198  5670
O16 	14895.1 	0.233574  1  1662.69  3564
O16 	14895.1 	0.210881  1  4363.72  686
O16 	14895.1 	0.388485  1  3519.36  1563
O16 	14895.1 	0.485939  1  358.034  5005
O16 	14895.1 	0.189357  1  1595.73  3508
O16 	14895.1 	0.250831  1  2856.62  2125
O16 	14895.1 	0.28198  1  3208.87  1876
O16 	14895.1 	0.569635  1  -2262.8  7596
O16 	14895.1 	1.24494  1  -1841.77  7208
O16 	14895.1 	0.20562  1  3440.91  1656
O16 	14895.1 	0.427017  1  -4499.94  10001
O16 	14895.1 	0.259619  1  -4474.27  9741
O16 	14895.1 	0.221071  1  -4180.6  9637
O16 	14895.1 	0.589676  1  -109.293  5330
O16 	14895.1 	0.711553  1  -245.325  5494
O16 	14895.1 	0.28268  1  -602.756  5744
O16 	14895.1 	0.430156  1  4585.19  471
O16 	14895.1 	0.490593  1  1032.5  4140
O16 	14895.1 	1.30591  1  -197.038  5471
O16 	14895.1 	0.37444  1  -2183.63  7573
O16 	14895.1 	0.840402  1  1514.1  3651
O16 	14895.1 	0.214222  1  -2144.77  7406
O16 	14895.1 	0.377378  1  -2610.83  7939
O16 	14895.1 	0.365679  1  4502.48  471
O16 	14895.1 	0.240894  1  4755.77  248
O16 	14895.1 	0.793121  1  -1180.92  6350
O16 	14895.1 	0.335018  1  -4753  10255
O16 	14895.1 	0.269736  1  2681.18  2380
O16 	14895.1 	0.2068  1  4871.74  128
O16 	14895.1 	0.334901  1  -253.386  5469
O16 	14895.1 	0.803929  1  881.925  4243
O16 	14895.1 	0.567606  1  -1087.71  6342
O16 	14895.1 	0.886053  1  -234.644  5452
O16 	14895.1 	1.4701  1  -4661.69  10254
O16 	14895.1 	0.395221  1  -1258.65  6649
O16 	14895.1 	0.382541  1  -4133.48  9644
O16 	14895.1 	3.12763  1  -4683.25  10195
O16 	14895.1 	0.226031  1  -1776.35  7070
O16 	14895.1 	0.224425  1  3667.83  1367
O16 	14895.1 	0.206778  1  -3569  9063
O16 	14895.1 	2.41168  1  916.553  4264
O16 	14895.1 	0.205876  1  -1830.24  7166
O16 	14895.1 	0.206492  1  4571.01  432
O16 	14895.1 	0.439966  1  3987.88  1041
O16 	14895.1 	0.202606  1  4034  989
O16 	14895.1 	0.197998  1  -1016  6293
O16 	14895.1 	0.226631  1  -2505.8  7985
O16 	14895.1 	0.632972  1  -3456.74  8802
O16 	14895.1 	0.375066  1  528.481  4778
O16 	14895.1 	0.561031  1  -2219.35  7607
O16 	14895.1 	0.20659  1  -2055.42  7582
O16 	14895.1 	0.690236  1  1563.73  3554
O16 	14895.1 	0.296715  1  2889.81  2182
O16 	14895.1 	0.26423  1  233.105  5064
O16 	14895.1 	0.589606  1  -1136.39  6312
O16 	14895.1 	0.190038  1  3206.39  1913
O16 	14895.1 	0.680407  1  -2631.85  7901
O16 	14895.1 	6.41037  1  1138.74  4069
O16 	14895.1 	0.320537  1  210.642  4932
O16 	14895.1 	0.211095  1  2203.28  3001
O16 	14895.1 	1.16077  1  4949.82  64
O16 	14895.1 	0.421949  1  4244.65  773
O16 	14895.1 	0.296212  1  -2142.99  7463
O16 	14895.1 	0.195317  1  -208.093  5507
O16 	14895.1 	0.246665  1  -920.088  6242
O16 	14895.1 	0.256224  1  2189.35  2979
O16 	14895.1 	0.300179  1  -3498.15  8844
O16 	14895.1 	2.49647  1  -3738.36  9292
O16 	14895.1 	0.200142  1  -4561.63  9985
O16 	14895.1 	0.256271  1  1225.6  3883
O16 	14895.1 	0.371411  1  -3605.47  8950
O16 	14895.1 	0.271205  1  -2447.91  7869
O16 	14895.1 	0.220017  1  3188.28  1856
O16 	14895.1 	0.413044  1  -1337.41  6691
O16 	14895.1 	0.247828  1  -4085.24  9511
O16 	14895.1 	0.428989  1  1708.53  3474
O16 	14895.1 	0.189162  1  -2461.11  7873
O16 	14895.1 	0.276961  1  -1482.47  6847
O16 	14895.1 	0.540146  1  0.238718  5290
O16 	14895.1 	0.506185  1  -2356.22  7737
O16 	14895.1 	0.693537  1  3703.79  1346
O16 	14895.1 	0.437777  1  -3114.29  8381
