O16 	14895.1 	0.878126  1  -1116.76  6420
O16 	14895.1 	0.214511  1  -1641.92  6863
O16 	14895.1 	0.414612  1  -1189.65  6494
O16 	14895.1 	0.964578  1  -602.61  5878
O16 	14895.1 	0.190424  1  971.185  4301
O16 	14895.1 	0.600073  1  -1713.15  7002
O16 	14895.1 	0.195348  1  1525.66  3695
O16 	14895.1 	2.91165  1  -4542.16  10309
O16 	14895.1 	0.316339  1  -4443.53  9837
O16 	14895.1 	8.25022  1  2208.7  2982
O16 	14895.1 	0.292847  1  2799.92  2382
O16 	14895.1 	0.217774  1  -938.488  6300
O16 	14895.1 	0.46704  1  -1046.3  6285
O16 	14895.1 	0.320823  1  3381.41  1702
O16 	14895.1 	0.394148  1  2122.02  3079
O16 	14895.1 	0.343645  1  -288.169  5501
O16 	14895.1 	0.222045  1  4069.98  1009
O16 	14895.1 	0.240829  1  399.836  4819
O16 	14895.1 	0.881937  1  -694.91  5969
O16 	14895.1 	0.263161  1  1139.37  3984
O16 	14895.1 	0.321612  1  3358.97  1754
O16 	14895.1 	0.491265  1  -2838.16  8090
O16 	14895.1 	0.21414  1  -91.5456  5349
O16 	14895.1 	0.224617  1  141.081  4971
O16 	14895.1 	0.192189  1  1862.9  3378
O16 	14895.1 	0.26716  1  1180.06  4023
O16 	14895.1 	0.241101  1  -2051.1  7449
O16 	14895.1 	0.217571  1  -4002.42  9434
O16 	14895.1 	0.500163  1  703.888  4628
O16 	14895.1 	0.195788  1  -1781.96  7134
O16 	14895.1 	0.785139  1  4707.1  332
O16 	14895.1 	3.79915  1  -1170.98  6400
O16 	14895.1 	0.219303  1  128.904  5120
O16 	14895.1 	0.291305  1  -4473.58  9962
O16 	14895.1 	0.220916  1  -763.998  6095
O16 	14895.1 	0.418782  1  792.344  4550
O16 	14895.1 	0.34415  1  4197.32  831
O16 	14895.1 	0.193726  1  4207.34  805
O16 	14895.1 	0.649432  1  -3520.99  8945
O16 	14895.1 	0.205763  1  4495.49  591
O16 	14895.1 	0.248798  1  3152.66  1937
O16 	14895.1 	1.01519  1  1837.71  3306
O16 	14895.1 	0.672867  1  376.437  4790
O16 	14895.1 	0.3321  1  -4641.42  10162
O16 	14895.1 	0.444291  1  -2548.79  7981
O16 	14895.1 	0.334463  1  1353.47  3838
O16 	14895.1 	0.219971  1  -172.208  5540
O16 	14895.1 	0.524077  1  3825.48  1226
O16 	14895.1 	0.449011  1  4349.21  693
O16 	14895.1 	0.840356  1  2519.46  2592
O16 	14895.1 	0.20731  1  4110.74  949
O16 	14895.1 	1.48744  1  -1371.07  6761
O16 	14895.1 	0.390171  1  -2107.29  7591
O16 	14895.1 	0.257207  1  3074.74  1994
O16 	14895.1 	0.31156  1  264.827  5003
O16 	14895.1 	0.341415  1  -3064.78  8513
O16 	14895.1 	18.0029  1  745.867  4548
O16 	14895.1 	0.195656  1  176.136  5080
O16 	14895.1 	0.293742  1  3376.44  1628
O16 	14895.1 	0.198157  1  4769.21  245
O16 	14895.1 	0.397861  1  -1375.87  6815
O16 	14895.1 	0.299087  1  -3768.99  9110
O16 	14895.1 	0.399933  1  -4486.08  9859
O16 	14895.1 	0.615934  1  -755.323  6138
O16 	14895.1 	0.188328  1  2564.9  2624
O16 	14895.1 	0.432994  1  -2816.56  8206
O16 	14895.1 	0.203239  1  4801.66  215
O16 	14895.1 	0.262253  1  -3935.03  9332
O16 	14895.1 	0.238418  1  3759.28  1329
O16 	14895.1 	0.217188  1  -4707.46  10099
O16 	14895.1 	0.424785  1  -1531.53  6797
O16 	14895.1 	0.367462  1  -3416.62  8948
O16 	14895.1 	0.239308  1  2164.11  2960
O16 	14895.1 	0.218997  1  1427.07  3782
O16 	14895.1 	1.84473  1  2039.12  3194
O16 	14895.1 	0.206943  1  668.501  4667
O16 	14895.1 	0.257699  1  -4172.08  9576
O16 	14895.1 	0.511611  1  -2587.23  7965
O16 	14895.1 	0.194078  1  693.768  4562
O16 	14895.1 	1.1222  1  -3066.96  8495
O16 	14895.1 	0.189887  1  -1915.3  7349
O16 	14895.1 	0.212705  1  -4049.62  9645
O16 	14895.1 	0.486857  1  -1718.33  7136
O16 	14895.1 	0.216899  1  -3008.22  8492
O16 	14895.1 	1.44689  1  3118.72  2008
O16 	14895.1 	5.3313  1  -1145.82  6384
O16 	14895.1 	2.51527  1  2937.89  2210
O16 	14895.1 	0.27991  1  -2336.89  7684
O16 	14895.1 	0.217195  1  -522.813  5864
O16 	14895.1 	0.252537  1  78.6196  5382
O16 	14895.1 	0.210053  1  4877.94  130
O16 	14895.1 	0.266032  1  -3842.96  9226
O16 	14895.1 	0.256547  1  746.883  4524
O16 	14895.1 	0.24406  1  -598.33  5981
O16 	14895.1 	0.219212  1  -433.63  5659
O16 	14895.1 	0.25242  1  -3815.94  9247
O16 	14895.1 	0.245374  1  -4707.33  10191
O16 	14895.1 	0.218053  1  1665.56  3480
O16 	14895.1 	0.436239  1  -756.329  6030
O16 	14895.1 	0.28295  1  -4925.86  10415
O16 	14895.1 	0.202734  1  385.253  4897
O16 	14895.1 	0.404732  1  -4145.66  9660
O16 	14895.1 	0.237672  1  -3729.33  9086
O16 	14895.1 	0.200179  1  2911.89  2166
O16 	14895.1 	0.356087  1  -505.172  5849
O16 	14895.1 	0.316188  1  -583.239  5903
O16 	14895.1 	0.256874  1  4250.21  748
O16 	14895.1 	0.33169  1  -2329.3  7685
O16 	14895.1 	0.197118  1  4579.03  463
O16 	14895.1 	1.19015  1  4687.71  350
O16 	14895.1 	0.696175  1  4474.18  554
O16 	14895.1 	0.220666  1  -10.5209  5419
O16 	14895.1 	0.199967  1  3586.22  1518
O16 	14895.1 	0.316319  1  4903.49  96
O16 	14895.1 	0.452802  1  2260.67  2943
O16 	14895.1 	3.89224  1  -1811.19  7079
O16 	14895.1 	0.259318  1  -2883.33  8244
O16 	14895.1 	0.194742  1  -3394.75  8758
O16 	14895.1 	0.20735  1  -2885.5  8277
O16 	14895.1 	0.25689  1  4574.24  424
O16 	14895.1 	0.959958  1  -2234.96  7616
O16 	14895.1 	0.208481  1  89.9342  5172
O16 	14895.1 	1.31212  1  -3650.31  8986
O16 	14895.1 	0.339555  1  -287.59  5600
O16 	14895.1 	0.225724  1  362.82  4727
O16 	14895.1 	0.409816  1  -2439.19  7684
O16 	14895.1 	0.27109  1  3753.92  1324
O16 	14895.1 	0.307119  1  2017.02  3168
O16 	14895.1 	0.312643  1  -0.438601  5330
O16 	14895.1 	0.355396  1  -662.817  5994
O16 	14895.1 	0.871769  1  4694.2  342
O16 	14895.1 	0.816695  1  1776.64  3377
O16 	14895.1 	0.188774  1  -4150.75  9353
O16 	14895.1 	0.429532  1  -2309.13  7777
O16 	14895.1 	0.403897  1  3787.39  1276
O16 	14895.1 	0.785585  1  3386.01  1667
O16 	14895.1 	0.236012  1  1403.53  3853
O16 	14895.1 	0.236747  1  40.3893  5346
O16 	14895.1 	0.808814  1  -769.878  6023
O16 	14895.1 	0.305618  1  2122.28  2975
O16 	14895.1 	0.351389  1  4314.26  736
O16 	14895.1 	0.221987  1  -4876.74  10604
O16 	14895.1 	0.234688  1  3432.82  1783
O16 	14895.1 	0.393705  1  4923.8  98
O16 	14895.1 	0.222739  1  -2067.97  7463
O16 	14895.1 	0.1929  1  190.177  5046
O16 	14895.1 	0.411699  1  1516.95  3725
O16 	14895.1 	0.322254  1  -4240.43  9653
O16 	14895.1 	0.281216  1  -750.171  6107
O16 	14895.1 	0.73505  1  -1696.52  6967
O16 	14895.1 	0.237893  1  452.818  4843
O16 	14895.1 	0.337667  1  4161.93  852
O16 	14895.1 	0.284  1  -2190.96  7650
O16 	14895.1 	0.203395  1  140.535  5094
O16 	14895.1 	3.14185  1  -3049.78  8490
O16 	14895.1 	0.308992  1  4043.5  1057
O16 	14895.1 	0.190245  1  2997.15  2010
O16 	14895.1 	0.19745  1  -2022.87  7332
O16 	14895.1 	0.285037  1  3086.26  2042
O16 	14895.1 	0.311362  1  -4387.46  9762
O16 	14895.1 	0.278646  1  -429.091  5722
O16 	14895.1 	0.3514  1  435.276  4828
O16 	14895.1 	0.428286  1  2205.94  3035
O16 	14895.1 	7.40544  1  419.923  4784
O16 	14895.1 	0.33568  1  -713.929  5977
O16 	14895.1 	1.81505  1  -1896.46  7436
O16 	14895.1 	0.34306  1  1697.83  3524
O16 	14895.1 	0.473979  1  3573.86  1439
O16 	14895.1 	0.189751  1  -1263.09  6492
O16 	14895.1 	0.361405  1  -1061.92  6345
O16 	14895.1 	0.300307  1  -1430.79  6790
O16 	14895.1 	0.462981  1  -291.435  5495
O16 	14895.1 	0.216197  1  -2508.75  7778
O16 	14895.1 	0.79968  1  -2286.42  7708
O16 	14895.1 	0.197397  1  -667.498  5962
O16 	14895.1 	0.430786  1  2282.08  2850
O16 	14895.1 	0.698851  1  3226.1  1938
O16 	14895.1 	0.693601  1  4454.88  590
O16 	14895.1 	0.206164  1  -4417.01  10011
O16 	14895.1 	0.238243  1  3649.15  1380
O16 	14895.1 	1.13686  1  -881.418  6157
O16 	14895.1 	0.283007  1  4253.91  776
O16 	14895.1 	0.255057  1  -2796.58  8282
O16 	14895.1 	0.321731  1  -2636.15  8105
O16 	14895.1 	0.285706  1  -2810.22  8149
O16 	14895.1 	0.333017  1  -3780.73  9178
O16 	14895.1 	1.0361  1  266.609  4844
O16 	14895.1 	0.266119  1  247.538  4879
O16 	14895.1 	0.336112  1  3193.32  1938
O16 	14895.1 	1.00158  1  -4757.68  10171
O16 	14895.1 	0.894353  1  1055.18  4135
O16 	14895.1 	0.370555  1  1297.31  3938
O16 	14895.1 	0.296756  1  -673.138  5836
O16 	14895.1 	0.215132  1  -1699.93  6905
O16 	14895.1 	0.251644  1  167.773  5004
O16 	14895.1 	0.40881  1  3081.74  1959
O16 	14895.1 	0.426775  1  -1353.84  6645
O16 	14895.1 	0.277398  1  1912.74  3248
O16 	14895.1 	0.269864  1  -2640.92  8140
O16 	14895.1 	0.663506  1  60.1876  5196
O16 	14895.1 	0.194981  1  -910.401  6108
O16 	14895.1 	0.221358  1  4991.45  8
O16 	14895.1 	0.376755  1  2917.22  2177
O16 	14895.1 	0.190157  1  2742.7  2412
O16 	14895.1 	0.259115  1  -4713.17  10320
O16 	14895.1 	1.19745  1  -1599.95  7064
O16 	14895.1 	0.261948  1  -4889.98  10250
O16 	14895.1 	0.372052  1  1292.6  3868
O16 	14895.1 	1.80729  1  -3135.46  8624
O16 	14895.1 	0.29649  1  1188.94  4200
O16 	14895.1 	0.386581  1  -4123.21  9698
O16 	14895.1 	0.223425  1  1198.82  3990
O16 	14895.1 	0.824793  1  -70.6571  5261
O16 	14895.1 	0.4621  1  -2335.22  7572
O16 	14895.1 	0.276698  1  -1903.83  7327
O16 	14895.1 	0.300555  1  3386.07  1686
O16 	14895.1 	0.31317  1  -3926.29  9329
O16 	14895.1 	0.245378  1  4276.35  761
O16 	14895.1 	0.694198  1  -4817.89  10251
O16 	14895.1 	0.190114  1  3881.88  1164
O16 	14895.1 	0.58097  1  -1971.9  7265
O16 	14895.1 	0.465919  1  -1694.05  7018
O16 	14895.1 	0.273157  1  -2764.29  8236
O16 	14895.1 	0.282927  1  -3502.58  8851
O16 	14895.1 	0.883359  1  3353.16  1730
O16 	14895.1 	0.200598  1  3243.38  1867
O16 	14895.1 	0.329975  1  -2684.91  8149
O16 	14895.1 	0.35533  1  4303.88  706
O16 	14895.1 	0.232853  1  -1260.41  6588
O16 	14895.1 	1.67213  1  3828.67  1257
O16 	14895.1 	0.35046  1  4718.43  247
O16 	14895.1 	0.401794  1  2972.04  2095
O16 	14895.1 	1.06902  1  312.048  4834
O16 	14895.1 	0.343322  1  -1528.39  6716
O16 	14895.1 	0.479089  1  -329.337  5513
O16 	14895.1 	0.402177  1  -372.355  5605
O16 	14895.1 	0.206352  1  -976.341  6333
O16 	14895.1 	0.214538  1  -1503.01  6800
O16 	14895.1 	0.257972  1  -3379.83  8862
O16 	14895.1 	0.330192  1  -3540.45  9045
O16 	14895.1 	0.374971  1  962.571  4182
O16 	14895.1 	2.50219  1  -4133  9711
O16 	14895.1 	0.867738  1  -3377.62  8771
O16 	14895.1 	0.204427  1  -1248.85  6678
O16 	14895.1 	0.621294  1  -1504.16  6770
O16 	14895.1 	0.310901  1  477.294  4719
O16 	14895.1 	0.212866  1  -3773.21  9205
O16 	14895.1 	0.303201  1  425.551  4921
O16 	14895.1 	0.259279  1  414.8  4929
O16 	14895.1 	0.305384  1  -4928.24  10630
O16 	14895.1 	0.362367  1  -295.638  5496
O16 	14895.1 	0.48409  1  -834.304  6161
O16 	14895.1 	0.331127  1  1060.16  4149
O16 	14895.1 	0.198125  1  4353.78  748
O16 	14895.1 	0.530818  1  2746.35  2384
O16 	14895.1 	0.227069  1  1779.19  3486
O16 	14895.1 	0.27797  1  4801.52  203
O16 	14895.1 	0.21889  1  1740.33  3501
O16 	14895.1 	0.325141  1  4852.11  168
O16 	14895.1 	1.31461  1  -406.676  5754
O16 	14895.1 	0.97441  1  -3859.36  9464
O16 	14895.1 	0.205394  1  -4079.91  9525
O16 	14895.1 	0.209276  1  4482.43  499
O16 	14895.1 	0.289275  1  -4426.92  9941
O16 	14895.1 	0.273883  1  3398.54  1775
O16 	14895.1 	0.285425  1  -784.149  6104
O16 	14895.1 	0.221808  1  4881.44  130
O16 	14895.1 	0.701689  1  -14.8248  5200
O16 	14895.1 	0.641986  1  -4381.65  9882
O16 	14895.1 	0.289574  1  -1059.86  6280
O16 	14895.1 	0.952285  1  1004.84  4187
O16 	14895.1 	0.45619  1  1778.78  3511
O16 	14895.1 	1.35782  1  276.493  5005
O16 	14895.1 	0.351499  1  -4298.61  9831
O16 	14895.1 	0.22298  1  553.319  4606
O16 	14895.1 	0.76972  1  775.813  4480
O16 	14895.1 	0.254694  1  -4444.77  9998
O16 	14895.1 	0.43668  1  453.498  4851
O16 	14895.1 	0.438315  1  1134.75  4039
O16 	14895.1 	0.279919  1  -2596.03  7924
O16 	14895.1 	0.297797  1  -3616.89  9031
O16 	14895.1 	0.26742  1  -134.456  5406
O16 	14895.1 	0.245715  1  -1640.32  6988
O16 	14895.1 	0.371898  1  2513.14  2633
O16 	14895.1 	0.274982  1  -668.692  6013
O16 	14895.1 	0.645727  1  3387.58  1765
O16 	14895.1 	1.93391  1  2695.25  2400
O16 	14895.1 	0.278086  1  -211.4  5526
O16 	14895.1 	0.251172  1  -700.925  5996
O16 	14895.1 	0.480394  1  3050.7  2021
O16 	14895.1 	0.309556  1  2384.62  2746
O16 	14895.1 	0.29448  1  -4871.21  10423
O16 	14895.1 	0.432293  1  -3457.59  8790
O16 	14895.1 	0.254329  1  -3462.08  8796
O16 	14895.1 	0.269996  1  4305.63  771
O16 	14895.1 	0.198417  1  -1349.22  6633
O16 	14895.1 	0.205231  1  2185.39  3029
O16 	14895.1 	0.300209  1  2790.51  2304
O16 	14895.1 	0.37329  1  -1583.03  6868
O16 	14895.1 	1.1278  1  700.614  4510
O16 	14895.1 	0.196862  1  -21.0552  5283
O16 	14895.1 	0.968564  1  -4093.63  9645
O16 	14895.1 	0.473792  1  1826.22  3272
O16 	14895.1 	1.2568  1  -3472.98  9053
O16 	14895.1 	1.71616  1  214.933  5102
O16 	14895.1 	0.243137  1  4770.73  238
O16 	14895.1 	0.314296  1  1317.72  3872
O16 	14895.1 	3.26171  1  1301.33  4002
O16 	14895.1 	0.215925  1  508.729  4584
O16 	14895.1 	3.23947  1  -2639.02  7864
O16 	14895.1 	0.422371  1  926.91  4238
O16 	14895.1 	0.196986  1  -3782.05  9295
O16 	14895.1 	0.736626  1  2956.12  2201
O16 	14895.1 	0.210194  1  -2954.97  8608
O16 	14895.1 	0.24477  1  -2666.16  7997
O16 	14895.1 	0.230183  1  2580.69  2547
O16 	14895.1 	0.291162  1  3724.72  1376
O16 	14895.1 	0.192135  1  -2148.71  7463
O16 	14895.1 	1.31348  1  1730.62  3410
O16 	14895.1 	0.233128  1  -1120.62  6427
O16 	14895.1 	0.220817  1  2840.79  2348
O16 	14895.1 	0.413062  1  437.189  4862
O16 	14895.1 	0.188651  1  -2651.94  8073
O16 	14895.1 	0.226675  1  4152.79  895
O16 	14895.1 	0.404857  1  -807.669  6057
O16 	14895.1 	0.207271  1  -2067.78  7537
O16 	14895.1 	0.239547  1  2743.54  2438
O16 	14895.1 	0.404204  1  957.145  4356
O16 	14895.1 	0.432413  1  -3197.26  8481
O16 	14895.1 	1.07687  1  196.307  5125
O16 	14895.1 	0.276052  1  -3612.69  9085
O16 	14895.1 	0.277824  1  3287.84  1874
O16 	14895.1 	0.191371  1  -1027.81  6163
O16 	14895.1 	0.287216  1  2445.59  2678
O16 	14895.1 	0.439477  1  -190.327  5398
O16 	14895.1 	0.514384  1  208.659  5109
O16 	14895.1 	0.29602  1  2880.61  2288
O16 	14895.1 	0.233391  1  -3488.04  8935
O16 	14895.1 	1.82995  1  -950.848  6150
O16 	14895.1 	0.261949  1  -175.511  5443
O16 	14895.1 	0.233782  1  -4954.09  10391
O16 	14895.1 	0.369035  1  -2990.03  8472
O16 	14895.1 	0.757108  1  2702.27  2401
O16 	14895.1 	0.574553  1  -3762.29  9156
O16 	14895.1 	0.210995  1  -217.745  5379
O16 	14895.1 	0.226949  1  1449.51  3592
O16 	14895.1 	0.356613  1  2866.32  2272
O16 	14895.1 	0.210376  1  1175.98  4091
O16 	14895.1 	0.188209  1  4552.3  484
O16 	14895.1 	0.257617  1  -708.854  6010
O16 	14895.1 	0.376306  1  -4954.12  10489
O16 	14895.1 	0.205587  1  790.67  4436
O16 	14895.1 	0.211635  1  -3033.15  8517
O16 	14895.1 	0.203711  1  -2439.97  7782
O16 	14895.1 	1.01749  1  -2485.09  7840
O16 	14895.1 	0.396019  1  2264.55  2798
O16 	14895.1 	0.32997  1  2988.89  2095
O16 	14895.1 	0.191091  1  -2584.33  8060
O16 	14895.1 	0.254949  1  -3951.56  9488
O16 	14895.1 	0.224864  1  -392.212  5674
O16 	14895.1 	0.239877  1  4630.13  374
O16 	14895.1 	0.219089  1  3880.8  1187
O16 	14895.1 	0.327363  1  3000.51  2051
O16 	14895.1 	0.262121  1  3286.1  1821
O16 	14895.1 	0.338755  1  -890.436  6172
O16 	14895.1 	0.234614  1  2391.45  2724
O16 	14895.1 	0.203456  1  -2493.4  7841
O16 	14895.1 	0.283096  1  4988.85  9
O16 	14895.1 	0.917168  1  112.857  5148
O16 	14895.1 	0.29174  1  -498.322  5792
O16 	14895.1 	0.26655  1  2857.79  2273
O16 	14895.1 	0.217542  1  -1789.36  7124
O16 	14895.1 	1.2664  1  1479.55  3760
O16 	14895.1 	0.264828  1  1569.11  3557
O16 	14895.1 	0.204976  1  -3952.45  9340
O16 	14895.1 	0.540005  1  3308.84  1769
O16 	14895.1 	0.557029  1  261.55  5002
O16 	14895.1 	0.22968  1  -4293.75  9763
O16 	14895.1 	0.716111  1  652.496  4646
O16 	14895.1 	0.426818  1  1379.02  3771
O16 	14895.1 	0.25395  1  4792.18  202
O16 	14895.1 	0.362476  1  3806.28  1257
O16 	14895.1 	0.292067  1  1922  3282
O16 	14895.1 	0.344812  1  3112.62  1983
O16 	14895.1 	0.331743  1  -3326.09  8660
O16 	14895.1 	0.456762  1  1926.76  3157
O16 	14895.1 	0.286789  1  1855.45  3184
O16 	14895.1 	0.290272  1  3347.58  1718
O16 	14895.1 	0.277132  1  -179.593  5429
O16 	14895.1 	0.370166  1  3092.6  2032
O16 	14895.1 	0.316681  1  1129.39  4146
O16 	14895.1 	0.489756  1  -2900.38  8328
O16 	14895.1 	0.472854  1  403.323  4976
O16 	14895.1 	0.358516  1  3552.99  1473
O16 	14895.1 	0.339127  1  252.927  4972
O16 	14895.1 	0.271036  1  -1737.83  7082
O16 	14895.1 	1.39428  1  4559.88  479
O16 	14895.1 	0.207753  1  -3160.89  8808
O16 	14895.1 	0.330206  1  -719.125  6056
O16 	14895.1 	0.195886  1  -1034.21  6209
O16 	14895.1 	1.70237  1  600.46  4659
O16 	14895.1 	0.938557  1  -4245.13  9665
O16 	14895.1 	0.228796  1  -3904.25  9286
O16 	14895.1 	0.291441  1  -4176.64  9637
O16 	14895.1 	0.351319  1  -2919.07  8252
O16 	14895.1 	0.191061  1  708.258  4701
O16 	14895.1 	0.242177  1  -4778.34  10407
O16 	14895.1 	0.462223  1  3250.89  1785
O16 	14895.1 	0.245821  1  99.4804  5128
O16 	14895.1 	0.444117  1  -3420.32  8866
O16 	14895.1 	0.195041  1  4383.14  648
O16 	14895.1 	0.265829  1  3581.52  1496
O16 	14895.1 	0.275908  1  2281.22  2887
O16 	14895.1 	0.474056  1  2550.26  2537
O16 	14895.1 	0.46405  1  -389.855  5642
O16 	14895.1 	0.196229  1  3835.33  1246
O16 	14895.1 	0.20861  1  -1163.56  6485
O16 	14895.1 	0.701558  1  -3175.17  8589
O16 	14895.1 	0.246072  1  1741.79  3415
O16 	14895.1 	0.293439  1  -2161.68  7605
O16 	14895.1 	0.214935  1  -1944.93  7286
O16 	14895.1 	0.697417  1  1811.41  3433
O16 	14895.1 	0.398068  1  2109.03  3044
O16 	14895.1 	0.357318  1  -3822.36  9280
O16 	14895.1 	0.212589  1  2244.08  2943
O16 	14895.1 	0.257766  1  4842.89  186
O16 	14895.1 	0.217756  1  -3719.33  9078
O16 	14895.1 	0.189312  1  -4187.49  9828
O16 	14895.1 	0.32466  1  3480.32  1601
O16 	14895.1 	0.322992  1  808.072  4390
O16 	14895.1 	0.225096  1  4115.69  1010
O16 	14895.1 	0.214012  1  -4126.25  9675
O16 	14895.1 	0.283597  1  4392.29  595
O16 	14895.1 	0.982576  1  4789.77  213
O16 	14895.1 	1.45773  1  -937.368  6394
O16 	14895.1 	0.40397  1  -1288.73  6641
O16 	14895.1 	0.209438  1  4642.99  358
O16 	14895.1 	0.225529  1  1953.33  3104
O16 	14895.1 	0.220013  1  -1051.98  6191
O16 	14895.1 	0.260646  1  -221.999  5437
O16 	14895.1 	0.285364  1  -2572.76  7923
O16 	14895.1 	1.37898  1  2182.39  2958
O16 	14895.1 	0.459051  1  -1173.49  6440
O16 	14895.1 	0.314184  1  1599.38  3621
O16 	14895.1 	0.311952  1  -73.3346  5426
O16 	14895.1 	0.207279  1  -159.528  5428
O16 	14895.1 	0.202336  1  -158.712  5407
O16 	14895.1 	0.266533  1  -3289.44  8958
O16 	14895.1 	0.736233  1  2796.54  2331
O16 	14895.1 	0.374197  1  2931.21  2216
O16 	14895.1 	0.221032  1  3733.12  1372
O16 	14895.1 	0.251848  1  3932.16  1146
O16 	14895.1 	0.342995  1  3888.2  1195
O16 	14895.1 	0.427812  1  -4460.99  10058
O16 	14895.1 	0.650804  1  97.5017  5090
O16 	14895.1 	0.291848  1  -186.193  5425
O16 	14895.1 	0.302935  1  -3132.08  8607
O16 	14895.1 	0.217506  1  4922.56  73
O16 	14895.1 	0.333044  1  23.6921  5363
O16 	14895.1 	0.268167  1  -881.901  6164
O16 	14895.1 	0.220689  1  -2036.03  7375
O16 	14895.1 	0.232636  1  1170.45  3917
O16 	14895.1 	0.26654  1  -3926.47  9358
O16 	14895.1 	0.254786  1  -856.665  6057
O16 	14895.1 	0.205563  1  -1440.45  6719
O16 	14895.1 	0.288942  1  1434.74  3945
O16 	14895.1 	0.247821  1  1128.25  4159
O16 	14895.1 	0.754262  1  -1550.09  6903
O16 	14895.1 	0.284656  1  -1924.37  7280
O16 	14895.1 	0.194882  1  2501.08  2646
O16 	14895.1 	0.204515  1  -4939.47  10462
O16 	14895.1 	7.59491  1  -2567.95  7741
O16 	14895.1 	0.641733  1  1673.87  3573
O16 	14895.1 	2.72782  1  3372.9  1706
O16 	14895.1 	0.234386  1  2986.75  2137
O16 	14895.1 	0.280446  1  1054.03  4164
O16 	14895.1 	0.403057  1  -3466.6  8791
O16 	14895.1 	0.284793  1  -3892.98  9465
O16 	14895.1 	0.204377  1  -3182.72  8571
O16 	14895.1 	0.231604  1  -635.789  5901
O16 	14895.1 	0.495976  1  2095.12  2878
O16 	14895.1 	0.266594  1  4666.57  387
O16 	14895.1 	0.569993  1  1244.87  3972
O16 	14895.1 	1.07961  1  -4904.81  10280
O16 	14895.1 	0.486199  1  -4856.29  10279
O16 	14895.1 	0.342862  1  328.407  4941
O16 	14895.1 	0.264983  1  3451.62  1702
O16 	14895.1 	17.1539  1  3121.19  1950
O16 	14895.1 	0.220712  1  4599.41  446
O16 	14895.1 	0.471843  1  -4978.16  10646
O16 	14895.1 	0.492355  1  -4605.73  10141
O16 	14895.1 	0.509394  1  -2278.21  7862
O16 	14895.1 	0.314009  1  4794  237
O16 	14895.1 	0.188435  1  -2101.9  7485
O16 	14895.1 	0.2102  1  -4081.23  9442
O16 	14895.1 	1.01465  1  -2816.62  8327
O16 	14895.1 	0.861788  1  -4504.3  9881
O16 	14895.1 	0.392875  1  -4303.92  9769
O16 	14895.1 	0.229817  1  4163.08  872
O16 	14895.1 	0.426252  1  -3370.09  8921
O16 	14895.1 	0.418091  1  -1115.57  6390
O16 	14895.1 	1.789  1  -3643.64  9017
O16 	14895.1 	0.418842  1  -453.439  5676
O16 	14895.1 	0.225886  1  2099.36  3051
O16 	14895.1 	0.302967  1  1147.47  4018
O16 	14895.1 	0.246822  1  2787.56  2249
O16 	14895.1 	0.196423  1  -3978.68  9422
O16 	14895.1 	0.247064  1  1942.59  3200
O16 	14895.1 	0.823704  1  1110.61  4072
O16 	14895.1 	1.87359  1  4505.88  550
O16 	14895.1 	1.11748  1  4217.45  797
O16 	14895.1 	0.489683  1  -4223  9692
O16 	14895.1 	0.242112  1  3836.32  1215
O16 	14895.1 	0.33111  1  4633.8  379
O16 	14895.1 	0.214276  1  4962.78  37
O16 	14895.1 	0.215159  1  -3052  8479
O16 	14895.1 	0.215128  1  -195.738  5429
O16 	14895.1 	0.224452  1  -3113.75  8421
O16 	14895.1 	5.64293  1  -3557.2  8880
O16 	14895.1 	0.398972  1  -1609.62  6844
O16 	14895.1 	0.479535  1  3208.76  1875
O16 	14895.1 	0.616122  1  -2354.02  7713
O16 	14895.1 	1.54859  1  1878.02  3240
O16 	14895.1 	0.265128  1  2728.74  2397
O16 	14895.1 	0.273629  1  2193.19  3076
O16 	14895.1 	0.274423  1  -3277.08  8742
O16 	14895.1 	0.241294  1  2906.47  2165
O16 	14895.1 	0.270858  1  -2790.04  8163
O16 	14895.1 	0.250782  1  -2160.33  7340
O16 	14895.1 	0.961016  1  2258.48  2906
O16 	14895.1 	0.23912  1  1764.89  3453
O16 	14895.1 	0.197619  1  3279.61  1834
O16 	14895.1 	0.205628  1  756.337  4402
O16 	14895.1 	0.223151  1  2696.01  2414
O16 	14895.1 	0.545344  1  -3646.11  9094
O16 	14895.1 	2.49871  1  2203.33  2938
O16 	14895.1 	0.288533  1  -127.307  5415
O16 	14895.1 	0.385555  1  3364.85  1713
O16 	14895.1 	0.197951  1  -226.947  5506
O16 	14895.1 	0.225411  1  -4393.74  9925
O16 	14895.1 	0.473369  1  -4663.3  10214
O16 	14895.1 	0.270559  1  -4864.01  10322
O16 	14895.1 	0.198587  1  -4727.58  10431
O16 	14895.1 	0.276513  1  4675.1  318
O16 	14895.1 	0.461037  1  -286.088  5661
O16 	14895.1 	0.592716  1  -4907.07  10305
O16 	14895.1 	0.251622  1  4294.34  768
O16 	14895.1 	0.208125  1  -4665.08  10162
O16 	14895.1 	0.547039  1  260.253  4949
O16 	14895.1 	0.260612  1  2468.67  2618
O16 	14895.1 	0.442502  1  -1510.58  6798
O16 	14895.1 	0.238935  1  -4345.48  9972
O16 	14895.1 	0.278488  1  4613.43  415
O16 	14895.1 	1.20354  1  1860.32  3422
O16 	14895.1 	0.305709  1  -2907.7  8420
O16 	14895.1 	0.230497  1  2857.82  2231
O16 	14895.1 	0.431961  1  2856.72  2234
O16 	14895.1 	0.193262  1  466.068  4759
O16 	14895.1 	0.299399  1  1880.22  3280
O16 	14895.1 	0.360372  1  -3086.29  8643
O16 	14895.1 	0.288623  1  3271.69  1862
O16 	14895.1 	1.23886  1  -1071.68  6456
O16 	14895.1 	0.387698  1  4043.64  1034
O16 	14895.1 	0.268281  1  21.2586  5340
O16 	14895.1 	0.193899  1  394.495  4887
O16 	14895.1 	0.581555  1  139.168  5212
O16 	14895.1 	0.26131  1  4318.45  732
O16 	14895.1 	0.20205  1  -4645.17  10202
O16 	14895.1 	0.213646  1  -1174.14  6371
O16 	14895.1 	0.19108  1  2858.25  2266
O16 	14895.1 	0.297026  1  1254.2  3883
O16 	14895.1 	0.393877  1  1086.79  4059
O16 	14895.1 	0.474146  1  2163.35  2946
O16 	14895.1 	1.60121  1  4899.93  82
O16 	14895.1 	0.207785  1  -4558.19  10035
O16 	14895.1 	0.389263  1  -4807.83  10366
O16 	14895.1 	0.352078  1  -4328.88  9851
O16 	14895.1 	0.335847  1  247.08  4920
O16 	14895.1 	0.692471  1  -2563.03  7891
O16 	14895.1 	0.189339  1  4025.73  1071
O16 	14895.1 	0.471387  1  -4295.63  9786
O16 	14895.1 	5.31805  1  1050.32  4194
O16 	14895.1 	0.520379  1  -1394.39  6739
O16 	14895.1 	0.325712  1  4964.03  45
O16 	14895.1 	0.597942  1  1004.77  4244
O16 	14895.1 	4.0561  1  -3197.41  8661
O16 	14895.1 	1.08813  1  -3963.4  9387
O16 	14895.1 	2.00892  1  280.891  4981
O16 	14895.1 	0.494453  1  -1831.08  7160
O16 	14895.1 	0.840363  1  -4276.97  9870
O16 	14895.1 	1.1632  1  -2869.14  8396
O16 	14895.1 	0.199745  1  1828.8  3327
O16 	14895.1 	0.73378  1  2596.63  2542
O16 	14895.1 	0.655071  1  553.528  4720
O16 	14895.1 	0.467438  1  2676.63  2320
O16 	14895.1 	0.311068  1  976.22  4189
O16 	14895.1 	0.291124  1  1674.16  3406
O16 	14895.1 	0.382388  1  -512.558  5813
O16 	14895.1 	0.386682  1  1385.48  3830
O16 	14895.1 	0.711468  1  1731.54  3460
O16 	14895.1 	0.504654  1  287.688  4966
O16 	14895.1 	0.898469  1  731.619  4340
O16 	14895.1 	0.289155  1  582.593  4685
O16 	14895.1 	0.226194  1  3745.04  1260
O16 	14895.1 	0.364871  1  -374.959  5585
O16 	14895.1 	0.275806  1  -1035.63  6509
O16 	14895.1 	0.222469  1  -1266.1  6773
O16 	14895.1 	0.203682  1  -2626.64  8070
O16 	14895.1 	0.574337  1  2066.72  3052
O16 	14895.1 	1.19643  1  -3582.44  8994
O16 	14895.1 	3.74997  1  2540.49  2694
O16 	14895.1 	1.05682  1  -4860.08  10405
O16 	14895.1 	0.665277  1  2518.81  2617
O16 	14895.1 	0.422478  1  -4835.51  10299
O16 	14895.1 	0.220247  1  2145.52  3036
O16 	14895.1 	0.397789  1  -1362.16  6625
O16 	14895.1 	0.395461  1  1207.22  4033
O16 	14895.1 	0.487437  1  585.352  4612
O16 	14895.1 	0.272332  1  -1379.27  6782
O16 	14895.1 	0.386375  1  3128.23  1959
O16 	14895.1 	0.441483  1  -2277.17  7757
O16 	14895.1 	0.621194  1  -4872.49  10478
O16 	14895.1 	1.32365  1  4676.25  339
O16 	14895.1 	0.663689  1  3261.17  1807
O16 	14895.1 	0.21441  1  -4097.34  9673
O16 	14895.1 	0.543094  1  -3144.52  8652
O16 	14895.1 	0.197499  1  816.156  4494
O16 	14895.1 	0.307283  1  -3672.32  9129
O16 	14895.1 	0.362796  1  -3277.38  8815
O16 	14895.1 	0.327094  1  1346.39  3736
O16 	14895.1 	0.392222  1  858.56  4244
O16 	14895.1 	0.256773  1  -4179.86  9698
O16 	14895.1 	0.210005  1  -4863.15  10258
O16 	14895.1 	0.261383  1  3255.61  1785
O16 	14895.1 	0.200237  1  -3353.54  8734
O16 	14895.1 	0.765442  1  -1977.59  7299
O16 	14895.1 	0.605289  1  3064.21  2119
O16 	14895.1 	2.84797  1  2280.23  2917
O16 	14895.1 	0.854766  1  3232.53  1920
O16 	14895.1 	0.457268  1  2962.68  2162
O16 	14895.1 	0.28786  1  -3514.4  8882
O16 	14895.1 	0.535695  1  -1012.05  6326
O16 	14895.1 	0.243546  1  -4177.65  9712
O16 	14895.1 	0.536771  1  1493.82  3716
O16 	14895.1 	0.303856  1  -3037.42  8449
O16 	14895.1 	1.30037  1  -2521.42  8010
O16 	14895.1 	0.318618  1  944.213  4294
O16 	14895.1 	0.242551  1  1363.68  3769
O16 	14895.1 	0.236993  1  447.211  4887
O16 	14895.1 	0.846375  1  -3372.93  8618
O16 	14895.1 	0.197282  1  4932.27  85
O16 	14895.1 	0.270476  1  4588.9  422
O16 	14895.1 	0.281812  1  3171.14  1918
O16 	14895.1 	0.371815  1  -4872  10267
O16 	14895.1 	0.236999  1  -3194.46  8601
O16 	14895.1 	0.319892  1  -1544.74  6780
O16 	14895.1 	0.326187  1  2848.21  2262
O16 	14895.1 	0.723588  1  1069.86  4099
O16 	14895.1 	0.316631  1  621.618  4654
O16 	14895.1 	0.211422  1  -2203.99  7679
O16 	14895.1 	0.190982  1  2239.87  2804
O16 	14895.1 	0.376169  1  -1579.97  6968
O16 	14895.1 	0.622351  1  4283.58  739
O16 	14895.1 	0.515385  1  846.357  4393
O16 	14895.1 	0.2796  1  579.324  4802
O16 	14895.1 	0.225488  1  708.906  4524
O16 	14895.1 	0.206352  1  -99.7922  5400
O16 	14895.1 	0.281403  1  -498.881  5660
O16 	14895.1 	0.302986  1  -29.0481  5206
O16 	14895.1 	1.11052  1  -4209.2  9745
O16 	14895.1 	0.317635  1  -1387.38  6627
O16 	14895.1 	0.260637  1  1218.39  4058
O16 	14895.1 	0.21861  1  -938.895  6292
O16 	14895.1 	0.373972  1  3816.93  1257
O16 	14895.1 	0.414886  1  -4486.12  10103
O16 	14895.1 	0.344807  1  4956.13  52
O16 	14895.1 	0.271205  1  3201.42  1849
O16 	14895.1 	0.224624  1  -2951.64  8384
O16 	14895.1 	0.246816  1  -825.171  6242
O16 	14895.1 	0.399411  1  -95.4765  5353
O16 	14895.1 	0.206914  1  2726.21  2479
O16 	14895.1 	0.232271  1  486.328  4885
O16 	14895.1 	0.261486  1  -1005.9  6454
O16 	14895.1 	0.31267  1  -3170.68  8729
O16 	14895.1 	0.221533  1  1936.7  3173
O16 	14895.1 	0.773498  1  -1093.74  6371
O16 	14895.1 	0.385007  1  2820.04  2370
O16 	14895.1 	0.404453  1  -1132.12  6357
O16 	14895.1 	0.260154  1  4670.5  359
O16 	14895.1 	0.483473  1  -4842.12  10496
O16 	14895.1 	0.196676  1  184.14  5029
O16 	14895.1 	0.389879  1  878.983  4301
O16 	14895.1 	0.204079  1  2182.66  2887
O16 	14895.1 	0.297378  1  -4673.17  10161
O16 	14895.1 	0.474193  1  -1433.24  6808
O16 	14895.1 	0.217052  1  3224.36  1840
O16 	14895.1 	0.204098  1  4627.61  363
O16 	14895.1 	0.194065  1  1143.85  4057
O16 	14895.1 	0.215367  1  -2574.39  7857
O16 	14895.1 	0.272963  1  96.3696  5143
O16 	14895.1 	0.471138  1  1998.89  3115
O16 	14895.1 	0.406298  1  4046.38  1007
O16 	14895.1 	0.218005  1  1228.4  3997
O16 	14895.1 	5.60492  1  -3508.51  9051
O16 	14895.1 	0.199761  1  3514.78  1502
O16 	14895.1 	0.959748  1  4974.03  22
O16 	14895.1 	0.500493  1  -2258.84  7510
O16 	14895.1 	0.322613  1  826.901  4328
O16 	14895.1 	0.355066  1  2884.31  2240
O16 	14895.1 	0.192562  1  -855.502  6129
O16 	14895.1 	0.188894  1  3365.01  1780
O16 	14895.1 	0.290844  1  -4183.63  9752
O16 	14895.1 	0.241319  1  -2075.85  7408
O16 	14895.1 	0.219616  1  4963.63  31
O16 	14895.1 	0.320409  1  3270.2  1850
O16 	14895.1 	0.216447  1  3635.26  1479
O16 	14895.1 	0.551012  1  43.9778  5156
O16 	14895.1 	0.317675  1  -4841.39  10253
O16 	14895.1 	0.199576  1  -2210.32  7687
O16 	14895.1 	0.220671  1  -893.484  6336
O16 	14895.1 	0.310268  1  4040.94  1036
O16 	14895.1 	0.398092  1  850.5  4358
O16 	14895.1 	0.282193  1  3628.24  1416
O16 	14895.1 	0.67709  1  3751.81  1358
O16 	14895.1 	0.868193  1  655.874  4583
O16 	14895.1 	0.551759  1  -1047.87  6346
O16 	14895.1 	0.196791  1  3405.36  1688
O16 	14895.1 	0.227945  1  -298.235  5550
O16 	14895.1 	0.310782  1  -3677.47  9119
O16 	14895.1 	0.22641  1  -1115.09  6602
O16 	14895.1 	0.310163  1  -2013.25  7538
O16 	14895.1 	0.220952  1  80.4296  5147
O16 	14895.1 	0.404479  1  -3120  8491
O16 	14895.1 	0.201774  1  -4984.4  10708
O16 	14895.1 	3.02422  1  528.28  4849
O16 	14895.1 	0.202905  1  428.955  4952
O16 	14895.1 	0.368043  1  -2682.69  8032
O16 	14895.1 	0.722448  1  -1945.13  7323
O16 	14895.1 	0.428581  1  2502.56  2572
O16 	14895.1 	1.39307  1  3782.13  1308
O16 	14895.1 	5.69518  1  -665.011  6097
O16 	14895.1 	0.287472  1  1436.13  3663
O16 	14895.1 	0.211627  1  207.596  5174
O16 	14895.1 	0.197974  1  -3710.84  9119
O16 	14895.1 	0.628242  1  -4158.79  9559
O16 	14895.1 	0.27291  1  3789.87  1313
O16 	14895.1 	0.265645  1  1806.17  3214
O16 	14895.1 	2.0421  1  2683.72  2423
O16 	14895.1 	6.96631  1  -1276.98  6522
O16 	14895.1 	0.739174  1  -2176.21  7489
O16 	14895.1 	0.401544  1  -1814.07  7212
O16 	14895.1 	0.539486  1  88.0413  5139
O16 	14895.1 	0.315564  1  -1643.55  7096
O16 	14895.1 	0.823392  1  3091.17  1959
O16 	14895.1 	0.304331  1  -2919.35  8425
O16 	14895.1 	0.202227  1  2601.08  2509
O16 	14895.1 	0.348985  1  -1258.08  6516
O16 	14895.1 	0.343309  1  4317.21  729
O16 	14895.1 	0.190986  1  -1223.5  6586
O16 	14895.1 	0.235438  1  3432.56  1642
O16 	14895.1 	0.203434  1  -4333.73  9688
O16 	14895.1 	1.73427  1  -2804.24  8292
O16 	14895.1 	0.659262  1  3345.73  1770
O16 	14895.1 	0.1895  1  -1888.51  7263
O16 	14895.1 	0.684256  1  -2407.73  7772
O16 	14895.1 	0.208783  1  -3180.53  8562
O16 	14895.1 	0.552763  1  1393.58  3773
O16 	14895.1 	0.256942  1  -3470.64  8913
O16 	14895.1 	0.193247  1  3528.68  1583
O16 	14895.1 	0.293095  1  402.847  4807
O16 	14895.1 	0.272391  1  -4444.22  9883
O16 	14895.1 	0.226629  1  4911.54  92
O16 	14895.1 	0.225141  1  -3599.82  9017
O16 	14895.1 	0.47888  1  -4714.44  10094
O16 	14895.1 	0.322138  1  -1695.36  7066
O16 	14895.1 	0.309267  1  1628.13  3457
O16 	14895.1 	0.337553  1  1567.4  3659
O16 	14895.1 	0.655753  1  -4137.98  9566
O16 	14895.1 	0.211106  1  4973.71  42
O16 	14895.1 	0.215832  1  4645.87  391
O16 	14895.1 	0.399797  1  -2196.85  7528
O16 	14895.1 	0.583582  1  -3865.29  9330
O16 	14895.1 	0.517607  1  468.042  4740
O16 	14895.1 	0.213716  1  -3764.33  9232
O16 	14895.1 	0.337784  1  4352.08  712
O16 	14895.1 	0.191166  1  910.807  4233
O16 	14895.1 	0.232977  1  -1771.07  7013
O16 	14895.1 	0.194934  1  -1164.37  6518
O16 	14895.1 	0.440656  1  50.5011  5063
O16 	14895.1 	0.315055  1  -4468.94  9918
O16 	14895.1 	1.24918  1  -2235.67  7620
O16 	14895.1 	0.294892  1  4073.87  946
O16 	14895.1 	0.689535  1  -4777.09  10187
O16 	14895.1 	0.397223  1  2098.46  3134
O16 	14895.1 	0.254632  1  1467.82  3622
O16 	14895.1 	0.661624  1  -2249.04  7572
O16 	14895.1 	0.213654  1  -552.137  5789
O16 	14895.1 	0.300135  1  2856.49  2197
O16 	14895.1 	0.216312  1  3614.99  1489
O16 	14895.1 	0.28731  1  2872.4  2224
O16 	14895.1 	3.81834  1  96.9101  5109
O16 	14895.1 	0.392316  1  -4094.99  9553
O16 	14895.1 	0.773013  1  3411.6  1624
O16 	14895.1 	0.258407  1  -3643.86  9103
O16 	14895.1 	0.631273  1  -4773.51  10349
O16 	14895.1 	0.721432  1  2426.41  2760
O16 	14895.1 	0.694805  1  3764.83  1350
O16 	14895.1 	0.423351  1  4503.53  541
O16 	14895.1 	0.45848  1  525.281  4733
O16 	14895.1 	0.221422  1  321.265  4936
O16 	14895.1 	0.272677  1  -4346.63  9919
O16 	14895.1 	0.200477  1  3401.01  1718
O16 	14895.1 	0.24002  1  -561.081  5916
O16 	14895.1 	0.52055  1  -3438.67  8899
O16 	14895.1 	0.229054  1  4881.52  126
O16 	14895.1 	0.299822  1  490.553  4848
O16 	14895.1 	0.193365  1  826.118  4425
O16 	14895.1 	0.47055  1  2364.36  2766
O16 	14895.1 	0.214773  1  268.616  4993
O16 	14895.1 	0.345756  1  4186.89  851
O16 	14895.1 	0.196186  1  -2103.29  7496
O16 	14895.1 	0.412677  1  -1525.05  6979
O16 	14895.1 	0.396279  1  2511.31  2606
O16 	14895.1 	0.230116  1  -2650.41  8058
O16 	14895.1 	0.190911  1  3045.44  2021
O16 	14895.1 	0.564231  1  -2825.18  8145
O16 	14895.1 	0.595552  1  -1484.03  6955
O16 	14895.1 	0.350246  1  -4196.96  9730
O16 	14895.1 	0.198855  1  -4901.66  10451
O16 	14895.1 	0.275258  1  -3605.7  9243
O16 	14895.1 	0.263843  1  -1720.54  6911
O16 	14895.1 	0.304475  1  -4490.63  10066
O16 	14895.1 	0.211767  1  4412.65  613
O16 	14895.1 	0.205831  1  -3253.26  8688
O16 	14895.1 	0.535825  1  4403.55  594
O16 	14895.1 	1.25641  1  130.073  5059
O16 	14895.1 	1.0101  1  1954.69  3221
O16 	14895.1 	0.235001  1  -4615.06  10021
O16 	14895.1 	0.273975  1  4120.22  910
O16 	14895.1 	0.307423  1  51.3633  5098
O16 	14895.1 	0.823011  1  -2129.15  7541
O16 	14895.1 	0.385086  1  4119.62  925
O16 	14895.1 	0.191112  1  1337.93  3913
O16 	14895.1 	0.258628  1  3752.27  1306
O16 	14895.1 	0.200217  1  4642.33  362
O16 	14895.1 	0.382265  1  -1048.2  6206
O16 	14895.1 	3.61117  1  -4479.11  10016
O16 	14895.1 	0.425281  1  -1308.05  6660
O16 	14895.1 	0.387304  1  2396.18  2814
O16 	14895.1 	0.230548  1  -4593  10211
O16 	14895.1 	0.638557  1  -4063.67  9680
O16 	14895.1 	0.234226  1  -2063.66  7398
O16 	14895.1 	0.415576  1  -946.928  6237
O16 	14895.1 	0.649279  1  -1853.75  7223
O16 	14895.1 	0.206224  1  3743.27  1314
O16 	14895.1 	1.08393  1  -2661.71  7988
O16 	14895.1 	0.202298  1  -3906.89  9397
O16 	14895.1 	0.3747  1  3538.17  1539
O16 	14895.1 	0.235285  1  64.5156  5151
O16 	14895.1 	0.192063  1  -780.044  6037
O16 	14895.1 	2.91576  1  -1623.39  6824
O16 	14895.1 	0.56884  1  1476.02  3581
O16 	14895.1 	0.375819  1  -1534.22  6891
O16 	14895.1 	0.534002  1  4080.49  914
O16 	14895.1 	0.33685  1  790.958  4405
O16 	14895.1 	0.19476  1  4540.9  474
O16 	14895.1 	1.34103  1  -1424.35  6890
O16 	14895.1 	0.224696  1  -3946.68  9366
O16 	14895.1 	0.43846  1  3771.16  1337
O16 	14895.1 	0.227967  1  4845.19  141
O16 	14895.1 	5.04552  1  2634.5  2412
O16 	14895.1 	0.372677  1  3035.12  2006
O16 	14895.1 	0.481685  1  860.525  4335
O16 	14895.1 	0.857796  1  -1435.91  6774
O16 	14895.1 	2.47397  1  4552.77  494
O16 	14895.1 	0.191469  1  -4363.01  9836
O16 	14895.1 	0.48129  1  -4654.69  10113
O16 	14895.1 	0.420184  1  -3114.03  8487
O16 	14895.1 	0.217505  1  -1453.37  6784
O16 	14895.1 	0.370492  1  4067.93  972
O16 	14895.1 	1.82374  1  -4004.57  9430
O16 	14895.1 	1.28922  1  -17.2286  5319
O16 	14895.1 	1.6033  1  1949.1  3174
O16 	14895.1 	1.75865  1  3896.83  1174
O16 	14895.1 	0.559852  1  335.543  4932
O16 	14895.1 	0.215684  1  1264.71  3884
O16 	14895.1 	0.241692  1  -4559.32  10129
O16 	14895.1 	0.205951  1  1191.62  3951
O16 	14895.1 	0.626843  1  -2436.51  7866
O16 	14895.1 	0.349393  1  -3767.61  9137
O16 	14895.1 	0.231915  1  -4106.72  9568
O16 	14895.1 	0.598703  1  1611.06  3483
O16 	14895.1 	0.323244  1  1784.97  3382
O16 	14895.1 	0.711585  1  -3183  8645
O16 	14895.1 	0.188279  1  1558.07  3693
O16 	14895.1 	0.257268  1  3463.63  1575
O16 	14895.1 	0.320648  1  1538.64  3712
O16 	14895.1 	0.415426  1  3310.08  1821
O16 	14895.1 	0.360792  1  4356.1  694
O16 	14895.1 	0.473015  1  -4715.54  10224
O16 	14895.1 	0.455128  1  -2186.3  7573
O16 	14895.1 	0.258099  1  1805.33  3380
O16 	14895.1 	0.323558  1  -4485.26  9883
O16 	14895.1 	0.331107  1  2429.44  2744
O16 	14895.1 	1.06607  1  1262.2  3867
O16 	14895.1 	0.298986  1  -2401.2  7748
O16 	14895.1 	3.1669  1  3791.34  1292
O16 	14895.1 	0.322683  1  3256.75  1793
O16 	14895.1 	0.302532  1  1752.09  3421
O16 	14895.1 	0.258857  1  3453.47  1719
O16 	14895.1 	0.223165  1  4823.18  192
O16 	14895.1 	0.436894  1  -1551.76  6874
O16 	14895.1 	0.192477  1  1535.56  3615
O16 	14895.1 	0.791433  1  -625.59  5864
O16 	14895.1 	0.293197  1  -46.8643  5153
O16 	14895.1 	0.338961  1  507.76  4677
O16 	14895.1 	0.223217  1  -146.207  5475
O16 	14895.1 	0.603516  1  -2592.58  7917
O16 	14895.1 	0.300393  1  -3264.67  8676
O16 	14895.1 	0.341936  1  -1581.58  6935
O16 	14895.1 	0.342348  1  -2483.18  7808
O16 	14895.1 	0.806385  1  -2073.82  7513
O16 	14895.1 	0.405775  1  -4559.11  10074
O16 	14895.1 	0.368476  1  -4265.99  9641
O16 	14895.1 	0.188359  1  -4534.92  9915
O16 	14895.1 	0.658771  1  2947.14  2214
O16 	14895.1 	0.206927  1  -993.04  6333
O16 	14895.1 	0.716147  1  -1491.19  6930
O16 	14895.1 	0.237274  1  -605.921  5826
O16 	14895.1 	0.212706  1  4346.6  673
O16 	14895.1 	0.361514  1  4643.12  389
O16 	14895.1 	0.293091  1  -855.323  6250
O16 	14895.1 	0.205571  1  981.396  4267
O16 	14895.1 	0.407425  1  691.422  4504
O16 	14895.1 	0.214016  1  -2477.07  7756
O16 	14895.1 	0.378925  1  1936.72  3210
O16 	14895.1 	0.194846  1  576.619  4738
O16 	14895.1 	0.712922  1  -4069.66  9455
O16 	14895.1 	0.335742  1  2470.2  2707
O16 	14895.1 	0.564511  1  2043.91  3210
O16 	14895.1 	0.597448  1  149.528  5102
O16 	14895.1 	0.598791  1  -2572.89  7906
O16 	14895.1 	0.437598  1  -1559.99  6943
O16 	14895.1 	0.372363  1  3297.02  1827
O16 	14895.1 	0.281885  1  -2369.95  7848
O16 	14895.1 	0.839203  1  98.3055  5134
O16 	14895.1 	0.311869  1  -937.197  6217
O16 	14895.1 	0.435316  1  -798.326  5977
O16 	14895.1 	0.558534  1  920.628  4267
O16 	14895.1 	0.767936  1  -3421.85  8667
O16 	14895.1 	0.399089  1  -1659.4  7020
O16 	14895.1 	0.290438  1  -2149.95  7556
O16 	14895.1 	1.14115  1  -1087.59  6340
O16 	14895.1 	1.97966  1  -1420.86  6688
O16 	14895.1 	0.243939  1  -3547.38  8957
O16 	14895.1 	1.80236  1  -1928.4  7219
O16 	14895.1 	0.322464  1  1998.26  3200
O16 	14895.1 	0.223774  1  4513.99  471
O16 	14895.1 	0.358105  1  2344.6  2832
O16 	14895.1 	0.566405  1  -2909.14  8525
O16 	14895.1 	0.262313  1  4519.17  540
O16 	14895.1 	0.266604  1  3404.2  1694
O16 	14895.1 	0.229859  1  2760.01  2263
O16 	14895.1 	0.283725  1  4197.27  889
O16 	14895.1 	0.309175  1  4783.1  226
O16 	14895.1 	0.494677  1  1497.03  3745
O16 	14895.1 	2.36309  1  4359.35  667
O16 	14895.1 	0.424575  1  1141.38  4096
O16 	14895.1 	0.30868  1  3561.52  1458
O16 	14895.1 	0.376893  1  -1437.44  6728
O16 	14895.1 	0.558101  1  -3379.7  8725
O16 	14895.1 	0.289907  1  4122.47  937
O16 	14895.1 	0.208026  1  -2629.65  7960
O16 	14895.1 	0.194574  1  577.445  4625
O16 	14895.1 	0.301929  1  2800.39  2319
O16 	14895.1 	0.190216  1  -2925.09  8276
O16 	14895.1 	0.490368  1  -247.821  5485
O16 	14895.1 	0.286995  1  -3552.37  8995
O16 	14895.1 	0.440517  1  640.799  4639
O16 	14895.1 	0.205961  1  -1259.53  6530
O16 	14895.1 	1.01251  1  -4405.91  9694
O16 	14895.1 	0.302061  1  -4742.08  10058
O16 	14895.1 	0.574592  1  -3824.32  9218
O16 	14895.1 	0.238557  1  -4365.13  9687
O16 	14895.1 	0.314115  1  -70.5826  5430
O16 	14895.1 	0.188875  1  1038.23  4132
O16 	14895.1 	0.199797  1  1399.21  3765
O16 	14895.1 	0.196225  1  410.977  4733
O16 	14895.1 	0.311313  1  2249.38  2942
O16 	14895.1 	0.379892  1  -395.84  5741
O16 	14895.1 	0.271527  1  -3475.84  8901
O16 	14895.1 	0.342846  1  1669.31  3605
O16 	14895.1 	0.602251  1  811.213  4359
O16 	14895.1 	0.501562  1  3142.96  1983
O16 	14895.1 	0.322927  1  2661.03  2432
O16 	14895.1 	0.690057  1  552.012  4667
O16 	14895.1 	0.908584  1  -360.815  5614
O16 	14895.1 	0.306874  1  -3390.12  8775
O16 	14895.1 	0.298072  1  1714.09  3465
O16 	14895.1 	0.191317  1  -1179.61  6606
O16 	14895.1 	0.335741  1  -3762.81  9289
O16 	14895.1 	0.196376  1  -3445.04  8925
O16 	14895.1 	0.777717  1  3604.24  1535
O16 	14895.1 	0.428832  1  -2277.4  7741
O16 	14895.1 	0.217915  1  -1050.96  6273
O16 	14895.1 	0.219236  1  -1529.14  6790
O16 	14895.1 	0.18859  1  4709.32  285
O16 	14895.1 	0.204459  1  1200.62  3974
O16 	14895.1 	0.336971  1  -783.163  6039
O16 	14895.1 	0.199597  1  4723.09  272
O16 	14895.1 	0.357628  1  -4121.82  9593
O16 	14895.1 	0.223167  1  -3508.8  9040
O16 	14895.1 	0.232687  1  -3790.12  9228
O16 	14895.1 	0.451326  1  3807.54  1229
O16 	14895.1 	0.191129  1  -523.43  5792
O16 	14895.1 	0.291414  1  -4218.65  9638
O16 	14895.1 	0.647824  1  -4932.69  10473
O16 	14895.1 	0.218718  1  -1665.14  6977
O16 	14895.1 	0.312398  1  -3977.98  9406
O16 	14895.1 	0.31621  1  2113.05  3055
O16 	14895.1 	0.450911  1  3663.08  1413
O16 	14895.1 	0.224375  1  -63.7297  5418
O16 	14895.1 	0.311441  1  4966.76  32
O16 	14895.1 	0.433831  1  -2980.64  8302
O16 	14895.1 	0.194383  1  124.305  5178
O16 	14895.1 	1.49645  1  4834.47  174
O16 	14895.1 	0.190691  1  1222.49  4030
O16 	14895.1 	0.390171  1  -2288.45  7754
O16 	14895.1 	0.770162  1  -4716.69  10220
O16 	14895.1 	0.424749  1  264.283  4958
O16 	14895.1 	0.305513  1  -1509.1  6711
O16 	14895.1 	0.471178  1  -716.065  5966
O16 	14895.1 	0.748286  1  3786.3  1315
O16 	14895.1 	0.229625  1  2729.09  2378
O16 	14895.1 	0.256781  1  -4164.89  9607
O16 	14895.1 	0.271533  1  -487.537  5813
O16 	14895.1 	0.409375  1  487.776  4759
O16 	14895.1 	2.39024  1  805.382  4387
O16 	14895.1 	0.245397  1  4906.59  116
O16 	14895.1 	0.383235  1  849.96  4401
O16 	14895.1 	0.709976  1  3923.1  1166
O16 	14895.1 	14.2697  1  -2600.78  7831
O16 	14895.1 	0.313889  1  -1914.01  7251
O16 	14895.1 	0.397906  1  1678.08  3517
O16 	14895.1 	0.20239  1  3170.76  1878
O16 	14895.1 	1.01891  1  3047.95  2011
O16 	14895.1 	0.291443  1  -4357.31  9761
O16 	14895.1 	1.51268  1  4524.15  474
O16 	14895.1 	0.361443  1  -4376.06  9994
O16 	14895.1 	0.239343  1  3701.99  1370
O16 	14895.1 	0.218982  1  818.081  4481
O16 	14895.1 	0.210186  1  1222.32  4047
O16 	14895.1 	0.631222  1  1819.79  3256
O16 	14895.1 	0.44875  1  -818.397  6139
O16 	14895.1 	0.255583  1  2636.06  2450
O16 	14895.1 	0.204562  1  1285.88  4028
O16 	14895.1 	0.450925  1  4366.3  662
O16 	14895.1 	3.09624  1  3711.92  1451
O16 	14895.1 	0.251271  1  4701.07  320
O16 	14895.1 	0.310234  1  -1455.61  6764
O16 	14895.1 	0.580575  1  -2215.29  7541
O16 	14895.1 	0.271476  1  -2095.03  7503
O16 	14895.1 	0.29246  1  2240.37  2876
O16 	14895.1 	0.25746  1  -1956.1  7375
O16 	14895.1 	0.297285  1  -1728.09  7110
O16 	14895.1 	0.248082  1  1784.12  3341
O16 	14895.1 	0.313549  1  3177.95  1882
O16 	14895.1 	3.10097  1  2401.97  2793
O16 	14895.1 	0.222985  1  2318.79  2880
O16 	14895.1 	0.261555  1  -1696.5  6951
O16 	14895.1 	0.222575  1  3969.9  1048
O16 	14895.1 	1.72814  1  -631.194  5958
O16 	14895.1 	0.378626  1  -2346.86  7888
O16 	14895.1 	1.01232  1  -2999.12  8378
O16 	14895.1 	0.188974  1  4576.8  443
O16 	14895.1 	0.323127  1  -3338.2  8807
O16 	14895.1 	0.209408  1  -2438.46  8091
O16 	14895.1 	0.429027  1  3258.1  1773
O16 	14895.1 	0.418223  1  -156.462  5378
O16 	14895.1 	0.32427  1  -449.289  5701
O16 	14895.1 	0.437608  1  -4878.7  10369
O16 	14895.1 	1.26911  1  3735.17  1381
O16 	14895.1 	0.223494  1  2619.1  2540
O16 	14895.1 	0.983711  1  -4855.63  10343
O16 	14895.1 	0.222023  1  3633.54  1391
O16 	14895.1 	0.308316  1  102.227  5038
O16 	14895.1 	0.199625  1  -2656.13  8163
O16 	14895.1 	0.203405  1  661.073  4507
O16 	14895.1 	1.03473  1  -1402.79  6766
O16 	14895.1 	0.316221  1  2818.74  2302
O16 	14895.1 	0.359996  1  2222.52  2907
O16 	14895.1 	0.286968  1  4496.29  496
O16 	14895.1 	0.456348  1  -1266.04  6504
O16 	14895.1 	0.885251  1  -2246.5  7725
O16 	14895.1 	0.303528  1  4301.78  745
O16 	14895.1 	0.224115  1  -3817.92  9166
O16 	14895.1 	0.706638  1  449.322  4858
O16 	14895.1 	0.220723  1  -4022.93  9426
O16 	14895.1 	0.267793  1  1915.03  3198
O16 	14895.1 	1.94424  1  -772.793  6078
O16 	14895.1 	0.548183  1  3699.07  1404
O16 	14895.1 	0.292687  1  -2031.8  7500
O16 	14895.1 	0.279421  1  3374.37  1728
O16 	14895.1 	0.285391  1  -4784.6  10519
O16 	14895.1 	1.28594  1  3851.87  1267
O16 	14895.1 	0.268591  1  -1320.09  6615
O16 	14895.1 	0.310516  1  -1947.11  7376
O16 	14895.1 	0.425852  1  -1174.02  6628
O16 	14895.1 	0.532511  1  -4151.92  9700
O16 	14895.1 	0.192208  1  -1777.48  7039
O16 	14895.1 	0.325838  1  -418.151  5660
O16 	14895.1 	2.36961  1  -4638.2  10046
O16 	14895.1 	0.211286  1  -4317.1  9661
O16 	14895.1 	0.30434  1  -2893.73  8218
O16 	14895.1 	0.275042  1  -3114.28  8401
O16 	14895.1 	0.299734  1  -752.088  5959
O16 	14895.1 	0.395425  1  -2041.79  7299
O16 	14895.1 	0.208898  1  -3232.86  8545
O16 	14895.1 	0.29776  1  -504.404  5752
O16 	14895.1 	0.201252  1  -598.327  5936
O16 	14895.1 	0.194987  1  -1547.96  6773
O16 	14895.1 	0.19175  1  1690.2  3490
O16 	14895.1 	1.20083  1  2979.31  2134
O16 	14895.1 	0.361535  1  2121.65  3079
O16 	14895.1 	0.284235  1  -3118.48  8519
O16 	14895.1 	0.291478  1  -4221.63  9737
O16 	14895.1 	0.464356  1  -4471.77  9972
O16 	14895.1 	0.725734  1  1943.55  3146
O16 	14895.1 	0.49754  1  2080.33  3046
O16 	14895.1 	0.191234  1  -1778.32  7130
O16 	14895.1 	0.372886  1  3832.61  1217
O16 	14895.1 	0.316055  1  3773.87  1293
O16 	14895.1 	0.946865  1  -1300.59  6741
O16 	14895.1 	0.518895  1  4034.08  961
O16 	14895.1 	0.265615  1  3568.5  1422
O16 	14895.1 	0.313216  1  -1396.53  6749
O16 	14895.1 	0.244858  1  554.949  4663
O16 	14895.1 	0.613639  1  -271.487  5670
O16 	14895.1 	0.211529  1  -3208.99  8671
O16 	14895.1 	0.250868  1  -2442.88  7891
O16 	14895.1 	1.13827  1  -3038.1  8340
O16 	14895.1 	0.247818  1  -87.3466  5282
O16 	14895.1 	0.230618  1  1951.73  3250
O16 	14895.1 	0.193422  1  154.857  5060
O16 	14895.1 	0.190526  1  -4626.54  10197
O16 	14895.1 	0.434639  1  -413.133  5679
O16 	14895.1 	0.452516  1  -2539.3  7954
O16 	14895.1 	1.19396  1  -3236.32  8571
O16 	14895.1 	0.289736  1  -1559.63  6914
O16 	14895.1 	0.332482  1  3355.57  1737
O16 	14895.1 	0.242117  1  861.2  4388
O16 	14895.1 	0.314095  1  3387.2  1673
O16 	14895.1 	1.04408  1  1087.26  4149
O16 	14895.1 	0.192086  1  4174.6  897
O16 	14895.1 	0.469148  1  -1234.94  6680
O16 	14895.1 	0.203592  1  2691.5  2400
O16 	14895.1 	0.366919  1  20.9233  5267
O16 	14895.1 	0.473189  1  -1021.81  6324
O16 	14895.1 	0.55735  1  3793.62  1227
O16 	14895.1 	0.570737  1  -4749.8  10210
O16 	14895.1 	0.21875  1  848.27  4441
O16 	14895.1 	0.288888  1  -3014.84  8411
O16 	14895.1 	0.371802  1  1843.06  3411
O16 	14895.1 	0.35797  1  738.156  4512
O16 	14895.1 	0.9114  1  837.145  4362
O16 	14895.1 	0.204528  1  -1987.33  7281
O16 	14895.1 	1.77695  1  -1235.04  6469
O16 	14895.1 	0.743885  1  1317.35  3810
O16 	14895.1 	0.197152  1  -1935.34  7302
O16 	14895.1 	0.930865  1  3353.88  1707
O16 	14895.1 	0.295399  1  217.893  4986
O16 	14895.1 	1.19827  1  -4175.51  9763
O16 	14895.1 	0.404058  1  -4007.5  9554
O16 	14895.1 	0.359  1  -1281.51  6609
O16 	14895.1 	0.42898  1  -174.087  5348
O16 	14895.1 	0.26248  1  -2116.63  7576
O16 	14895.1 	0.234881  1  1556.36  3627
O16 	14895.1 	0.392429  1  121.681  5110
O16 	14895.1 	0.347538  1  2973.11  2091
O16 	14895.1 	0.214044  1  325.967  4824
O16 	14895.1 	0.305621  1  -1595.53  6905
O16 	14895.1 	0.33065  1  2737.64  2298
O16 	14895.1 	0.224811  1  -3806.02  9433
O16 	14895.1 	0.425846  1  2230.08  2938
O16 	14895.1 	0.307214  1  4905.13  95
O16 	14895.1 	0.192601  1  -3504.57  8950
O16 	14895.1 	1.2284  1  3166.82  1916
O16 	14895.1 	0.43474  1  714.471  4468
O16 	14895.1 	0.214659  1  -1150.94  6478
O16 	14895.1 	0.207235  1  2376.29  2687
O16 	14895.1 	1.19761  1  -2728.28  8159
O16 	14895.1 	0.701613  1  -4712.27  10235
O16 	14895.1 	0.245749  1  2483.71  2680
O16 	14895.1 	0.450336  1  -3520  8923
O16 	14895.1 	0.201417  1  -2245.08  7793
O16 	14895.1 	0.253537  1  -1550.89  6913
O16 	14895.1 	0.289302  1  4976.87  27
O16 	14895.1 	0.432328  1  2241.11  2917
O16 	14895.1 	0.31322  1  -2221.86  7365
O16 	14895.1 	0.332135  1  -3692.93  9300
O16 	14895.1 	0.419089  1  2384.65  2694
O16 	14895.1 	0.378859  1  2270.35  2809
O16 	14895.1 	0.515386  1  4750.26  249
O16 	14895.1 	0.352381  1  -2311.84  7800
O16 	14895.1 	0.287973  1  -1441.65  6831
O16 	14895.1 	0.44383  1  2476.55  2730
O16 	14895.1 	0.248097  1  3437.44  1588
O16 	14895.1 	2.74732  1  3693.76  1348
O16 	14895.1 	0.578513  1  -3003.1  8498
O16 	14895.1 	0.258062  1  463.438  4920
O16 	14895.1 	0.829635  1  -3818.78  9268
O16 	14895.1 	0.287933  1  -3380.51  8726
O16 	14895.1 	0.200557  1  -3816.35  9322
O16 	14895.1 	0.603751  1  4234.47  822
O16 	14895.1 	0.201748  1  -3310.71  8494
O16 	14895.1 	1.49203  1  2851.07  2271
O16 	14895.1 	0.349544  1  -2685.26  8089
O16 	14895.1 	0.188326  1  2430.56  2660
O16 	14895.1 	0.36053  1  -3443.05  8858
O16 	14895.1 	0.434054  1  -1586.59  6915
O16 	14895.1 	0.297313  1  -2251.48  7474
O16 	14895.1 	1.07916  1  -3801.95  9236
O16 	14895.1 	0.953901  1  1076.41  4213
O16 	14895.1 	1.14822  1  -2033.83  7438
O16 	14895.1 	0.312759  1  -2067.21  7599
O16 	14895.1 	1.92451  1  2023.38  3076
O16 	14895.1 	0.351952  1  1041.62  4199
O16 	14895.1 	0.263544  1  -4092.96  9653
O16 	14895.1 	0.481471  1  -4762.14  10145
O16 	14895.1 	0.193033  1  -1506.7  6808
O16 	14895.1 	1.08389  1  -1374.4  6860
O16 	14895.1 	0.761579  1  3737.71  1336
O16 	14895.1 	0.288266  1  3064.49  2071
O16 	14895.1 	0.284866  1  -103.258  5376
O16 	14895.1 	0.192697  1  -3211.75  8608
O16 	14895.1 	0.28898  1  2678.99  2405
O16 	14895.1 	0.43747  1  3211.35  1938
O16 	14895.1 	0.190068  1  3062.5  2079
O16 	14895.1 	0.351591  1  1360.3  3805
O16 	14895.1 	0.691338  1  813.869  4439
O16 	14895.1 	1.39828  1  -4085.54  9737
O16 	14895.1 	0.384951  1  -3941.65  9506
O16 	14895.1 	0.196507  1  3831.76  1286
O16 	14895.1 	0.216753  1  -4659.83  10169
O16 	14895.1 	0.244391  1  -3932.52  9347
O16 	14895.1 	0.799471  1  -788.19  6153
O16 	14895.1 	0.367127  1  -2777.56  8209
O16 	14895.1 	0.241733  1  -2269.47  7672
O16 	14895.1 	0.276191  1  3571.07  1453
O16 	14895.1 	0.221185  1  4359.95  694
O16 	14895.1 	0.467924  1  -1694.84  7051
O16 	14895.1 	0.285199  1  2507.43  2623
O16 	14895.1 	8.87121  1  2713.43  2389
O16 	14895.1 	0.231925  1  -3741.87  9188
O16 	14895.1 	0.924059  1  -342.018  5633
O16 	14895.1 	0.220513  1  4850.95  167
O16 	14895.1 	0.194519  1  -739.307  6085
O16 	14895.1 	0.67549  1  -2758.26  8215
O16 	14895.1 	0.292308  1  4660.25  370
O16 	14895.1 	0.552683  1  4526.68  549
O16 	14895.1 	0.760334  1  -3514.69  8965
O16 	14895.1 	0.275821  1  -3926.21  9149
O16 	14895.1 	0.378809  1  683.275  4563
O16 	14895.1 	0.249657  1  4565.83  468
O16 	14895.1 	0.288186  1  250.492  5048
O16 	14895.1 	0.209709  1  -3420.94  8885
O16 	14895.1 	0.275303  1  -3592.85  9051
O16 	14895.1 	0.219321  1  1762.02  3557
O16 	14895.1 	0.359225  1  -3999.48  9385
O16 	14895.1 	0.266294  1  4164.22  914
O16 	14895.1 	0.290541  1  2004.18  3352
O16 	14895.1 	0.269582  1  3521.09  1563
O16 	14895.1 	0.331262  1  2031.5  3132
O16 	14895.1 	0.701485  1  3025.18  2058
O16 	14895.1 	0.211899  1  3155.59  1997
O16 	14895.1 	0.266349  1  -364.014  5732
O16 	14895.1 	0.938527  1  -2693.1  8093
O16 	14895.1 	0.396696  1  1288.41  4049
O16 	14895.1 	0.296426  1  -287.036  5542
O16 	14895.1 	0.188288  1  -592.601  5800
O16 	14895.1 	0.194733  1  -3863.78  9371
O16 	14895.1 	0.349225  1  -3916.1  9394
O16 	14895.1 	1.72279  1  -2473.72  7946
O16 	14895.1 	0.236502  1  -1401.94  6710
O16 	14895.1 	0.693552  1  1732.33  3387
O16 	14895.1 	0.270908  1  69.71  5131
O16 	14895.1 	0.239601  1  -1473.71  6806
O16 	14895.1 	0.30421  1  -2140.24  7373
O16 	14895.1 	0.597524  1  -2195.18  7592
O16 	14895.1 	0.240495  1  3120.12  2065
O16 	14895.1 	0.950038  1  3201.52  1856
O16 	14895.1 	0.505296  1  4071.69  1011
O16 	14895.1 	0.335684  1  -2366.05  7798
O16 	14895.1 	0.266591  1  -3429.06  8855
O16 	14895.1 	0.289816  1  -1861.48  7369
O16 	14895.1 	0.224144  1  818.361  4391
O16 	14895.1 	0.569592  1  634.827  4644
O16 	14895.1 	0.214988  1  1347.95  3861
O16 	14895.1 	0.19488  1  1697.08  3481
O16 	14895.1 	0.309718  1  2738.69  2348
O16 	14895.1 	0.431753  1  4697.81  332
O16 	14895.1 	0.192166  1  3302.56  1845
O16 	14895.1 	0.490321  1  1866.99  3351
O16 	14895.1 	0.365693  1  947  4305
O16 	14895.1 	0.224445  1  -3220.49  8870
O16 	14895.1 	0.188393  1  -710.823  6126
O16 	14895.1 	0.930693  1  2957.36  2276
O16 	14895.1 	0.591561  1  1679.63  3486
O16 	14895.1 	0.272561  1  1397.06  3733
O16 	14895.1 	0.576383  1  -335.34  5623
O16 	14895.1 	1.1651  1  2048.45  3196
O16 	14895.1 	0.229662  1  842.742  4375
O16 	14895.1 	0.219996  1  -2563.33  7986
O16 	14895.1 	0.219196  1  -3186.52  8854
O16 	14895.1 	0.301151  1  -2663.91  8036
O16 	14895.1 	0.229438  1  816.804  4342
O16 	14895.1 	0.266082  1  -3456.78  8860
O16 	14895.1 	0.232674  1  4343.62  713
O16 	14895.1 	0.618109  1  -3262.08  8741
O16 	14895.1 	0.370076  1  -3087.48  8291
O16 	14895.1 	0.644682  1  -1114.55  6339
O16 	14895.1 	1.34399  1  2954.95  2242
O16 	14895.1 	0.288401  1  -1945.64  7280
O16 	14895.1 	0.193136  1  3372.67  1634
O16 	14895.1 	0.586936  1  -4561.9  9910
O16 	14895.1 	0.491382  1  -3822.5  9298
O16 	14895.1 	0.475434  1  -354.015  5510
O16 	14895.1 	0.503296  1  3081.84  1985
O16 	14895.1 	0.347935  1  2935.87  2132
O16 	14895.1 	0.335533  1  -4593.98  10090
O16 	14895.1 	0.461622  1  -4265.75  9706
O16 	14895.1 	0.223139  1  -3618.24  9115
O16 	14895.1 	0.197557  1  2307.8  2863
O16 	14895.1 	0.200293  1  281.693  4961
O16 	14895.1 	0.272932  1  1719.13  3505
O16 	14895.1 	0.428072  1  117.174  5073
O16 	14895.1 	0.224587  1  3541.11  1586
O16 	14895.1 	0.456599  1  965.549  4233
O16 	14895.1 	0.402481  1  4158.77  912
O16 	14895.1 	0.237933  1  -796.14  6211
O16 	14895.1 	0.23965  1  -4157.54  9645
O16 	14895.1 	0.252669  1  -4106.53  9679
O16 	14895.1 	0.275987  1  1469.49  3722
O16 	14895.1 	0.456661  1  1518.66  3756
O16 	14895.1 	0.748999  1  -2262.35  7697
O16 	14895.1 	0.938855  1  4610.43  412
O16 	14895.1 	0.433371  1  2142.64  3017
O16 	14895.1 	0.270026  1  -1945.41  7441
O16 	14895.1 	1.06204  1  3640.01  1428
O16 	14895.1 	0.300322  1  -1070.03  6330
O16 	14895.1 	0.619831  1  -1969.19  7226
O16 	14895.1 	2.70851  1  -1193.31  6562
O16 	14895.1 	0.69708  1  -4409.57  10099
O16 	14895.1 	1.84954  1  4816.08  207
O16 	14895.1 	0.256338  1  -2349.74  7842
O16 	14895.1 	0.271462  1  2455.87  2666
O16 	14895.1 	0.297243  1  -1619.59  6975
O16 	14895.1 	0.384342  1  -1234.31  6455
O16 	14895.1 	0.238121  1  1704.18  3425
O16 	14895.1 	2.31261  1  3735.01  1346
O16 	14895.1 	0.769364  1  -4064.72  9683
O16 	14895.1 	0.556321  1  -2527.76  7948
O16 	14895.1 	0.515585  1  -2977.13  8321
O16 	14895.1 	0.333297  1  -2576.75  7978
O16 	14895.1 	4.09322  1  -1275  6478
O16 	14895.1 	0.950014  1  -180.513  5343
O16 	14895.1 	0.513853  1  3373.56  1791
O16 	14895.1 	0.271328  1  -952.701  6237
O16 	14895.1 	0.363872  1  -1780.55  7076
O16 	14895.1 	0.224293  1  -1259.13  6855
O16 	14895.1 	0.417752  1  -3968.49  9469
O16 	14895.1 	0.193612  1  3847.03  1193
O16 	14895.1 	0.325123  1  2554.49  2501
O16 	14895.1 	0.257795  1  3976.6  1065
O16 	14895.1 	0.704471  1  -2246.68  7590
O16 	14895.1 	0.384003  1  1179.6  4038
O16 	14895.1 	0.306301  1  505.803  4864
O16 	14895.1 	0.430259  1  -958.671  6266
O16 	14895.1 	0.372021  1  -1267.23  6637
O16 	14895.1 	0.330778  1  -4140.15  9626
O16 	14895.1 	0.792925  1  4481.27  551
O16 	14895.1 	0.198215  1  -233.707  5393
O16 	14895.1 	0.406207  1  -2224.36  7686
O16 	14895.1 	0.63122  1  373.899  4979
O16 	14895.1 	0.192778  1  3075.95  1955
O16 	14895.1 	0.278921  1  -3036.47  8518
O16 	14895.1 	0.206297  1  -3366.47  8897
O16 	14895.1 	0.352491  1  2371.78  2775
O16 	14895.1 	0.245366  1  3546.4  1504
O16 	14895.1 	0.388473  1  2398.05  2690
O16 	14895.1 	0.219111  1  -271.242  5529
O16 	14895.1 	0.312092  1  4536.33  473
O16 	14895.1 	0.352157  1  -3557.7  8957
O16 	14895.1 	0.284102  1  4453.17  599
O16 	14895.1 	0.891727  1  76.5378  5186
O16 	14895.1 	0.488539  1  1088.86  4137
O16 	14895.1 	1.49178  1  -4088.43  9606
O16 	14895.1 	0.267394  1  771.117  4431
O16 	14895.1 	0.219116  1  -4528.94  10010
O16 	14895.1 	0.201994  1  -2608.19  8097
O16 	14895.1 	0.473243  1  -116.167  5205
O16 	14895.1 	0.291815  1  -2018.34  7497
O16 	14895.1 	0.459483  1  -3727.61  9097
O16 	14895.1 	0.268094  1  4598.73  415
O16 	14895.1 	0.995676  1  -3159.65  8393
O16 	14895.1 	0.38651  1  205.374  5042
O16 	14895.1 	0.317473  1  -2082.51  7474
O16 	14895.1 	0.357211  1  2761.99  2437
O16 	14895.1 	0.625977  1  2121.53  3146
O16 	14895.1 	0.261606  1  1175.43  3905
O16 	14895.1 	0.423427  1  2096.37  3077
O16 	14895.1 	0.248414  1  -1914.17  7237
O16 	14895.1 	0.3797  1  -4940.99  10361
O16 	14895.1 	0.733441  1  -678.569  6082
O16 	14895.1 	0.234895  1  -4516.04  9890
O16 	14895.1 	1.59749  1  3844.99  1202
O16 	14895.1 	0.291815  1  -2245.55  7690
O16 	14895.1 	0.321566  1  1268.9  3912
O16 	14895.1 	0.288244  1  -3517.08  8996
O16 	14895.1 	0.222513  1  524.981  4688
O16 	14895.1 	0.462735  1  4516.89  502
O16 	14895.1 	0.305313  1  -967.915  6211
O16 	14895.1 	0.189791  1  -4737.2  10169
O16 	14895.1 	0.189608  1  -1984.85  7331
O16 	14895.1 	0.217607  1  -122.067  5319
O16 	14895.1 	0.988054  1  -2433.1  7732
O16 	14895.1 	0.190171  1  3917.67  1168
O16 	14895.1 	0.256536  1  -439.298  5673
O16 	14895.1 	0.2967  1  4923.27  79
O16 	14895.1 	0.35912  1  -96.2649  5341
O16 	14895.1 	0.219859  1  -1791.13  7211
O16 	14895.1 	0.51511  1  -4453.4  10038
O16 	14895.1 	0.289605  1  3519.48  1558
O16 	14895.1 	0.288921  1  2408.52  2713
O16 	14895.1 	0.307324  1  4879.31  115
O16 	14895.1 	0.417661  1  -4539.25  10080
O16 	14895.1 	0.228644  1  -2356.68  7593
O16 	14895.1 	0.8166  1  -4268.67  9646
O16 	14895.1 	0.262768  1  -4653.83  10131
O16 	14895.1 	0.674878  1  -4868.91  10409
O16 	14895.1 	0.468036  1  -3010.2  8353
O16 	14895.1 	0.273179  1  2397.24  2663
O16 	14895.1 	0.387271  1  4780.77  232
O16 	14895.1 	0.359918  1  -4902.3  10507
O16 	14895.1 	0.236019  1  2105.13  3084
O16 	14895.1 	0.506898  1  4576.76  431
O16 	14895.1 	0.340043  1  3758.93  1325
O16 	14895.1 	0.533475  1  192.318  5148
O16 	14895.1 	0.247032  1  -4959.28  10564
O16 	14895.1 	0.211512  1  2684.71  2488
O16 	14895.1 	0.266846  1  -114.45  5374
O16 	14895.1 	0.305278  1  1489.56  3681
O16 	14895.1 	0.341655  1  412.926  4768
O16 	14895.1 	0.291718  1  -1254.8  6547
O16 	14895.1 	0.19547  1  -4326.16  9900
O16 	14895.1 	0.205475  1  -1270.09  6621
O16 	14895.1 	0.457292  1  4876.37  124
O16 	14895.1 	0.533037  1  2693.68  2439
O16 	14895.1 	0.211499  1  -4351.82  9754
O16 	14895.1 	0.236739  1  -1184.11  6468
O16 	14895.1 	0.333375  1  -201.805  5450
O16 	14895.1 	0.664895  1  272.869  5108
O16 	14895.1 	0.565813  1  -388.399  5531
O16 	14895.1 	0.435771  1  3526.43  1553
O16 	14895.1 	0.320783  1  825.809  4360
O16 	14895.1 	0.477273  1  4619.11  409
O16 	14895.1 	0.3067  1  2209.87  2966
O16 	14895.1 	0.431813  1  -3244.62  8536
O16 	14895.1 	0.417529  1  -4201.76  9568
O16 	14895.1 	0.247772  1  -4464.9  9947
O16 	14895.1 	0.210946  1  2777.77  2313
O16 	14895.1 	0.21749  1  -4666.75  10273
O16 	14895.1 	0.322869  1  1589.23  3570
O16 	14895.1 	0.2347  1  -4632.85  10171
O16 	14895.1 	0.18849  1  -3278.84  8752
O16 	14895.1 	1.63914  1  -1119.1  6438
O16 	14895.1 	0.427345  1  -3611.07  9020
O16 	14895.1 	0.429058  1  -3597.37  9103
O16 	14895.1 	0.276523  1  -1272.71  6484
O16 	14895.1 	0.199701  1  3273.13  1792
O16 	14895.1 	0.27791  1  -2523.59  8034
O16 	14895.1 	0.273589  1  1465.42  3778
O16 	14895.1 	0.323077  1  -1683.32  7064
O16 	14895.1 	0.200289  1  3837.82  1239
O16 	14895.1 	0.919936  1  -1922.45  7274
O16 	14895.1 	0.201346  1  3589.51  1463
O16 	14895.1 	0.73588  1  3794.32  1231
O16 	14895.1 	0.738109  1  1740.52  3460
O16 	14895.1 	0.20761  1  -2323.14  7834
O16 	14895.1 	0.192816  1  3931.37  1122
O16 	14895.1 	0.267652  1  4035.77  986
O16 	14895.1 	0.279572  1  -4583.01  9948
O16 	14895.1 	0.210303  1  1666.41  3525
O16 	14895.1 	5.97289  1  -842.442  6145
O16 	14895.1 	0.194771  1  1953.91  3166
O16 	14895.1 	0.196089  1  628.902  4537
O16 	14895.1 	0.190086  1  -920.706  6151
O16 	14895.1 	0.223066  1  -4857.48  10267
O16 	14895.1 	0.279057  1  1259.85  3939
O16 	14895.1 	0.683055  1  -649.003  5874
O16 	14895.1 	0.7515  1  -4788.93  10290
O16 	14895.1 	0.2744  1  2537.52  2609
O16 	14895.1 	0.4248  1  -2866.24  8251
O16 	14895.1 	0.205565  1  3832.18  1191
O16 	14895.1 	0.361918  1  1561.55  3626
O16 	14895.1 	0.292368  1  -129.788  5419
O16 	14895.1 	0.450486  1  -4570.28  10197
O16 	14895.1 	0.214193  1  1714.1  3511
O16 	14895.1 	0.1924  1  1731.48  3510
O16 	14895.1 	1.42118  1  3321.46  1761
O16 	14895.1 	0.390098  1  -2386.7  7703
O16 	14895.1 	0.222896  1  3657.82  1428
O16 	14895.1 	0.353576  1  -4261.4  9722
O16 	14895.1 	0.192592  1  -1256.39  6545
O16 	14895.1 	0.242524  1  -3549.35  8909
O16 	14895.1 	0.263666  1  -234.287  5545
O16 	14895.1 	0.196483  1  2048.23  3117
O16 	14895.1 	0.299868  1  3650.5  1425
O16 	14895.1 	1.12355  1  536.916  4694
O16 	14895.1 	0.894796  1  -3044.53  8570
O16 	14895.1 	0.193426  1  1434.54  3839
O16 	14895.1 	0.420525  1  -996.777  6284
O16 	14895.1 	0.197508  1  -2964.47  8318
O16 	14895.1 	0.225555  1  -4369.34  9689
O16 	14895.1 	0.191077  1  -4210.45  9760
O16 	14895.1 	0.665  1  -603.099  6026
O16 	14895.1 	0.373463  1  3009.36  2081
O16 	14895.1 	0.532635  1  3635.06  1473
O16 	14895.1 	0.522805  1  -98.8687  5284
O16 	14895.1 	0.257977  1  -3190.4  8570
O16 	14895.1 	0.422732  1  2812.24  2183
O16 	14895.1 	0.310809  1  2196.98  2947
O16 	14895.1 	0.263913  1  3638.88  1398
O16 	14895.1 	0.267319  1  2605.11  2549
O16 	14895.1 	0.286229  1  -4394.5  9678
O16 	14895.1 	0.794696  1  3485.28  1637
O16 	14895.1 	0.227619  1  -333.797  5517
O16 	14895.1 	0.212152  1  -4939.19  10545
O16 	14895.1 	0.749683  1  4775.38  234
O16 	14895.1 	0.641138  1  -1062.51  6356
O16 	14895.1 	0.371222  1  -3291.25  8596
O16 	14895.1 	0.338497  1  -2920.15  8401
O16 	14895.1 	0.24362  1  -201.09  5498
O16 	14895.1 	0.520919  1  -4117.59  9509
O16 	14895.1 	0.201823  1  1347.97  3873
O16 	14895.1 	0.514599  1  -2936.61  8305
O16 	14895.1 	0.315195  1  -528.565  6030
O16 	14895.1 	0.540746  1  2131.14  3002
O16 	14895.1 	1.06577  1  1433.71  3794
O16 	14895.1 	5.43669  1  908.166  4385
O16 	14895.1 	0.236255  1  -3261.7  8687
O16 	14895.1 	0.224257  1  -3719.34  9203
O16 	14895.1 	0.528818  1  -615.25  5949
O16 	14895.1 	0.195228  1  4811.68  178
O16 	14895.1 	0.381681  1  -3331.46  8744
O16 	14895.1 	1.47962  1  824.931  4495
O16 	14895.1 	0.239139  1  -4986.41  10383
O16 	14895.1 	0.30949  1  -2230.73  7626
O16 	14895.1 	1.78883  1  -4501.31  10094
O16 	14895.1 	0.347122  1  2865.44  2268
O16 	14895.1 	0.465357  1  3622.83  1449
O16 	14895.1 	0.229514  1  3170.43  1938
O16 	14895.1 	13.4381  1  -1433.46  6733
O16 	14895.1 	0.389556  1  -1379.91  6692
O16 	14895.1 	0.249702  1  -1091.19  6490
O16 	14895.1 	0.465677  1  -2905.9  8395
O16 	14895.1 	0.253032  1  -1353.56  6711
O16 	14895.1 	1.71655  1  3821.76  1214
O16 	14895.1 	0.209442  1  938.466  4200
O16 	14895.1 	0.206451  1  -963.008  6200
O16 	14895.1 	0.190314  1  100.962  5159
