O16 	14895.1 	0.205559  1  3955.05  1107
O16 	14895.1 	1.0235  1  2492.08  2677
O16 	14895.1 	0.193579  1  -2317.35  7610
O16 	14895.1 	0.725836  1  4807.2  193
O16 	14895.1 	0.77057  1  -2765.07  8272
O16 	14895.1 	0.200543  1  2634.03  2534
O16 	14895.1 	0.524617  1  2989.96  2127
O16 	14895.1 	0.193993  1  3962.51  1145
O16 	14895.1 	0.652807  1  -2244.2  7598
O16 	14895.1 	0.202917  1  446.704  4730
O16 	14895.1 	0.538545  1  -1866.61  7243
O16 	14895.1 	0.219475  1  -2520.31  8178
O16 	14895.1 	0.861653  1  -2866.78  8337
O16 	14895.1 	0.387973  1  -3304.79  8764
O16 	14895.1 	0.671001  1  -4140.01  9682
O16 	14895.1 	0.370734  1  -3989.19  9534
O16 	14895.1 	0.221322  1  273.108  4885
O16 	14895.1 	0.942289  1  -1837.96  7129
O16 	14895.1 	0.198302  1  -353.366  5685
O16 	14895.1 	0.219337  1  -2512.86  7789
O16 	14895.1 	0.739146  1  -3071.58  8511
O16 	14895.1 	0.376408  1  4603.78  410
O16 	14895.1 	0.523638  1  -3621.11  8896
O16 	14895.1 	0.309401  1  -1054.46  6387
O16 	14895.1 	0.199281  1  -1006.18  6430
O16 	14895.1 	0.244764  1  -4910.39  10445
O16 	14895.1 	0.203074  1  367.818  4734
O16 	14895.1 	0.207007  1  3707.13  1315
O16 	14895.1 	2.79777  1  808.492  4335
O16 	14895.1 	0.391496  1  3318.26  1769
O16 	14895.1 	2.59913  1  791.252  4432
O16 	14895.1 	0.704155  1  -1373.92  6682
O16 	14895.1 	0.281481  1  1316.22  3945
O16 	14895.1 	1.06271  1  -442.161  5695
O16 	14895.1 	0.435005  1  -3367.01  8692
O16 	14895.1 	0.240274  1  2852.02  2138
O16 	14895.1 	0.316998  1  -4150.08  9670
O16 	14895.1 	0.706181  1  -2566.17  7972
O16 	14895.1 	0.371216  1  3880.4  1194
O16 	14895.1 	0.372801  1  -67.3938  5410
O16 	14895.1 	0.232725  1  -734.129  5896
O16 	14895.1 	0.205489  1  -1805.01  7060
O16 	14895.1 	0.245989  1  1694.3  3396
O16 	14895.1 	6.94941  1  -2266.91  7541
O16 	14895.1 	0.221044  1  -986.482  6350
O16 	14895.1 	0.853653  1  3867.32  1220
O16 	14895.1 	0.207385  1  2953.62  2225
O16 	14895.1 	0.229333  1  -1442.8  6894
O16 	14895.1 	0.201125  1  -4695.28  10337
O16 	14895.1 	0.193165  1  -4799.7  10321
O16 	14895.1 	0.207823  1  622.184  4480
O16 	14895.1 	0.302979  1  -1203.82  6681
O16 	14895.1 	0.194471  1  -3140.77  8464
O16 	14895.1 	0.30169  1  4251.44  762
O16 	14895.1 	0.30061  1  -4050.86  9423
O16 	14895.1 	0.250368  1  3153.05  1929
O16 	14895.1 	0.777305  1  1814.52  3378
O16 	14895.1 	0.232931  1  -3187.83  8404
O16 	14895.1 	0.838708  1  -1574.5  6947
O16 	14895.1 	0.20037  1  556.841  4709
O16 	14895.1 	0.360198  1  -3619.71  9068
O16 	14895.1 	0.232936  1  -4569.32  10124
O16 	14895.1 	1.12933  1  4872.46  144
O16 	14895.1 	0.789106  1  -4038.27  9303
O16 	14895.1 	0.307145  1  -3946.28  9401
O16 	14895.1 	0.232576  1  1411.34  3825
O16 	14895.1 	0.207539  1  -44.9875  5274
O16 	14895.1 	0.396764  1  4476.03  530
O16 	14895.1 	0.431685  1  2384.45  2775
O16 	14895.1 	0.572314  1  -156.168  5354
O16 	14895.1 	0.198899  1  -1787.95  7208
O16 	14895.1 	0.197059  1  -1876.73  7282
O16 	14895.1 	0.212487  1  2269.88  2886
O16 	14895.1 	0.271814  1  4122.11  968
O16 	14895.1 	0.202387  1  -2553.24  8027
O16 	14895.1 	0.270464  1  3269.37  1775
O16 	14895.1 	0.367703  1  1151.2  4114
O16 	14895.1 	0.51259  1  4836.87  166
O16 	14895.1 	0.578985  1  1770.58  3350
O16 	14895.1 	0.251333  1  -915.433  6240
O16 	14895.1 	0.328431  1  -4374.1  9945
O16 	14895.1 	0.455498  1  2227.13  2943
O16 	14895.1 	0.223419  1  -2110.77  7477
O16 	14895.1 	0.29097  1  3703.47  1300
O16 	14895.1 	0.530214  1  134.437  5117
O16 	14895.1 	0.429173  1  3138.65  1923
O16 	14895.1 	0.204244  1  2261.4  2869
O16 	14895.1 	0.254995  1  -3209.4  8672
O16 	14895.1 	0.36338  1  -2820.07  8225
O16 	14895.1 	0.278707  1  2905.26  2216
O16 	14895.1 	0.195827  1  -3849.28  9181
O16 	14895.1 	0.352981  1  3890.27  1169
O16 	14895.1 	0.266225  1  -2568.24  7985
O16 	14895.1 	0.199359  1  -1418.13  6743
O16 	14895.1 	0.532363  1  -1096.13  6480
O16 	14895.1 	1.56066  1  -3225.25  8822
O16 	14895.1 	1.05904  1  -1301.66  6630
O16 	14895.1 	0.190191  1  -2523.73  7855
O16 	14895.1 	0.319586  1  4370.51  693
O16 	14895.1 	6.79519  1  -782.484  5992
O16 	14895.1 	0.775645  1  -1566.25  6770
O16 	14895.1 	0.38782  1  -823.25  6031
O16 	14895.1 	2.32086  1  3092.45  2014
O16 	14895.1 	0.747089  1  2433.08  2719
O16 	14895.1 	0.382369  1  3714.54  1365
O16 	14895.1 	0.213259  1  543.589  4593
O16 	14895.1 	0.365429  1  -3246.51  8524
O16 	14895.1 	0.419092  1  4822.55  182
O16 	14895.1 	0.476285  1  270.002  4906
O16 	14895.1 	0.313968  1  -2111.53  7479
O16 	14895.1 	0.196405  1  4090.61  991
O16 	14895.1 	0.193152  1  4890.42  113
O16 	14895.1 	0.207589  1  -1682.22  7083
O16 	14895.1 	0.563184  1  997.032  4130
O16 	14895.1 	0.197672  1  -3344.89  8726
O16 	14895.1 	0.265995  1  4711.55  306
O16 	14895.1 	0.206204  1  -862.211  6123
O16 	14895.1 	0.341379  1  4835.33  151
O16 	14895.1 	0.214928  1  4688.94  328
O16 	14895.1 	0.265148  1  -1477.31  6850
O16 	14895.1 	0.225174  1  -2772.09  8416
O16 	14895.1 	0.250511  1  2607.17  2541
O16 	14895.1 	0.241561  1  2345.09  2877
O16 	14895.1 	0.798761  1  -2480.41  7909
O16 	14895.1 	0.211934  1  -2438.26  7585
O16 	14895.1 	0.369539  1  -3191.25  8594
O16 	14895.1 	0.499371  1  -4670.6  10004
O16 	14895.1 	0.377924  1  -3177.99  8646
O16 	14895.1 	0.336128  1  -1014.63  6433
O16 	14895.1 	1.99842  1  4024.92  999
O16 	14895.1 	0.491736  1  3642.33  1447
O16 	14895.1 	0.250324  1  -1916.8  7342
O16 	14895.1 	0.227242  1  -2460.98  7866
O16 	14895.1 	0.360796  1  -983.307  6203
O16 	14895.1 	0.947491  1  4674.33  357
O16 	14895.1 	1.09312  1  -1951.7  7278
O16 	14895.1 	0.428481  1  -257.702  5541
O16 	14895.1 	0.193189  1  202.495  5099
O16 	14895.1 	0.340361  1  -3421.56  8807
O16 	14895.1 	0.703603  1  2911.58  2283
O16 	14895.1 	0.35779  1  -4656.3  10236
O16 	14895.1 	0.225888  1  -4447.33  9772
O16 	14895.1 	0.305348  1  -2681.02  8196
O16 	14895.1 	0.299333  1  1756.28  3429
O16 	14895.1 	0.79461  1  285.874  4895
O16 	14895.1 	1.19897  1  1477.02  3656
O16 	14895.1 	0.252074  1  -4869.78  10395
O16 	14895.1 	0.323501  1  -4158.99  9561
O16 	14895.1 	0.312986  1  -4957.13  10487
O16 	14895.1 	0.22192  1  -3215.76  8581
O16 	14895.1 	0.451415  1  -4508.38  10067
O16 	14895.1 	0.226341  1  1979.8  3138
O16 	14895.1 	0.327384  1  -4246.24  9751
O16 	14895.1 	0.229548  1  -2885.31  8335
O16 	14895.1 	0.282465  1  1418.03  3823
O16 	14895.1 	0.497165  1  -483.542  5844
O16 	14895.1 	0.212368  1  484.565  4647
O16 	14895.1 	0.219177  1  1989.52  3198
O16 	14895.1 	0.196261  1  -2423.15  7807
O16 	14895.1 	0.248458  1  -493.59  5782
O16 	14895.1 	0.26916  1  532.197  4805
O16 	14895.1 	1.32969  1  -2886.92  8250
O16 	14895.1 	1.89838  1  -2199.41  7496
O16 	14895.1 	0.247102  1  -2422.43  7697
O16 	14895.1 	0.321688  1  -2357.33  7526
O16 	14895.1 	0.326184  1  4266.63  765
O16 	14895.1 	0.197144  1  864.524  4302
O16 	14895.1 	1.56102  1  -2365.63  7852
O16 	14895.1 	0.504251  1  -17.7414  5204
O16 	14895.1 	0.487661  1  -2459.83  7766
O16 	14895.1 	0.217349  1  2103.8  3019
O16 	14895.1 	0.343046  1  -3464.43  8988
O16 	14895.1 	0.665812  1  -3981.07  9470
O16 	14895.1 	0.395524  1  -1335.84  6614
O16 	14895.1 	1.05094  1  -268.167  5446
O16 	14895.1 	0.445422  1  3405.44  1664
O16 	14895.1 	0.285661  1  2384.35  2759
O16 	14895.1 	0.19303  1  -2343.02  7668
O16 	14895.1 	0.204386  1  -4496.54  10007
O16 	14895.1 	0.711735  1  3585.32  1514
O16 	14895.1 	0.245042  1  2965.78  2144
O16 	14895.1 	2.38912  1  -4089.51  9499
O16 	14895.1 	3.36423  1  3035.04  2049
O16 	14895.1 	1.80606  1  -2390.08  7681
O16 	14895.1 	0.600328  1  48.7819  5200
O16 	14895.1 	0.204961  1  -1150.56  6459
O16 	14895.1 	0.236899  1  -103.292  5365
O16 	14895.1 	0.213923  1  1677.72  3578
O16 	14895.1 	0.476781  1  -1287.5  6663
O16 	14895.1 	0.222739  1  1496.48  3682
O16 	14895.1 	0.248439  1  2484.75  2601
O16 	14895.1 	0.245408  1  1312.75  3816
O16 	14895.1 	0.524013  1  4856.04  142
O16 	14895.1 	0.663409  1  2589.65  2489
O16 	14895.1 	0.240406  1  -2170.96  7471
O16 	14895.1 	0.443381  1  -3078.91  8410
O16 	14895.1 	0.484201  1  -374.791  5602
O16 	14895.1 	0.322203  1  -4765.47  10182
O16 	14895.1 	0.219663  1  -2460.33  7718
O16 	14895.1 	0.549393  1  1952.38  3249
O16 	14895.1 	0.417931  1  -230.363  5404
O16 	14895.1 	0.201138  1  -424.531  5698
O16 	14895.1 	0.359009  1  -4159.74  9735
O16 	14895.1 	0.236068  1  -4425.49  9910
O16 	14895.1 	0.220844  1  1429.74  3670
O16 	14895.1 	0.397656  1  4708.32  288
O16 	14895.1 	0.197416  1  -896.585  6218
O16 	14895.1 	0.249383  1  505.99  4801
O16 	14895.1 	0.512639  1  -555.66  5828
O16 	14895.1 	0.734561  1  -507.903  5900
O16 	14895.1 	0.190473  1  1619.74  3492
O16 	14895.1 	0.219089  1  1509.96  3653
O16 	14895.1 	0.396237  1  4718.24  297
O16 	14895.1 	0.710799  1  1889.83  3360
O16 	14895.1 	0.221896  1  -1926.24  7168
O16 	14895.1 	0.293071  1  -3912.98  9303
O16 	14895.1 	0.192293  1  -2160.49  7450
O16 	14895.1 	0.219173  1  1834.73  3265
O16 	14895.1 	0.227895  1  1180.63  3950
O16 	14895.1 	0.570607  1  -513.884  5782
O16 	14895.1 	0.24328  1  3160.09  1871
O16 	14895.1 	0.230681  1  -652.302  5893
O16 	14895.1 	0.879873  1  -1638.39  6903
O16 	14895.1 	0.390896  1  2032.29  3157
O16 	14895.1 	0.290339  1  -3471.41  8842
O16 	14895.1 	0.247867  1  -4459.63  9864
O16 	14895.1 	0.775934  1  2289.2  2883
O16 	14895.1 	0.285476  1  -4948.9  10439
O16 	14895.1 	0.465606  1  -49.6348  5456
O16 	14895.1 	0.477675  1  -580.23  5840
O16 	14895.1 	0.233699  1  -3029.48  8522
O16 	14895.1 	3.0674  1  1832.34  3281
O16 	14895.1 	0.546494  1  -2110.01  7383
O16 	14895.1 	0.19728  1  776.261  4481
O16 	14895.1 	0.217196  1  806.932  4427
O16 	14895.1 	1.09828  1  -1866.87  7174
O16 	14895.1 	0.267699  1  1148.61  4083
O16 	14895.1 	0.209351  1  3956.16  1183
O16 	14895.1 	0.345864  1  -50.7471  5327
O16 	14895.1 	0.424671  1  -2160.32  7488
O16 	14895.1 	0.284572  1  4687.75  358
O16 	14895.1 	0.188414  1  -826.317  6044
O16 	14895.1 	0.262511  1  -833.301  6243
O16 	14895.1 	1.45028  1  3807.53  1317
O16 	14895.1 	0.232137  1  -772.67  6156
O16 	14895.1 	0.717187  1  -4193.72  9712
O16 	14895.1 	0.262443  1  -2626.33  8122
O16 	14895.1 	0.202203  1  2414.27  2714
O16 	14895.1 	0.211443  1  1155.23  4065
O16 	14895.1 	0.192605  1  148.115  5153
O16 	14895.1 	0.422496  1  3811.07  1300
O16 	14895.1 	0.317897  1  -456.379  5792
O16 	14895.1 	0.24652  1  1501.51  3647
O16 	14895.1 	0.392263  1  2483.44  2582
O16 	14895.1 	0.307826  1  -160.588  5495
O16 	14895.1 	0.211237  1  2697.74  2460
O16 	14895.1 	0.437375  1  1318.1  3763
O16 	14895.1 	0.470711  1  3643.09  1425
O16 	14895.1 	0.290795  1  -2828.91  8254
O16 	14895.1 	0.230514  1  -2011.74  7246
O16 	14895.1 	0.195277  1  -4300.09  10002
O16 	14895.1 	0.584372  1  -4487.7  9910
O16 	14895.1 	0.220958  1  1021.28  4171
O16 	14895.1 	0.227667  1  4160.98  871
O16 	14895.1 	0.236619  1  1774.51  3310
O16 	14895.1 	0.198578  1  2095.65  3137
O16 	14895.1 	0.305951  1  2348.09  2827
O16 	14895.1 	0.211553  1  -3857.52  9435
O16 	14895.1 	0.237139  1  465.129  4852
O16 	14895.1 	0.267699  1  -2598.98  8046
O16 	14895.1 	0.400574  1  1249.24  4010
O16 	14895.1 	0.754893  1  -1501.11  6788
O16 	14895.1 	1.22803  1  2745.27  2355
O16 	14895.1 	0.346406  1  2313.01  2824
O16 	14895.1 	0.277975  1  1273.94  3789
O16 	14895.1 	0.359813  1  3968.8  1140
O16 	14895.1 	0.248351  1  -3384.48  8868
O16 	14895.1 	0.206421  1  605.719  4667
O16 	14895.1 	1.3751  1  -1565.89  6993
O16 	14895.1 	0.20914  1  2834.6  2369
O16 	14895.1 	0.406883  1  -1077.34  6397
O16 	14895.1 	0.4159  1  3016.35  2096
O16 	14895.1 	0.433031  1  4351.01  647
O16 	14895.1 	0.203664  1  -1761.66  7132
O16 	14895.1 	0.290228  1  2406.05  2771
O16 	14895.1 	0.2358  1  3926.14  1144
O16 	14895.1 	0.244132  1  419  4778
O16 	14895.1 	0.461449  1  711.627  4578
O16 	14895.1 	0.27261  1  -4361.74  9837
O16 	14895.1 	0.516969  1  -2910.43  8317
O16 	14895.1 	1.30424  1  -1761.01  7080
O16 	14895.1 	0.200965  1  -2316.83  7671
O16 	14895.1 	0.257415  1  -694.871  5978
O16 	14895.1 	0.254785  1  2351.74  2792
O16 	14895.1 	0.227415  1  -1028.91  6361
O16 	14895.1 	0.651801  1  -2049.99  7331
O16 	14895.1 	0.245668  1  4225.63  794
O16 	14895.1 	0.306998  1  3459.66  1601
O16 	14895.1 	0.22144  1  -3832.94  9221
O16 	14895.1 	0.212268  1  -2386.74  7898
O16 	14895.1 	0.481515  1  -1009.47  6146
O16 	14895.1 	0.227958  1  1584.52  3668
O16 	14895.1 	0.290354  1  -4918.33  10459
O16 	14895.1 	0.396921  1  -2273.87  7522
O16 	14895.1 	0.224157  1  1384.42  3770
O16 	14895.1 	0.190433  1  4957.44  43
O16 	14895.1 	0.295568  1  -3344.28  8582
O16 	14895.1 	2.30386  1  4519.32  521
O16 	14895.1 	0.766177  1  96.5489  5218
O16 	14895.1 	0.68603  1  -2255.17  7610
O16 	14895.1 	0.390426  1  1938.92  3243
O16 	14895.1 	0.247556  1  -2241.04  7527
O16 	14895.1 	0.203268  1  3612.52  1490
O16 	14895.1 	0.513792  1  2124.87  3092
O16 	14895.1 	0.487781  1  -2227.78  7561
O16 	14895.1 	0.280138  1  -4871.27  10383
O16 	14895.1 	0.212227  1  1367.76  3915
O16 	14895.1 	0.385302  1  -4982.51  10520
O16 	14895.1 	0.298167  1  2077.64  3060
O16 	14895.1 	0.362519  1  -27.3982  5248
O16 	14895.1 	0.71977  1  3638.49  1445
O16 	14895.1 	0.335567  1  1762.54  3417
O16 	14895.1 	0.250938  1  -1087.99  6292
O16 	14895.1 	0.224396  1  3911.52  1171
O16 	14895.1 	0.267579  1  -3843.56  9492
O16 	14895.1 	0.193753  1  971.545  4329
O16 	14895.1 	0.844905  1  -4672.94  10150
O16 	14895.1 	4.21467  1  3236.51  1823
O16 	14895.1 	2.29356  1  -4701.92  10286
O16 	14895.1 	0.260201  1  1288.25  3822
O16 	14895.1 	0.338147  1  1154.93  4077
O16 	14895.1 	0.266687  1  418.658  4890
O16 	14895.1 	0.228199  1  -2125.34  7524
O16 	14895.1 	0.475411  1  -3090.78  8410
O16 	14895.1 	0.395787  1  2114.62  3072
O16 	14895.1 	0.262735  1  2618.76  2549
O16 	14895.1 	0.304583  1  -4110.52  9362
O16 	14895.1 	0.292083  1  1718.91  3408
O16 	14895.1 	0.292374  1  344.237  4908
O16 	14895.1 	0.574318  1  2558.35  2585
O16 	14895.1 	0.208655  1  -3457.89  8728
O16 	14895.1 	0.533895  1  3421.94  1694
O16 	14895.1 	1.90566  1  -907.182  6157
O16 	14895.1 	0.3169  1  -1805.66  7111
O16 	14895.1 	0.204146  1  -2778.19  8317
O16 	14895.1 	0.949257  1  -4210.52  9574
O16 	14895.1 	0.220826  1  1403.97  3696
O16 	14895.1 	0.205411  1  4623.36  390
O16 	14895.1 	0.390207  1  896.582  4360
O16 	14895.1 	0.196808  1  417.722  4694
O16 	14895.1 	0.228216  1  4571.01  471
O16 	14895.1 	0.874363  1  657.596  4557
O16 	14895.1 	1.0702  1  2722.79  2349
O16 	14895.1 	0.306276  1  2292.94  2846
O16 	14895.1 	0.191064  1  -1858.09  7327
O16 	14895.1 	0.315872  1  -2527.22  7929
O16 	14895.1 	0.461587  1  -1397.82  6658
O16 	14895.1 	1.46806  1  -664.705  6032
O16 	14895.1 	0.243519  1  -3124.21  8643
O16 	14895.1 	0.19886  1  3726.86  1297
O16 	14895.1 	0.580095  1  1610.91  3512
O16 	14895.1 	0.298743  1  2073.05  3061
O16 	14895.1 	0.301296  1  -1649.93  6880
O16 	14895.1 	0.4108  1  4816.8  204
O16 	14895.1 	0.428981  1  2370.73  2824
O16 	14895.1 	0.192326  1  -4132.01  9531
O16 	14895.1 	0.289369  1  4931.9  76
O16 	14895.1 	0.378844  1  -4106.72  9519
O16 	14895.1 	1.89817  1  -2871.46  8226
O16 	14895.1 	0.269588  1  3962.01  1069
O16 	14895.1 	0.242648  1  -2739.26  8180
O16 	14895.1 	0.404987  1  -3814.95  9111
O16 	14895.1 	0.220149  1  -753.265  6111
O16 	14895.1 	0.267095  1  -2347.6  7754
O16 	14895.1 	0.301463  1  4078.77  1037
O16 	14895.1 	0.276514  1  -559.802  5920
O16 	14895.1 	0.440754  1  -1324.94  6539
O16 	14895.1 	0.328319  1  -3350.89  8802
O16 	14895.1 	0.255677  1  2323.85  2859
O16 	14895.1 	0.726883  1  -906.051  6177
O16 	14895.1 	0.520862  1  4483.14  579
O16 	14895.1 	0.190462  1  -293.287  5620
O16 	14895.1 	0.320354  1  -1863.26  7235
O16 	14895.1 	0.4044  1  -475.019  5735
O16 	14895.1 	0.209494  1  -2959.15  8398
O16 	14895.1 	0.295986  1  2784.59  2262
O16 	14895.1 	0.77179  1  -2384.38  7700
O16 	14895.1 	0.565528  1  186.212  5004
O16 	14895.1 	0.297116  1  -2781.44  8125
O16 	14895.1 	0.444859  1  -2533.95  7964
O16 	14895.1 	0.254267  1  -182.394  5394
O16 	14895.1 	0.420734  1  -2877.05  8190
O16 	14895.1 	0.53077  1  3671.26  1390
O16 	14895.1 	0.312233  1  1550.72  3648
O16 	14895.1 	0.198145  1  -2786.59  8197
O16 	14895.1 	0.188434  1  3690.32  1344
O16 	14895.1 	0.331506  1  1558.98  3718
O16 	14895.1 	0.390456  1  -3968.07  9301
O16 	14895.1 	0.362419  1  2250.23  2864
O16 	14895.1 	0.338806  1  405.789  4874
O16 	14895.1 	0.595003  1  4592.98  421
O16 	14895.1 	1.68739  1  -59.2204  5285
O16 	14895.1 	0.216683  1  -3823.28  9326
O16 	14895.1 	0.376257  1  2882.2  2256
O16 	14895.1 	0.433646  1  4421.27  603
O16 	14895.1 	0.277809  1  4301.1  755
O16 	14895.1 	0.377861  1  -4940.04  10458
O16 	14895.1 	0.377962  1  1595.32  3654
O16 	14895.1 	0.237189  1  4571.17  483
O16 	14895.1 	3.88474  1  -2968.37  8320
O16 	14895.1 	0.417963  1  -648.055  5837
O16 	14895.1 	0.29815  1  -1679.26  7078
O16 	14895.1 	1.35519  1  -646.613  5855
O16 	14895.1 	0.661925  1  1891.74  3184
O16 	14895.1 	0.27669  1  -1591.8  6912
O16 	14895.1 	0.766908  1  -4932.48  10470
O16 	14895.1 	1.41358  1  -2150.2  7539
O16 	14895.1 	0.282419  1  3920.13  1144
O16 	14895.1 	0.199726  1  -1963.87  7260
O16 	14895.1 	3.02147  1  4181.55  851
O16 	14895.1 	0.283122  1  -3137.67  8467
O16 	14895.1 	0.453071  1  4368.65  701
O16 	14895.1 	0.335417  1  4723.39  265
O16 	14895.1 	1.18436  1  -4892.35  10281
O16 	14895.1 	2.5244  1  -2835.97  8150
O16 	14895.1 	0.2362  1  -3655.14  9106
O16 	14895.1 	0.242548  1  4884.02  114
O16 	14895.1 	0.199591  1  1730.31  3490
O16 	14895.1 	0.293926  1  4954.71  44
O16 	14895.1 	0.462497  1  4690.35  320
O16 	14895.1 	0.261513  1  -4658.47  10025
O16 	14895.1 	0.320792  1  3436.59  1715
O16 	14895.1 	0.222411  1  -4168.91  9507
O16 	14895.1 	0.29628  1  -4025.14  9480
O16 	14895.1 	1.16685  1  -409.572  5777
O16 	14895.1 	0.323673  1  -4462.62  9824
O16 	14895.1 	0.31014  1  -3219.53  8617
O16 	14895.1 	0.488137  1  -3906.54  9394
O16 	14895.1 	0.87585  1  -534.099  5806
O16 	14895.1 	1.38384  1  -2882.84  8218
O16 	14895.1 	0.561751  1  4115.68  967
O16 	14895.1 	1.18594  1  499.646  4643
O16 	14895.1 	0.571718  1  -3871.08  9274
O16 	14895.1 	0.713174  1  4130.03  939
O16 	14895.1 	0.450371  1  3703.5  1383
O16 	14895.1 	0.410545  1  -628.431  5880
O16 	14895.1 	2.38958  1  3122.71  1950
O16 	14895.1 	0.230441  1  1349.56  3901
O16 	14895.1 	0.262755  1  -2856.73  8233
O16 	14895.1 	0.27583  1  438.142  4692
O16 	14895.1 	0.254568  1  -3610.08  9063
O16 	14895.1 	0.196723  1  662.134  4645
O16 	14895.1 	0.211622  1  -3087.5  8490
O16 	14895.1 	1.0362  1  -657.942  6043
O16 	14895.1 	0.20558  1  4942.68  59
O16 	14895.1 	0.956095  1  -2582.51  7911
O16 	14895.1 	0.193618  1  -3518.12  8950
O16 	14895.1 	0.194965  1  -4563.03  10093
O16 	14895.1 	0.188711  1  4114.04  911
O16 	14895.1 	0.471082  1  4101.11  924
O16 	14895.1 	0.494247  1  3274.97  1763
O16 	14895.1 	0.195529  1  2811.42  2278
O16 	14895.1 	0.365717  1  -1107.66  6426
O16 	14895.1 	0.401344  1  -4680.31  10231
O16 	14895.1 	0.289056  1  1213.18  3942
O16 	14895.1 	0.272744  1  1163.39  4013
O16 	14895.1 	0.308976  1  -4354.41  9790
O16 	14895.1 	0.590115  1  -1911.41  7430
O16 	14895.1 	0.21426  1  2531.51  2644
O16 	14895.1 	0.698152  1  -3961.93  9392
O16 	14895.1 	0.212096  1  -390.283  5627
O16 	14895.1 	0.323641  1  -2027.86  7468
O16 	14895.1 	0.222622  1  4493.52  540
O16 	14895.1 	0.349062  1  -1460.59  6736
O16 	14895.1 	0.306898  1  4945.96  55
O16 	14895.1 	0.760557  1  3782.76  1333
O16 	14895.1 	0.215065  1  -2054.29  7352
O16 	14895.1 	0.368072  1  -2477.65  7646
O16 	14895.1 	0.256315  1  896.727  4348
O16 	14895.1 	0.235599  1  -3461.22  8709
O16 	14895.1 	0.292734  1  -3006.83  8357
O16 	14895.1 	0.474866  1  3630.79  1485
O16 	14895.1 	0.306238  1  -2708.3  7933
O16 	14895.1 	0.200379  1  3115.71  1961
O16 	14895.1 	0.544627  1  989.919  4182
O16 	14895.1 	0.228579  1  -2469.36  7726
O16 	14895.1 	0.272443  1  4391.59  611
O16 	14895.1 	0.233747  1  2767.87  2298
O16 	14895.1 	0.190551  1  3104.14  1984
O16 	14895.1 	0.189646  1  2408.64  2699
O16 	14895.1 	0.531241  1  -3414.33  8777
O16 	14895.1 	0.195463  1  461.064  4794
O16 	14895.1 	0.280364  1  -1466.29  6838
O16 	14895.1 	0.291267  1  -4834.09  10322
O16 	14895.1 	0.733223  1  4041.21  964
O16 	14895.1 	0.254319  1  2869.05  2232
O16 	14895.1 	0.198998  1  2185.94  2948
O16 	14895.1 	0.322691  1  4019.76  1095
O16 	14895.1 	0.213019  1  -997.779  6142
O16 	14895.1 	0.193633  1  -173.789  5353
O16 	14895.1 	0.283999  1  -3511.4  8829
O16 	14895.1 	0.594322  1  -3110.47  8411
O16 	14895.1 	0.811374  1  -2440.4  7863
O16 	14895.1 	0.188555  1  -3079.63  8557
O16 	14895.1 	3.99474  1  -4028.37  9535
O16 	14895.1 	0.192277  1  2195.69  2946
O16 	14895.1 	0.261789  1  1097.2  4186
O16 	14895.1 	1.19867  1  3510.79  1563
O16 	14895.1 	0.466679  1  928.929  4316
O16 	14895.1 	0.597427  1  -1794.8  7052
O16 	14895.1 	0.461855  1  1146.21  4046
O16 	14895.1 	0.268253  1  3774.14  1313
O16 	14895.1 	0.437479  1  674.775  4481
O16 	14895.1 	1.03383  1  -2330.85  7692
O16 	14895.1 	0.326256  1  4613.55  383
O16 	14895.1 	0.23243  1  2455.09  2666
O16 	14895.1 	2.25165  1  1866.42  3305
O16 	14895.1 	0.544523  1  1149.89  4008
O16 	14895.1 	0.361413  1  -1039.53  6364
O16 	14895.1 	0.257395  1  2122.27  3033
O16 	14895.1 	0.209176  1  -2414.12  7706
O16 	14895.1 	0.583458  1  1565.78  3574
O16 	14895.1 	0.334515  1  -756.784  5979
O16 	14895.1 	0.403268  1  -3808.77  9222
O16 	14895.1 	0.483768  1  3005.2  2174
O16 	14895.1 	0.62204  1  -1809.37  7223
O16 	14895.1 	0.296753  1  -3748.45  9196
O16 	14895.1 	0.248795  1  -4494.61  10001
O16 	14895.1 	0.461469  1  1531.83  3620
O16 	14895.1 	1.89783  1  -3813.62  9221
O16 	14895.1 	0.353386  1  651.408  4579
O16 	14895.1 	0.20279  1  2554.58  2630
O16 	14895.1 	0.472855  1  -3126.43  8664
O16 	14895.1 	0.473983  1  610.973  4590
O16 	14895.1 	0.450915  1  -2959.45  8343
O16 	14895.1 	0.563433  1  -3513.42  8883
O16 	14895.1 	0.641307  1  -4939.95  10401
O16 	14895.1 	0.283109  1  2700.54  2399
O16 	14895.1 	0.393271  1  -3197.03  8441
O16 	14895.1 	0.28274  1  4713.17  310
O16 	14895.1 	0.309887  1  -2680.15  8295
O16 	14895.1 	1.27381  1  2205.47  3011
O16 	14895.1 	0.453597  1  -588.793  5811
O16 	14895.1 	0.467654  1  -4811.73  10238
O16 	14895.1 	0.401173  1  -4218.95  9627
O16 	14895.1 	0.422872  1  3812.6  1166
O16 	14895.1 	0.194058  1  1032.79  4149
O16 	14895.1 	0.339117  1  2025.52  3081
O16 	14895.1 	0.28553  1  -1642.09  6973
O16 	14895.1 	0.604013  1  3533.64  1514
O16 	14895.1 	0.906375  1  995.983  4305
O16 	14895.1 	0.459543  1  -2988.44  8222
O16 	14895.1 	1.01315  1  -2179.13  7465
O16 	14895.1 	0.65391  1  4192.17  886
O16 	14895.1 	0.697084  1  3390.72  1731
O16 	14895.1 	0.308121  1  3213.19  1908
O16 	14895.1 	0.1905  1  3327.08  1742
O16 	14895.1 	0.557474  1  1015.97  4225
O16 	14895.1 	0.391252  1  -3425.15  9015
O16 	14895.1 	0.220388  1  -4818.65  10295
O16 	14895.1 	0.524618  1  -3491.17  8912
O16 	14895.1 	0.93794  1  -1248.07  6580
O16 	14895.1 	2.33306  1  3499.7  1567
O16 	14895.1 	0.200546  1  1287.65  3922
O16 	14895.1 	0.309159  1  3883.17  1209
O16 	14895.1 	0.33593  1  2519.92  2566
O16 	14895.1 	0.289948  1  -4631.14  10116
O16 	14895.1 	0.30059  1  -423.146  5785
O16 	14895.1 	0.227687  1  2670.02  2477
O16 	14895.1 	0.547643  1  3240.2  1861
O16 	14895.1 	0.33639  1  -3589.43  8915
O16 	14895.1 	0.633294  1  -4977.61  10427
O16 	14895.1 	0.257209  1  4862.45  136
O16 	14895.1 	1.32936  1  3103.46  1957
O16 	14895.1 	0.242979  1  -277.966  5487
O16 	14895.1 	0.2155  1  -1108.38  6354
O16 	14895.1 	0.258777  1  -4455.39  9868
O16 	14895.1 	0.962042  1  -1989.04  7392
O16 	14895.1 	0.392742  1  -4302.17  9781
O16 	14895.1 	2.61251  1  3539.82  1553
O16 	14895.1 	0.245711  1  2856.29  2293
O16 	14895.1 	0.297909  1  -641.684  5897
O16 	14895.1 	0.33166  1  542.623  4589
O16 	14895.1 	0.23929  1  -1338.41  6631
O16 	14895.1 	1.33075  1  -2592.83  7992
O16 	14895.1 	0.189454  1  2508.11  2638
O16 	14895.1 	0.354129  1  3733.77  1326
O16 	14895.1 	0.236199  1  -2499.35  7855
O16 	14895.1 	0.299541  1  869.117  4403
O16 	14895.1 	1.21104  1  -2544.26  7888
O16 	14895.1 	0.679919  1  825.395  4383
O16 	14895.1 	0.334609  1  4396.41  641
O16 	14895.1 	0.616159  1  4810.06  206
O16 	14895.1 	0.212675  1  -2928.62  8416
O16 	14895.1 	0.225632  1  1610.63  3521
O16 	14895.1 	0.248533  1  504.76  4706
O16 	14895.1 	0.349037  1  -2452.95  7894
O16 	14895.1 	0.753244  1  -1980.44  7546
O16 	14895.1 	0.209667  1  3247.82  1887
O16 	14895.1 	0.633772  1  1368.5  3904
O16 	14895.1 	0.458529  1  -1633.54  6925
O16 	14895.1 	0.193632  1  4439.03  601
O16 	14895.1 	0.373249  1  -4925.02  10349
O16 	14895.1 	0.254332  1  -2239.97  7745
O16 	14895.1 	0.251359  1  -201.944  5448
O16 	14895.1 	0.557895  1  -1678.63  6921
O16 	14895.1 	0.208022  1  486.752  4772
O16 	14895.1 	0.270946  1  -4185.46  9388
O16 	14895.1 	0.269902  1  2311.58  2808
O16 	14895.1 	0.238791  1  -4312.3  9710
O16 	14895.1 	4.76886  1  -3317.17  8769
O16 	14895.1 	0.269011  1  -1337.42  6565
O16 	14895.1 	0.239244  1  -1982.02  7353
O16 	14895.1 	0.189787  1  2825.18  2254
O16 	14895.1 	0.255352  1  4126.48  958
O16 	14895.1 	0.359168  1  2631.55  2514
O16 	14895.1 	0.195267  1  -1169.23  6540
O16 	14895.1 	0.403322  1  -2454.95  7814
O16 	14895.1 	0.308406  1  3066.74  2054
O16 	14895.1 	0.214324  1  1009.92  4118
O16 	14895.1 	0.356865  1  -2250.17  7526
O16 	14895.1 	0.254726  1  -3418.65  8960
O16 	14895.1 	0.25048  1  871.493  4216
O16 	14895.1 	0.250073  1  -4027.99  9466
O16 	14895.1 	0.387593  1  4971.26  34
O16 	14895.1 	0.422509  1  -3900.88  9481
O16 	14895.1 	0.380377  1  -843.667  6179
O16 	14895.1 	0.205682  1  201.298  4915
O16 	14895.1 	0.191703  1  -3138.33  8385
O16 	14895.1 	0.273152  1  3976.11  1141
O16 	14895.1 	0.276165  1  -3923.9  9365
O16 	14895.1 	0.208774  1  -2270.12  7778
O16 	14895.1 	0.200842  1  -4542.23  9943
O16 	14895.1 	0.252095  1  132.863  5081
O16 	14895.1 	1.93251  1  879.462  4320
O16 	14895.1 	0.809941  1  -4261.56  9834
O16 	14895.1 	0.381409  1  115.722  5308
O16 	14895.1 	0.403971  1  -2130.14  7710
O16 	14895.1 	0.238533  1  -1978.88  7446
O16 	14895.1 	0.303888  1  1956.16  3174
O16 	14895.1 	1.04937  1  1469.58  3601
O16 	14895.1 	0.263573  1  1316.44  3747
O16 	14895.1 	0.68841  1  -2203.34  7605
O16 	14895.1 	0.20801  1  4428.45  607
O16 	14895.1 	0.376646  1  -2044  7431
O16 	14895.1 	0.200665  1  -4427.03  9858
O16 	14895.1 	0.40252  1  -4358.33  9774
O16 	14895.1 	0.360477  1  2537.21  2597
O16 	14895.1 	0.253606  1  -534.662  5902
O16 	14895.1 	2.13864  1  -1279.1  6577
O16 	14895.1 	2.26251  1  -3099.76  8509
O16 	14895.1 	0.234533  1  2520.53  2580
O16 	14895.1 	0.319051  1  -2816.54  8265
O16 	14895.1 	0.226486  1  1843.39  3267
O16 	14895.1 	0.522901  1  1884.38  3216
O16 	14895.1 	0.189914  1  3760.41  1253
O16 	14895.1 	0.204012  1  2697.45  2454
O16 	14895.1 	0.545389  1  1023.29  4259
O16 	14895.1 	0.225542  1  3519.36  1563
O16 	14895.1 	0.683185  1  -513.914  5741
O16 	14895.1 	0.224739  1  -1847.23  7174
O16 	14895.1 	0.407558  1  -1425.58  6804
O16 	14895.1 	0.329074  1  4920.46  86
O16 	14895.1 	0.440944  1  -1084.46  6526
O16 	14895.1 	0.227413  1  -4261.23  9638
O16 	14895.1 	0.216308  1  555.863  4634
O16 	14895.1 	0.189075  1  2107.58  2955
O16 	14895.1 	0.212686  1  4372.4  644
O16 	14895.1 	0.193976  1  -4811.47  10236
O16 	14895.1 	0.317563  1  1678.76  3448
O16 	14895.1 	0.635428  1  -4462.65  9750
O16 	14895.1 	0.318683  1  4535.33  503
O16 	14895.1 	0.48117  1  -4838.24  10366
O16 	14895.1 	0.484305  1  1007.71  4088
O16 	14895.1 	0.502849  1  -118.803  5392
O16 	14895.1 	1.84869  1  -1242.76  6590
O16 	14895.1 	0.266998  1  177.856  5080
O16 	14895.1 	0.742568  1  -287.668  5542
O16 	14895.1 	0.224386  1  -2374.16  7677
O16 	14895.1 	0.253351  1  -1300.51  6665
O16 	14895.1 	0.258055  1  2235.16  2956
O16 	14895.1 	0.962217  1  6.92794  5375
O16 	14895.1 	0.36586  1  4584.71  518
O16 	14895.1 	0.800911  1  -294.57  5612
O16 	14895.1 	0.231556  1  -936.74  6231
O16 	14895.1 	0.189417  1  3563.52  1551
O16 	14895.1 	0.256891  1  1621.36  3570
O16 	14895.1 	0.269497  1  403.358  4843
O16 	14895.1 	0.429967  1  4636.96  370
O16 	14895.1 	0.233644  1  -3598.68  9130
O16 	14895.1 	0.261087  1  437.988  4936
O16 	14895.1 	0.229388  1  -3252.49  8501
O16 	14895.1 	0.359984  1  1118.17  4060
O16 	14895.1 	1.03309  1  368.252  4876
O16 	14895.1 	0.781274  1  -2389.65  7719
O16 	14895.1 	0.353753  1  -4880.11  10452
O16 	14895.1 	0.229719  1  -2346.94  7659
O16 	14895.1 	0.645561  1  4173.77  921
O16 	14895.1 	0.189013  1  4186.7  848
O16 	14895.1 	0.228263  1  -1706.06  6973
O16 	14895.1 	0.575469  1  -330.364  5476
O16 	14895.1 	1.44331  1  4073.64  977
O16 	14895.1 	0.548146  1  -4987.36  10560
O16 	14895.1 	0.200797  1  3542.22  1533
O16 	14895.1 	0.312896  1  2771.34  2316
O16 	14895.1 	0.27966  1  939.106  4303
O16 	14895.1 	0.218469  1  3719.92  1355
O16 	14895.1 	0.198916  1  3608.6  1371
O16 	14895.1 	0.217967  1  3587.08  1494
O16 	14895.1 	0.258725  1  3270.81  1770
O16 	14895.1 	0.222554  1  -4161.25  9584
O16 	14895.1 	0.63408  1  -4409.64  9830
O16 	14895.1 	0.207687  1  -2092.93  7485
O16 	14895.1 	0.265746  1  -20.0302  5233
O16 	14895.1 	0.418135  1  -2203.82  7515
O16 	14895.1 	0.235433  1  -3563.83  8842
O16 	14895.1 	0.700892  1  756.363  4469
O16 	14895.1 	0.887369  1  -2216.86  7635
O16 	14895.1 	0.189295  1  -2865.12  8285
O16 	14895.1 	0.318814  1  -128.661  5408
O16 	14895.1 	1.52444  1  -565.021  5890
O16 	14895.1 	0.524498  1  -818.387  6197
O16 	14895.1 	0.423818  1  -10.1135  5267
O16 	14895.1 	0.221009  1  -4369.61  9835
O16 	14895.1 	0.218461  1  3220.79  1843
O16 	14895.1 	0.531487  1  -2510.68  7925
O16 	14895.1 	0.245309  1  4821.27  183
O16 	14895.1 	0.215422  1  4248.78  794
O16 	14895.1 	0.337599  1  -670.062  6085
O16 	14895.1 	0.919074  1  4524.47  526
O16 	14895.1 	0.205901  1  -4327.27  9913
O16 	14895.1 	0.258525  1  -2228.12  7601
O16 	14895.1 	0.242244  1  -3313.53  8789
O16 	14895.1 	0.256902  1  2312.7  2828
O16 	14895.1 	0.189171  1  -2763.14  8041
O16 	14895.1 	0.372416  1  4598.33  411
O16 	14895.1 	0.650614  1  -1015.58  6201
O16 	14895.1 	0.388432  1  2827.98  2365
O16 	14895.1 	0.693669  1  -4569.23  10249
O16 	14895.1 	0.261166  1  2054.15  3138
O16 	14895.1 	9.69727  1  -1864.82  7274
O16 	14895.1 	0.204952  1  -4096.58  9690
O16 	14895.1 	0.318661  1  -4618.84  10152
O16 	14895.1 	0.243756  1  -1144.08  6453
O16 	14895.1 	0.277174  1  3491.86  1590
O16 	14895.1 	0.197602  1  4045.7  1049
O16 	14895.1 	0.466301  1  38.8786  5291
O16 	14895.1 	0.959026  1  -2623.23  8058
O16 	14895.1 	0.59921  1  -1164.7  6586
O16 	14895.1 	0.211964  1  -1505.65  6882
O16 	14895.1 	1.19471  1  -3540.04  9048
O16 	14895.1 	0.27525  1  1938.45  3204
O16 	14895.1 	0.543657  1  -35.0999  5271
O16 	14895.1 	0.299017  1  -4223.75  9727
O16 	14895.1 	0.946983  1  -2753.87  8234
O16 	14895.1 	0.243462  1  -3887.39  9429
O16 	14895.1 	1.57827  1  4909.68  85
O16 	14895.1 	0.235132  1  4338.72  665
O16 	14895.1 	0.261758  1  -2271.33  7626
O16 	14895.1 	0.343598  1  -2008.27  7427
O16 	14895.1 	0.325453  1  -4569.8  10026
O16 	14895.1 	2.30191  1  1207.76  3924
O16 	14895.1 	0.234943  1  -611.32  5799
O16 	14895.1 	0.307639  1  -860.236  6083
O16 	14895.1 	0.59821  1  -3547.35  8871
O16 	14895.1 	0.285248  1  1769.41  3349
O16 	14895.1 	0.252327  1  2784.47  2341
O16 	14895.1 	0.479392  1  2597.94  2474
O16 	14895.1 	0.213875  1  -3579.55  9028
O16 	14895.1 	0.292973  1  -1007.39  6319
O16 	14895.1 	0.200095  1  -2419.23  7781
O16 	14895.1 	0.391016  1  504.227  4664
O16 	14895.1 	0.203227  1  -2561.52  7962
O16 	14895.1 	0.418692  1  828.555  4351
O16 	14895.1 	0.251598  1  -1684.71  7108
O16 	14895.1 	0.293665  1  -92.244  5404
O16 	14895.1 	0.301431  1  2180.88  2878
O16 	14895.1 	0.296214  1  3450.31  1693
O16 	14895.1 	0.282605  1  -2543.61  7952
O16 	14895.1 	1.30794  1  4694.31  312
O16 	14895.1 	0.235144  1  -276.203  5548
O16 	14895.1 	0.246213  1  1971.99  3195
O16 	14895.1 	0.334571  1  -4351.78  9809
O16 	14895.1 	0.209608  1  -4132.67  9614
O16 	14895.1 	0.528663  1  4208.79  880
O16 	14895.1 	0.194172  1  1175.58  3987
O16 	14895.1 	0.62457  1  -1639.72  6917
O16 	14895.1 	2.27901  1  425.614  4829
O16 	14895.1 	0.191686  1  -2810.81  8286
O16 	14895.1 	0.20062  1  -367.472  5644
O16 	14895.1 	0.288446  1  -4845.15  10211
O16 	14895.1 	0.351823  1  656.94  4536
O16 	14895.1 	0.405924  1  344.274  4984
O16 	14895.1 	0.365036  1  -3998.11  9343
O16 	14895.1 	0.575118  1  -2088.17  7382
O16 	14895.1 	0.357468  1  -1638.5  6967
O16 	14895.1 	0.620571  1  -3304.39  8775
O16 	14895.1 	0.207163  1  -4617.25  10177
O16 	14895.1 	0.241991  1  -2655.66  8039
O16 	14895.1 	0.290988  1  -4024.6  9628
O16 	14895.1 	0.567105  1  2229.82  2932
O16 	14895.1 	0.721805  1  -4385.36  10050
O16 	14895.1 	0.247345  1  3881.45  1195
O16 	14895.1 	1.29382  1  -978.118  6306
O16 	14895.1 	0.322859  1  -651.778  5798
O16 	14895.1 	0.218215  1  -1570.49  6903
O16 	14895.1 	0.494286  1  1591.74  3649
O16 	14895.1 	1.03118  1  -212.31  5343
O16 	14895.1 	0.220037  1  4432.18  569
O16 	14895.1 	0.2121  1  132.469  5133
O16 	14895.1 	0.350263  1  -4080.78  9637
O16 	14895.1 	0.482856  1  -2397.01  7901
O16 	14895.1 	1.17686  1  854.732  4300
O16 	14895.1 	0.693539  1  2073.57  3038
O16 	14895.1 	0.428388  1  -374.484  5704
O16 	14895.1 	0.836597  1  4675.66  377
O16 	14895.1 	0.207499  1  -3778.39  9250
O16 	14895.1 	13.0896  1  -213.983  5500
O16 	14895.1 	0.248458  1  -2734.45  8061
O16 	14895.1 	0.473205  1  -2927.43  8363
O16 	14895.1 	0.316197  1  1126.74  3982
O16 	14895.1 	0.8357  1  2412.08  2645
O16 	14895.1 	0.226786  1  4851.99  133
O16 	14895.1 	0.18952  1  -489.329  5818
O16 	14895.1 	0.250136  1  998.538  4130
O16 	14895.1 	0.237253  1  -596.489  5850
O16 	14895.1 	0.197917  1  1723.95  3373
O16 	14895.1 	0.189832  1  2583.93  2539
O16 	14895.1 	0.343656  1  -1970.99  7319
O16 	14895.1 	0.943438  1  3370.06  1701
O16 	14895.1 	0.27214  1  -4256.81  9840
O16 	14895.1 	0.914413  1  2014.67  3110
O16 	14895.1 	0.217413  1  748.547  4383
O16 	14895.1 	0.486873  1  3252.97  1799
O16 	14895.1 	0.220024  1  3514.88  1531
O16 	14895.1 	0.597601  1  1693.81  3575
O16 	14895.1 	0.334309  1  -4303.08  9797
O16 	14895.1 	0.218363  1  4160.83  887
O16 	14895.1 	0.217005  1  4957.42  46
O16 	14895.1 	0.235882  1  3966.28  1058
O16 	14895.1 	1.06348  1  4279.12  777
O16 	14895.1 	0.554196  1  -2207.56  7534
O16 	14895.1 	0.216246  1  -3299.19  8640
O16 	14895.1 	0.819319  1  -733.371  5918
O16 	14895.1 	0.231613  1  2156.26  2970
O16 	14895.1 	0.308225  1  -410.602  5626
O16 	14895.1 	0.455689  1  -1545.44  6816
O16 	14895.1 	0.358784  1  4495.4  542
O16 	14895.1 	0.927295  1  4708.82  329
O16 	14895.1 	0.231455  1  -2643.23  8155
O16 	14895.1 	0.212236  1  175.324  5152
O16 	14895.1 	0.570612  1  -3971.45  9543
O16 	14895.1 	1.33748  1  2299.91  2768
O16 	14895.1 	0.24431  1  61.6802  5113
O16 	14895.1 	4.59349  1  4093.06  977
O16 	14895.1 	0.272682  1  1189.02  4043
O16 	14895.1 	0.249691  1  3746.44  1325
O16 	14895.1 	0.384966  1  -4440.13  9745
O16 	14895.1 	0.198608  1  2788.96  2317
O16 	14895.1 	0.277439  1  -6.10167  5282
O16 	14895.1 	0.321531  1  2823.25  2214
O16 	14895.1 	0.751976  1  3259.59  1867
O16 	14895.1 	0.290055  1  -3578.36  8962
O16 	14895.1 	1.59574  1  2528.7  2655
O16 	14895.1 	0.724697  1  2962.78  2105
O16 	14895.1 	0.274267  1  -1260.56  6597
O16 	14895.1 	0.314595  1  -972.862  6167
O16 	14895.1 	0.18934  1  -3321.78  8548
O16 	14895.1 	0.21599  1  -859.109  6295
O16 	14895.1 	0.189149  1  4156.43  873
O16 	14895.1 	0.295812  1  3103.55  2041
O16 	14895.1 	0.836365  1  -2443.93  7752
O16 	14895.1 	0.409895  1  -1277.03  6485
O16 	14895.1 	0.387582  1  1163.45  3989
O16 	14895.1 	0.429903  1  2302.12  2817
O16 	14895.1 	0.209163  1  4706.5  309
O16 	14895.1 	3.78849  1  4026.91  1030
O16 	14895.1 	0.601087  1  973.864  4202
O16 	14895.1 	0.239391  1  -383.243  5630
O16 	14895.1 	0.190975  1  1491.22  3797
O16 	14895.1 	0.204757  1  2970.5  1996
O16 	14895.1 	2.19634  1  -2265.99  7600
O16 	14895.1 	0.284176  1  913.676  4349
O16 	14895.1 	0.545956  1  3400.32  1668
O16 	14895.1 	0.788142  1  1195.84  3979
O16 	14895.1 	0.387537  1  4743.62  296
O16 	14895.1 	0.903225  1  4513.67  528
O16 	14895.1 	0.188891  1  1738.73  3520
O16 	14895.1 	0.724198  1  3673.24  1402
O16 	14895.1 	0.196139  1  2890.28  2222
O16 	14895.1 	1.0903  1  4079.19  943
O16 	14895.1 	0.378047  1  961.997  4226
O16 	14895.1 	0.546283  1  -1533.6  7057
O16 	14895.1 	0.654714  1  3956.08  1090
O16 	14895.1 	0.213977  1  4698.61  310
O16 	14895.1 	0.440735  1  -2705.43  8193
O16 	14895.1 	0.349662  1  -875.576  6256
O16 	14895.1 	0.204768  1  -497.365  5708
O16 	14895.1 	1.67765  1  4634.51  402
O16 	14895.1 	0.792348  1  1773.53  3399
O16 	14895.1 	0.6941  1  1788.91  3358
O16 	14895.1 	0.188843  1  -2816.59  8125
O16 	14895.1 	2.43381  1  -3903.37  9517
O16 	14895.1 	1.2216  1  64.2385  5324
O16 	14895.1 	0.320722  1  1638.72  3522
O16 	14895.1 	0.303193  1  -4749.68  10211
O16 	14895.1 	0.27453  1  -4446.2  9743
O16 	14895.1 	1.09378  1  2853.47  2244
O16 	14895.1 	1.0516  1  -1115.03  6361
O16 	14895.1 	0.225308  1  4388.56  630
O16 	14895.1 	0.340498  1  2996.6  2107
O16 	14895.1 	0.190575  1  -3189.13  8532
O16 	14895.1 	0.215491  1  1494.71  3481
O16 	14895.1 	0.832444  1  -4589.24  9990
O16 	14895.1 	0.286134  1  -2746.56  8079
O16 	14895.1 	0.746279  1  -4494.78  9853
O16 	14895.1 	0.249498  1  -4027.26  9372
O16 	14895.1 	0.604003  1  4538.86  510
O16 	14895.1 	0.31538  1  -4311.39  9934
O16 	14895.1 	0.198618  1  1990.03  3103
O16 	14895.1 	0.220101  1  -411.938  5718
O16 	14895.1 	0.231687  1  790.673  4309
O16 	14895.1 	0.359786  1  -1743.46  7006
O16 	14895.1 	0.914547  1  4489.26  482
O16 	14895.1 	0.410327  1  2213.89  3037
O16 	14895.1 	0.516719  1  329.189  4924
O16 	14895.1 	0.194187  1  307.201  5002
O16 	14895.1 	0.196826  1  -3648.32  9116
O16 	14895.1 	0.328846  1  -2222.16  7538
O16 	14895.1 	0.307102  1  3840.11  1236
O16 	14895.1 	4.07163  1  -55.49  5265
O16 	14895.1 	0.290486  1  3049.64  2045
O16 	14895.1 	0.204588  1  -288.27  5454
O16 	14895.1 	0.228584  1  -2000.99  7382
O16 	14895.1 	0.211982  1  -2448.13  7857
O16 	14895.1 	0.420661  1  4529.93  506
O16 	14895.1 	0.309793  1  4069.35  975
O16 	14895.1 	0.674333  1  288.206  5019
O16 	14895.1 	0.281299  1  -4502.47  9916
O16 	14895.1 	0.241254  1  3481.06  1571
O16 	14895.1 	0.201945  1  3258.49  1833
O16 	14895.1 	0.297653  1  903.128  4403
O16 	14895.1 	0.205075  1  -4408.84  9775
O16 	14895.1 	0.256012  1  1127.73  4058
O16 	14895.1 	0.449285  1  -1064.6  6259
O16 	14895.1 	0.306832  1  -143.028  5464
O16 	14895.1 	0.70985  1  1717.54  3376
O16 	14895.1 	0.980161  1  773.344  4294
O16 	14895.1 	0.268076  1  -4508.22  9944
O16 	14895.1 	0.333913  1  116.086  5133
O16 	14895.1 	1.10267  1  -3628.65  9093
O16 	14895.1 	0.433678  1  3504.92  1537
O16 	14895.1 	0.609462  1  614.671  4568
O16 	14895.1 	0.271873  1  -2306.46  7628
O16 	14895.1 	0.325585  1  -4114.45  9506
O16 	14895.1 	1.24266  1  -2210.05  7661
O16 	14895.1 	0.832036  1  4714.26  304
O16 	14895.1 	0.903739  1  -1572.52  6794
O16 	14895.1 	0.188924  1  -1800.06  7052
O16 	14895.1 	0.280579  1  -2125.29  7366
O16 	14895.1 	0.210104  1  -1275.41  6463
O16 	14895.1 	0.267712  1  4526.97  538
O16 	14895.1 	6.47885  1  2491.8  2644
O16 	14895.1 	0.407095  1  2587.95  2598
O16 	14895.1 	0.199957  1  -2301.19  7691
O16 	14895.1 	1.5808  1  2874.48  2241
O16 	14895.1 	0.358065  1  2439.9  2697
O16 	14895.1 	0.747729  1  -4309.4  9915
O16 	14895.1 	0.195723  1  -1544.13  6782
O16 	14895.1 	1.12408  1  -2467.42  7743
O16 	14895.1 	0.293553  1  1875.65  3220
O16 	14895.1 	0.218729  1  -616.283  5982
O16 	14895.1 	0.32397  1  4045.74  1003
O16 	14895.1 	0.29225  1  -926.114  6266
O16 	14895.1 	0.405904  1  506.683  4748
O16 	14895.1 	0.413287  1  -4313.87  9789
O16 	14895.1 	0.204994  1  -3058  8518
O16 	14895.1 	0.278183  1  4878.83  141
O16 	14895.1 	0.288409  1  -3565.1  9033
O16 	14895.1 	0.275148  1  3242.85  1858
O16 	14895.1 	0.554679  1  -2099.14  7448
O16 	14895.1 	0.792425  1  -4608.07  10026
O16 	14895.1 	0.726749  1  -548.763  5846
O16 	14895.1 	0.216989  1  -228.469  5570
O16 	14895.1 	0.238357  1  4572.16  460
O16 	14895.1 	0.239929  1  3905.11  1184
O16 	14895.1 	0.230728  1  520.433  4723
O16 	14895.1 	0.541111  1  266.073  4994
O16 	14895.1 	0.246461  1  521.333  4709
O16 	14895.1 	0.269181  1  -530.057  5794
O16 	14895.1 	1.33933  1  -738.155  6172
O16 	14895.1 	0.332306  1  -2774.75  8040
O16 	14895.1 	0.310708  1  -4741.65  10239
O16 	14895.1 	0.290872  1  613.982  4633
O16 	14895.1 	0.564346  1  -1501.64  6922
O16 	14895.1 	0.395654  1  4065.25  1011
O16 	14895.1 	0.361467  1  -2406.06  7748
O16 	14895.1 	0.223849  1  -3092.24  8590
O16 	14895.1 	0.546232  1  -3423.7  8918
O16 	14895.1 	0.214204  1  -3137.19  8451
O16 	14895.1 	0.302383  1  3115.21  1942
O16 	14895.1 	1.35872  1  -2700.28  8018
O16 	14895.1 	0.211559  1  -2984.34  8424
O16 	14895.1 	0.79372  1  -1683.65  6962
O16 	14895.1 	0.768395  1  4512.09  485
O16 	14895.1 	0.647813  1  4679.62  346
O16 	14895.1 	1.19464  1  -4752.15  10238
O16 	14895.1 	0.29568  1  -1260.72  6735
O16 	14895.1 	0.3511  1  4162.98  886
O16 	14895.1 	1.44177  1  1100.84  4198
O16 	14895.1 	0.300702  1  -3012.29  8425
O16 	14895.1 	0.401727  1  4710.86  322
O16 	14895.1 	0.234332  1  436.703  4780
O16 	14895.1 	0.330996  1  -3506.08  9116
O16 	14895.1 	0.197169  1  -2764.57  8049
O16 	14895.1 	0.245427  1  -2001.54  7317
O16 	14895.1 	0.406509  1  1174.5  4029
O16 	14895.1 	0.271899  1  4115.04  974
O16 	14895.1 	0.749927  1  -1931.44  7333
O16 	14895.1 	0.335561  1  -1901.23  7209
O16 	14895.1 	0.557132  1  801.918  4532
O16 	14895.1 	0.343257  1  3088.7  2027
O16 	14895.1 	0.79909  1  2468.11  2642
O16 	14895.1 	0.243699  1  4063.59  1039
O16 	14895.1 	1.00718  1  354.993  4919
O16 	14895.1 	0.610749  1  1118.72  4084
O16 	14895.1 	0.203183  1  -3584.35  9222
O16 	14895.1 	0.195732  1  -1668.58  7000
O16 	14895.1 	0.496762  1  -2564.49  8031
O16 	14895.1 	0.312905  1  468.315  4802
O16 	14895.1 	0.246874  1  -4058.17  9494
O16 	14895.1 	0.23495  1  1278.82  3905
O16 	14895.1 	0.349816  1  -4372.55  9982
O16 	14895.1 	1.08102  1  -2897.81  8135
O16 	14895.1 	0.442094  1  -3553.03  8853
O16 	14895.1 	0.192254  1  1587.25  3583
O16 	14895.1 	0.286353  1  195.224  5085
O16 	14895.1 	0.247746  1  -4719.84  10249
O16 	14895.1 	0.19961  1  -4066.57  9536
O16 	14895.1 	0.193974  1  4057.8  987
O16 	14895.1 	0.390742  1  -1763.14  7152
O16 	14895.1 	0.55556  1  3206.67  1949
O16 	14895.1 	0.332016  1  -2695.08  7856
O16 	14895.1 	0.209206  1  -397.193  5736
O16 	14895.1 	0.299254  1  2975.19  2143
O16 	14895.1 	1.16672  1  -2897.59  8396
O16 	14895.1 	0.230141  1  -1566.03  6993
O16 	14895.1 	0.222609  1  -1923.52  7429
O16 	14895.1 	0.467254  1  -3683.26  9142
O16 	14895.1 	0.395679  1  -3787.49  9368
O16 	14895.1 	0.252474  1  1575.22  3639
O16 	14895.1 	0.411951  1  -4550.31  9947
O16 	14895.1 	0.251771  1  2047.09  3070
O16 	14895.1 	0.244441  1  -4001.78  9495
O16 	14895.1 	0.284327  1  -2408.63  7672
O16 	14895.1 	0.202242  1  -3017.61  8573
O16 	14895.1 	0.194013  1  2311.91  2857
O16 	14895.1 	0.718778  1  2531.05  2674
O16 	14895.1 	0.498367  1  -4158.91  9782
O16 	14895.1 	0.389159  1  1365.91  3872
O16 	14895.1 	1.07234  1  -638.988  5934
O16 	14895.1 	0.209853  1  2194.49  2930
O16 	14895.1 	5.35105  1  -3791.05  9387
O16 	14895.1 	0.300874  1  4060.88  951
O16 	14895.1 	0.62927  1  3189.55  1928
O16 	14895.1 	0.363279  1  3306.43  1751
O16 	14895.1 	0.485057  1  1777.28  3419
O16 	14895.1 	0.431741  1  3926.84  1127
O16 	14895.1 	0.493403  1  -4682.82  10263
O16 	14895.1 	0.700835  1  -3079.58  8524
O16 	14895.1 	0.540652  1  489.985  4825
O16 	14895.1 	0.321861  1  -619.538  5865
O16 	14895.1 	0.266726  1  2554.94  2702
O16 	14895.1 	0.621437  1  3557.42  1538
O16 	14895.1 	0.260401  1  2253.67  2813
O16 	14895.1 	0.200558  1  559.903  4557
O16 	14895.1 	0.224112  1  -1678.18  6976
O16 	14895.1 	0.440138  1  -3709.72  8984
O16 	14895.1 	0.317985  1  3782.87  1312
O16 	14895.1 	0.30628  1  -2693.67  8083
O16 	14895.1 	0.201357  1  -1191.31  6495
O16 	14895.1 	0.204948  1  1905.54  3246
O16 	14895.1 	3.41179  1  1000.67  4216
O16 	14895.1 	0.22609  1  4827.79  158
O16 	14895.1 	0.376062  1  4534.45  492
O16 	14895.1 	0.196366  1  -4569.7  10006
O16 	14895.1 	0.630816  1  1272  3902
O16 	14895.1 	0.224292  1  4655.71  392
O16 	14895.1 	0.246592  1  -2305.09  7684
O16 	14895.1 	0.403494  1  -4432.06  9715
O16 	14895.1 	0.192058  1  193.705  5028
O16 	14895.1 	0.3559  1  -2835.63  8246
O16 	14895.1 	0.803278  1  -3297.22  8725
O16 	14895.1 	0.673017  1  -1466.4  6781
O16 	14895.1 	0.47172  1  -951.803  6373
O16 	14895.1 	0.783531  1  1645.22  3479
O16 	14895.1 	0.966249  1  -2757.67  8190
O16 	14895.1 	0.270367  1  3126.13  2001
O16 	14895.1 	0.376335  1  -3129.9  8621
O16 	14895.1 	0.218342  1  -3784.31  9165
O16 	14895.1 	0.189657  1  -1001.01  6191
O16 	14895.1 	0.361273  1  2513.09  2571
O16 	14895.1 	0.236534  1  -4907.2  10399
O16 	14895.1 	0.256785  1  1602.74  3573
O16 	14895.1 	0.216166  1  167.596  5108
O16 	14895.1 	0.232593  1  -4343.54  9859
O16 	14895.1 	0.336548  1  -2742.65  8195
O16 	14895.1 	0.462443  1  -1441.83  6751
O16 	14895.1 	0.521814  1  -4209.68  9782
O16 	14895.1 	0.329854  1  -743.228  5955
O16 	14895.1 	0.948977  1  929.589  4258
O16 	14895.1 	0.338415  1  -3003.68  8453
O16 	14895.1 	0.250574  1  -1645.29  6933
O16 	14895.1 	0.197584  1  1303.38  3985
O16 	14895.1 	0.61457  1  -1510.6  6721
O16 	14895.1 	0.283368  1  1397.11  3834
O16 	14895.1 	0.244925  1  -1232.44  6521
O16 	14895.1 	0.212455  1  4395.11  635
O16 	14895.1 	0.733457  1  225.704  5088
O16 	14895.1 	0.37682  1  -1648.23  7003
O16 	14895.1 	0.721522  1  -2568.78  7974
O16 	14895.1 	0.717706  1  -1065.84  6335
O16 	14895.1 	0.207354  1  -3395.46  8896
O16 	14895.1 	0.316914  1  -1486.45  6949
O16 	14895.1 	0.274764  1  -3101.91  8662
O16 	14895.1 	0.367548  1  3847.4  1161
O16 	14895.1 	0.265747  1  2854.15  2225
O16 	14895.1 	0.354055  1  410.517  4943
O16 	14895.1 	11.6842  1  -1967.21  7482
O16 	14895.1 	0.47059  1  -3536.25  9161
O16 	14895.1 	0.545986  1  3327.56  1819
O16 	14895.1 	1.34233  1  1808.3  3414
O16 	14895.1 	0.195096  1  3273.15  1891
O16 	14895.1 	0.227312  1  811.841  4486
O16 	14895.1 	0.327611  1  -2344.69  7593
O16 	14895.1 	0.5488  1  2549.32  2562
O16 	14895.1 	0.346329  1  -1560.8  6844
O16 	14895.1 	0.31839  1  -132.67  5444
O16 	14895.1 	0.294549  1  -717.496  6096
O16 	14895.1 	0.241414  1  2928.47  2133
O16 	14895.1 	0.361748  1  -4718.22  10248
O16 	14895.1 	0.224415  1  2258.97  2826
O16 	14895.1 	0.820394  1  -722.728  6029
O16 	14895.1 	0.571584  1  1393.68  3822
O16 	14895.1 	0.238846  1  2980.44  2121
O16 	14895.1 	0.213805  1  -827.968  6250
O16 	14895.1 	1.58304  1  -2203.11  7464
O16 	14895.1 	0.329647  1  756.714  4441
O16 	14895.1 	0.288416  1  571.232  4704
O16 	14895.1 	0.219891  1  -3826.1  9380
O16 	14895.1 	1.86342  1  2462.55  2696
O16 	14895.1 	0.216713  1  -767  6042
O16 	14895.1 	0.741824  1  -786.229  6040
O16 	14895.1 	0.459181  1  -3122.56  8450
O16 	14895.1 	0.27027  1  318.554  4958
O16 	14895.1 	0.220165  1  -1517.74  6911
O16 	14895.1 	0.436176  1  -2329.3  7813
O16 	14895.1 	0.292202  1  759.646  4327
O16 	14895.1 	0.216315  1  -4128.34  9533
O16 	14895.1 	4.36577  1  2403.8  2699
O16 	14895.1 	0.372476  1  4480.72  573
O16 	14895.1 	0.296713  1  -2680.79  8159
O16 	14895.1 	0.949026  1  4237.1  751
O16 	14895.1 	0.969048  1  -92.0053  5240
O16 	14895.1 	0.338605  1  3578.7  1510
O16 	14895.1 	0.204193  1  3618.59  1481
O16 	14895.1 	0.27348  1  -685.462  5948
O16 	14895.1 	0.307847  1  3250.78  1811
O16 	14895.1 	0.395208  1  874.743  4349
O16 	14895.1 	1.55309  1  24.3721  5296
O16 	14895.1 	0.286345  1  2205.3  2833
O16 	14895.1 	0.243416  1  4143.97  908
O16 	14895.1 	0.320597  1  -1569.3  6972
O16 	14895.1 	0.221693  1  -2614.08  7965
O16 	14895.1 	0.214579  1  -2925.7  8504
O16 	14895.1 	0.479481  1  4378.57  636
O16 	14895.1 	0.191762  1  4045.23  907
O16 	14895.1 	0.443102  1  -1536.26  6867
O16 	14895.1 	0.300299  1  -1506.91  6813
O16 	14895.1 	0.318658  1  -3946.33  9348
O16 	14895.1 	0.338285  1  -3827.71  9347
O16 	14895.1 	0.271128  1  -2808.3  8123
O16 	14895.1 	0.509366  1  2863.5  2157
O16 	14895.1 	0.234598  1  906.84  4286
O16 	14895.1 	0.8811  1  376.847  4868
O16 	14895.1 	0.74634  1  3738.09  1313
O16 	14895.1 	0.196383  1  595.184  4533
O16 	14895.1 	0.240829  1  4764.39  258
O16 	14895.1 	0.880091  1  2040.62  3124
O16 	14895.1 	0.248031  1  -3600.14  9041
O16 	14895.1 	0.212437  1  468.323  4794
O16 	14895.1 	0.281767  1  -983.347  6285
O16 	14895.1 	0.620104  1  4598.63  419
O16 	14895.1 	0.292744  1  4866.19  151
O16 	14895.1 	0.232394  1  924.769  4367
O16 	14895.1 	0.684002  1  -1669.03  7093
O16 	14895.1 	0.230141  1  -2467.58  7954
O16 	14895.1 	0.311728  1  2472.2  2681
O16 	14895.1 	0.513821  1  374.794  4870
O16 	14895.1 	0.595581  1  3691.51  1436
O16 	14895.1 	0.221723  1  -1667.77  6963
O16 	14895.1 	0.727221  1  -939.128  6223
O16 	14895.1 	0.232478  1  1618.56  3499
O16 	14895.1 	0.244355  1  590.521  4586
O16 	14895.1 	1.65218  1  -4361.15  9842
O16 	14895.1 	0.200756  1  -4330.79  9595
O16 	14895.1 	0.243111  1  2939.5  2054
O16 	14895.1 	0.257807  1  4651.24  332
O16 	14895.1 	2.09792  1  -3651.51  9205
O16 	14895.1 	0.461976  1  -2700.23  8157
O16 	14895.1 	0.404117  1  4825.16  183
O16 	14895.1 	0.445305  1  1434.07  3775
O16 	14895.1 	0.212302  1  -3412.87  8826
O16 	14895.1 	0.221177  1  4496.36  560
O16 	14895.1 	0.272399  1  3300.09  1760
O16 	14895.1 	0.256466  1  -2386.08  7727
O16 	14895.1 	0.271463  1  -1940.48  7269
O16 	14895.1 	0.50983  1  -1465.26  6800
O16 	14895.1 	0.329712  1  1630.84  3596
O16 	14895.1 	0.368965  1  -216.578  5507
O16 	14895.1 	0.479894  1  -3413.38  8786
O16 	14895.1 	0.329552  1  3732.82  1300
O16 	14895.1 	0.290402  1  -4646.2  10226
O16 	14895.1 	0.842923  1  -168.097  5365
O16 	14895.1 	0.746888  1  -2012.68  7273
O16 	14895.1 	0.335848  1  252.568  4995
O16 	14895.1 	0.194432  1  2607.78  2555
O16 	14895.1 	0.296451  1  1430.04  3669
O16 	14895.1 	0.358059  1  2824.11  2265
O16 	14895.1 	0.387595  1  1767.94  3378
O16 	14895.1 	0.339695  1  2814.2  2207
O16 	14895.1 	0.188538  1  -1016.06  6333
O16 	14895.1 	0.246602  1  -602.882  5761
O16 	14895.1 	0.202842  1  -2945.11  8326
O16 	14895.1 	0.35764  1  -4427.99  9817
O16 	14895.1 	0.308205  1  -41.7935  5203
O16 	14895.1 	0.367708  1  -4117.81  9509
O16 	14895.1 	0.262627  1  -1644.17  7017
O16 	14895.1 	0.277446  1  3072.87  2031
O16 	14895.1 	0.274738  1  -959.975  6253
O16 	14895.1 	0.243073  1  -1031.37  6378
O16 	14895.1 	0.204559  1  -4238.58  9759
O16 	14895.1 	0.570024  1  4754.13  276
O16 	14895.1 	0.330775  1  1039.61  4179
O16 	14895.1 	0.452061  1  1889.48  3277
O16 	14895.1 	0.265208  1  4278.49  796
O16 	14895.1 	0.227995  1  2470.61  2556
O16 	14895.1 	0.254787  1  2754  2355
O16 	14895.1 	0.293464  1  -3224.18  8597
O16 	14895.1 	0.4113  1  -1605.52  7051
O16 	14895.1 	0.245243  1  268.721  5037
O16 	14895.1 	0.30553  1  2895.26  2235
O16 	14895.1 	0.510583  1  4504.85  504
O16 	14895.1 	0.199164  1  -592.304  5830
O16 	14895.1 	0.520696  1  1314.71  3857
O16 	14895.1 	0.519693  1  3772.4  1292
O16 	14895.1 	0.258646  1  -1080.7  6341
O16 	14895.1 	0.491668  1  1562.41  3606
O16 	14895.1 	0.217562  1  -4190.27  9554
O16 	14895.1 	0.535233  1  -3388.29  8784
O16 	14895.1 	0.346068  1  -456.335  5781
O16 	14895.1 	0.24113  1  -376.528  5608
O16 	14895.1 	0.752186  1  -541.947  5827
O16 	14895.1 	0.210562  1  -3303.8  8681
O16 	14895.1 	1.07427  1  -4873.44  10298
O16 	14895.1 	0.211328  1  3715.48  1337
O16 	14895.1 	0.199198  1  2563.48  2628
O16 	14895.1 	0.203229  1  4783.95  240
O16 	14895.1 	0.618158  1  3320.56  1800
O16 	14895.1 	0.260913  1  -4698.34  10256
O16 	14895.1 	0.605902  1  2651.32  2436
O16 	14895.1 	0.213257  1  -4990.6  10619
O16 	14895.1 	0.738607  1  2654.36  2373
O16 	14895.1 	0.191631  1  2869.74  2210
O16 	14895.1 	0.244613  1  -1458.75  6790
O16 	14895.1 	0.293162  1  3433.21  1663
O16 	14895.1 	0.569897  1  -933.702  6369
O16 	14895.1 	0.255937  1  1466.25  3823
O16 	14895.1 	0.394444  1  4528.42  476
O16 	14895.1 	0.554689  1  -818.075  6296
O16 	14895.1 	0.279375  1  2839.11  2176
O16 	14895.1 	0.463703  1  4887.46  114
O16 	14895.1 	0.292343  1  4144.71  879
O16 	14895.1 	0.197776  1  1493.86  3595
O16 	14895.1 	0.461841  1  492.054  4759
O16 	14895.1 	0.323545  1  3308.27  1779
O16 	14895.1 	0.499485  1  1631.45  3583
O16 	14895.1 	0.238835  1  508.148  4825
O16 	14895.1 	0.236835  1  4320.94  764
O16 	14895.1 	0.314606  1  4859.87  145
O16 	14895.1 	6.51969  1  -853.623  6128
O16 	14895.1 	0.23805  1  -3995.87  9425
O16 	14895.1 	0.211117  1  -1362.72  6700
O16 	14895.1 	0.26257  1  3337.34  1752
O16 	14895.1 	0.312049  1  4761.3  251
O16 	14895.1 	0.208995  1  -2788.43  8185
O16 	14895.1 	0.216078  1  3736.02  1298
O16 	14895.1 	0.219865  1  1051.35  4056
O16 	14895.1 	0.206338  1  4846.84  159
O16 	14895.1 	0.759963  1  -3094.24  8482
O16 	14895.1 	0.259455  1  2097.73  3057
O16 	14895.1 	0.488558  1  1484.78  3679
O16 	14895.1 	0.390073  1  2018.18  3164
O16 	14895.1 	0.432769  1  -1660.98  6934
O16 	14895.1 	6.55047  1  3830.83  1299
O16 	14895.1 	0.189963  1  3897.36  1224
O16 	14895.1 	0.197163  1  382.863  4963
O16 	14895.1 	1.54651  1  -4123.51  9632
O16 	14895.1 	0.859602  1  2570.61  2618
O16 	14895.1 	0.362112  1  -389.609  5579
O16 	14895.1 	0.300507  1  952.728  4194
O16 	14895.1 	1.5786  1  -4792.39  10218
O16 	14895.1 	0.35261  1  2848.49  2318
O16 	14895.1 	0.416116  1  -1719.89  7060
O16 	14895.1 	0.220191  1  194.597  5113
O16 	14895.1 	0.330948  1  -3656.53  9170
O16 	14895.1 	0.942421  1  500.233  4632
O16 	14895.1 	0.503768  1  -515.325  5774
O16 	14895.1 	0.195914  1  -1271.49  6546
O16 	14895.1 	0.295116  1  -4618.09  10052
O16 	14895.1 	0.221546  1  3036.3  2086
O16 	14895.1 	0.214264  1  -383.448  5756
O16 	14895.1 	0.377545  1  2071.9  3127
O16 	14895.1 	0.330871  1  4246.03  801
O16 	14895.1 	0.325892  1  -1169.7  6449
O16 	14895.1 	1.36658  1  833.691  4358
O16 	14895.1 	0.505174  1  -3133.47  8496
O16 	14895.1 	0.241956  1  -534.058  5756
O16 	14895.1 	0.350883  1  -4157.22  9704
O16 	14895.1 	0.576761  1  1534.27  3693
O16 	14895.1 	0.305164  1  -3908.51  9246
O16 	14895.1 	1.13509  1  -912.731  6281
O16 	14895.1 	0.227187  1  2150.52  3029
O16 	14895.1 	0.213871  1  -4173.75  9704
O16 	14895.1 	0.730222  1  -2976.43  8310
O16 	14895.1 	0.226422  1  -4774.75  10227
O16 	14895.1 	0.409126  1  -3069  8347
O16 	14895.1 	0.189665  1  3316.75  1731
O16 	14895.1 	0.313425  1  -2973.17  8356
O16 	14895.1 	0.327445  1  -4683.91  10214
O16 	14895.1 	0.47866  1  3774.67  1287
O16 	14895.1 	0.286494  1  2653.5  2420
O16 	14895.1 	0.307  1  1889.46  3327
O16 	14895.1 	1.83355  1  -4381.5  9832
O16 	14895.1 	0.303261  1  -3546.61  8951
O16 	14895.1 	0.238969  1  3043.6  2041
O16 	14895.1 	0.656552  1  3335.16  1817
O16 	14895.1 	0.717863  1  4694.32  284
O16 	14895.1 	0.51671  1  -3622.68  9164
O16 	14895.1 	0.194056  1  -2985.68  8329
O16 	14895.1 	0.40294  1  758.527  4470
O16 	14895.1 	0.260489  1  359.606  4874
O16 	14895.1 	0.250879  1  3272.98  1833
O16 	14895.1 	0.195448  1  -3441.42  8916
O16 	14895.1 	0.224708  1  4958.76  50
O16 	14895.1 	0.21207  1  -4596.91  9952
O16 	14895.1 	0.429877  1  4611.69  396
O16 	14895.1 	0.45149  1  -3180.94  8486
O16 	14895.1 	0.228963  1  631.468  4514
O16 	14895.1 	0.290108  1  2796.57  2372
O16 	14895.1 	0.567125  1  1828.41  3290
O16 	14895.1 	0.209219  1  -1255.38  6615
O16 	14895.1 	0.802934  1  3916.84  1121
O16 	14895.1 	0.204922  1  -4582.33  10209
O16 	14895.1 	0.208195  1  4419.16  651
O16 	14895.1 	0.277395  1  70.9319  5220
O16 	14895.1 	0.393881  1  -4162.04  9847
O16 	14895.1 	0.858087  1  -3974.44  9425
O16 	14895.1 	0.336022  1  -4191.21  9606
O16 	14895.1 	0.307916  1  -300.906  5533
O16 	14895.1 	0.329003  1  2372.95  2729
O16 	14895.1 	0.398713  1  -3190.2  8536
O16 	14895.1 	0.263505  1  -1218.51  6486
O16 	14895.1 	0.267767  1  3734.5  1326
O16 	14895.1 	0.655482  1  -4810.14  10232
O16 	14895.1 	0.213694  1  1009.87  4208
O16 	14895.1 	2.06782  1  -2592.26  7876
O16 	14895.1 	0.332101  1  3003.52  2027
O16 	14895.1 	0.258301  1  3572.37  1474
O16 	14895.1 	0.780297  1  -144.871  5373
O16 	14895.1 	0.299989  1  -3013.26  8655
O16 	14895.1 	3.38125  1  -4759.17  10158
O16 	14895.1 	1.00655  1  -233.676  5407
O16 	14895.1 	0.856173  1  -1498.29  6878
O16 	14895.1 	0.215092  1  4633.59  344
O16 	14895.1 	0.50865  1  -2840.48  8286
O16 	14895.1 	0.242219  1  -4693.95  10244
O16 	14895.1 	0.902337  1  4353.32  633
O16 	14895.1 	0.235926  1  -1307.65  6707
O16 	14895.1 	1.1188  1  1330.19  3993
O16 	14895.1 	0.215286  1  -1120.05  6477
O16 	14895.1 	0.19139  1  -2003.3  7452
O16 	14895.1 	0.412046  1  1528.67  3660
O16 	14895.1 	0.227372  1  -3065.75  8439
O16 	14895.1 	0.434102  1  -693.135  5986
O16 	14895.1 	0.386486  1  -2871.16  8283
O16 	14895.1 	0.213734  1  491.904  4598
O16 	14895.1 	0.67748  1  -4110.75  9473
O16 	14895.1 	0.217376  1  2865.02  2190
O16 	14895.1 	0.218921  1  -1604.66  6779
O16 	14895.1 	0.42249  1  3374.87  1725
O16 	14895.1 	0.474519  1  161.625  5103
O16 	14895.1 	0.205045  1  -1562.72  7032
O16 	14895.1 	0.213056  1  -2477.57  7678
O16 	14895.1 	1.93998  1  -3760.6  9016
O16 	14895.1 	0.358974  1  -2054.06  7336
O16 	14895.1 	0.218859  1  -817.442  6075
O16 	14895.1 	0.266247  1  -4451.28  10036
O16 	14895.1 	0.335226  1  2321.74  2815
O16 	14895.1 	0.280283  1  -570.695  5835
O16 	14895.1 	0.232037  1  1690.29  3363
O16 	14895.1 	0.21994  1  -4505.09  9932
O16 	14895.1 	1.85772  1  -3327.98  8725
O16 	14895.1 	0.297144  1  -492.821  5930
O16 	14895.1 	0.236747  1  -3987  9367
O16 	14895.1 	0.505003  1  4834.41  166
O16 	14895.1 	0.303563  1  2875.4  2240
O16 	14895.1 	0.306659  1  -4234.46  9616
O16 	14895.1 	0.231601  1  4885.76  141
O16 	14895.1 	0.304285  1  -4404.19  9925
O16 	14895.1 	0.224569  1  1117.69  4057
O16 	14895.1 	1.34652  1  -1466.92  6765
O16 	14895.1 	0.282818  1  -4384.94  9881
O16 	14895.1 	0.29301  1  4205.2  836
O16 	14895.1 	0.410861  1  -3615.34  9080
O16 	14895.1 	0.577555  1  -4855.69  10330
O16 	14895.1 	0.199148  1  445.473  4785
O16 	14895.1 	0.407669  1  3146.12  2021
O16 	14895.1 	0.633307  1  972.242  4200
O16 	14895.1 	0.525664  1  -4779.39  10225
O16 	14895.1 	0.213095  1  -1991.22  7340
O16 	14895.1 	0.438663  1  -2656.99  8074
O16 	14895.1 	0.336897  1  -3222.86  8677
O16 	14895.1 	0.795615  1  -3274.03  8736
O16 	14895.1 	0.260195  1  1168.24  4002
O16 	14895.1 	0.21795  1  -688.639  5964
O16 	14895.1 	0.206555  1  -4293.96  9847
O16 	14895.1 	0.41203  1  -1410.07  6635
O16 	14895.1 	0.258462  1  -1637.73  7022
O16 	14895.1 	0.288157  1  3049.67  2003
O16 	14895.1 	0.312737  1  1842.43  3332
O16 	14895.1 	0.260526  1  -2949.63  8367
O16 	14895.1 	0.311982  1  -4034.28  9567
O16 	14895.1 	0.191613  1  3470.58  1548
O16 	14895.1 	0.342438  1  3663.3  1428
O16 	14895.1 	0.23456  1  3289.55  1827
O16 	14895.1 	0.194891  1  2867.76  2164
O16 	14895.1 	0.401535  1  938.849  4334
O16 	14895.1 	0.593192  1  2694.86  2441
O16 	14895.1 	0.245445  1  -4738.39  10136
O16 	14895.1 	0.371463  1  -1620.99  6923
O16 	14895.1 	2.84892  1  3406.48  1700
O16 	14895.1 	0.19206  1  -53.8169  5306
O16 	14895.1 	2.14997  1  -926.634  6135
O16 	14895.1 	0.201577  1  -2425.98  7775
O16 	14895.1 	1.05623  1  -546.633  5885
O16 	14895.1 	0.279558  1  2906.37  2178
O16 	14895.1 	2.81514  1  912.387  4201
O16 	14895.1 	0.220909  1  3853.4  1189
O16 	14895.1 	0.787952  1  -910.154  6202
O16 	14895.1 	0.898023  1  4265.6  804
O16 	14895.1 	0.195924  1  4913.25  103
O16 	14895.1 	0.192754  1  -1584.51  6931
O16 	14895.1 	0.21036  1  897.498  4347
O16 	14895.1 	0.842468  1  -2320.56  7683
O16 	14895.1 	0.265088  1  3669.92  1381
O16 	14895.1 	0.897337  1  -1118.69  6476
O16 	14895.1 	0.267599  1  249.798  4971
O16 	14895.1 	0.325734  1  -1262.83  6583
O16 	14895.1 	0.205323  1  1630.25  3514
O16 	14895.1 	0.406574  1  -909.678  6241
O16 	14895.1 	0.231195  1  638.073  4606
O16 	14895.1 	0.504557  1  -3161.58  8382
O16 	14895.1 	0.554874  1  -4760.66  10112
O16 	14895.1 	0.870122  1  2505.2  2665
O16 	14895.1 	0.244395  1  -3580.84  9057
O16 	14895.1 	0.221495  1  2403.71  2726
O16 	14895.1 	0.189386  1  -1331.28  6807
O16 	14895.1 	0.200636  1  -1178.39  6592
O16 	14895.1 	0.721873  1  -1538.23  7078
O16 	14895.1 	0.32551  1  2010.15  3182
O16 	14895.1 	0.367795  1  -1523.34  6789
O16 	14895.1 	0.300211  1  1567.25  3612
O16 	14895.1 	0.470495  1  569.981  4735
O16 	14895.1 	0.215639  1  -2052.02  7318
O16 	14895.1 	0.246892  1  2088.27  3097
O16 	14895.1 	0.951923  1  -427.303  5704
O16 	14895.1 	0.193766  1  1378.74  3790
O16 	14895.1 	1.12549  1  -682.816  6027
O16 	14895.1 	0.304078  1  4340.43  672
O16 	14895.1 	0.290055  1  4847.34  172
O16 	14895.1 	0.623207  1  -3595.56  9180
O16 	14895.1 	0.259941  1  4276.19  758
O16 	14895.1 	0.793296  1  3109.35  1990
O16 	14895.1 	0.246897  1  4337.21  693
O16 	14895.1 	0.219374  1  -4227.34  9651
O16 	14895.1 	2.69695  1  -4364.46  9773
O16 	14895.1 	0.606925  1  -2918.39  8275
O16 	14895.1 	0.464216  1  1415.52  3698
O16 	14895.1 	0.25397  1  727.299  4528
O16 	14895.1 	0.411262  1  -1116.15  6448
O16 	14895.1 	0.207163  1  -1783.13  7126
O16 	14895.1 	0.199394  1  307.52  4932
O16 	14895.1 	0.189705  1  -3240.6  8785
O16 	14895.1 	0.310078  1  -3560.73  8909
O16 	14895.1 	0.192906  1  3989.98  1065
O16 	14895.1 	0.766168  1  -345.954  5603
O16 	14895.1 	0.380506  1  -4757.26  10172
O16 	14895.1 	0.408655  1  -1996.05  7324
O16 	14895.1 	0.268395  1  -1316.93  6551
O16 	14895.1 	0.292449  1  -327.926  5623
O16 	14895.1 	0.449538  1  -3272.27  8585
O16 	14895.1 	0.227197  1  2464.03  2648
O16 	14895.1 	0.23388  1  2347.52  2782
O16 	14895.1 	0.453008  1  4886.06  127
O16 	14895.1 	0.321292  1  -3278.68  8606
O16 	14895.1 	0.586825  1  164.31  5139
O16 	14895.1 	0.213038  1  -2495.63  7892
O16 	14895.1 	0.572423  1  -2514.94  7938
O16 	14895.1 	0.325492  1  4224.15  814
O16 	14895.1 	0.295514  1  2227.05  2963
O16 	14895.1 	0.989055  1  -3575.1  8844
O16 	14895.1 	0.319848  1  231.138  5064
O16 	14895.1 	0.249657  1  4131.98  913
O16 	14895.1 	0.33932  1  -1276.41  6565
O16 	14895.1 	1.04717  1  -3608.26  8887
O16 	14895.1 	0.691468  1  3713.67  1368
O16 	14895.1 	0.340038  1  -1702.35  7082
O16 	14895.1 	0.480045  1  4630.32  395
O16 	14895.1 	0.317999  1  -3731.25  9332
O16 	14895.1 	0.209111  1  2082.29  3058
O16 	14895.1 	0.208536  1  -977.183  6134
O16 	14895.1 	0.549623  1  -3901.35  9502
O16 	14895.1 	0.512246  1  -822.697  6045
O16 	14895.1 	0.465073  1  -3379.49  8904
O16 	14895.1 	0.454147  1  3515.61  1527
O16 	14895.1 	0.756226  1  -994.568  6254
O16 	14895.1 	0.505068  1  -3014.01  8361
O16 	14895.1 	0.227017  1  -1306.91  6415
O16 	14895.1 	0.423116  1  2685.68  2471
O16 	14895.1 	0.465013  1  -1945.39  7114
O16 	14895.1 	5.2661  1  4486.17  544
O16 	14895.1 	0.244387  1  2231.42  2934
O16 	14895.1 	0.410624  1  657.622  4482
O16 	14895.1 	0.309591  1  -4101.25  9534
O16 	14895.1 	0.314082  1  4287.45  741
O16 	14895.1 	0.77587  1  2475.79  2709
O16 	14895.1 	0.278501  1  -1664.17  6967
O16 	14895.1 	0.212492  1  -3989.57  9598
O16 	14895.1 	0.43903  1  1403.78  3737
O16 	14895.1 	0.22126  1  1024.42  4227
O16 	14895.1 	0.226077  1  -216.114  5354
O16 	14895.1 	0.197987  1  1206.07  4068
O16 	14895.1 	0.225707  1  275.34  5111
O16 	14895.1 	0.405691  1  1117.11  4020
O16 	14895.1 	0.216212  1  -3620.21  9053
O16 	14895.1 	0.341818  1  -4115.6  9521
O16 	14895.1 	0.216668  1  -1164.45  6367
O16 	14895.1 	1.05419  1  335.006  4804
O16 	14895.1 	0.492989  1  3876.79  1132
O16 	14895.1 	0.284795  1  -793.199  6097
O16 	14895.1 	0.283921  1  308.519  5074
O16 	14895.1 	0.405826  1  2774.36  2303
O16 	14895.1 	0.804831  1  -1471.85  6780
O16 	14895.1 	0.673819  1  2021.36  3118
O16 	14895.1 	0.264436  1  -316.917  5548
O16 	14895.1 	0.827014  1  -3415.86  8937
O16 	14895.1 	0.258043  1  -2508.81  7953
O16 	14895.1 	0.318844  1  2567.75  2542
O16 	14895.1 	0.210199  1  658.145  4621
O16 	14895.1 	0.42245  1  -817.537  6143
O16 	14895.1 	0.417369  1  1464.51  3660
O16 	14895.1 	0.454056  1  -2560.54  7828
O16 	14895.1 	0.248508  1  -3557.02  9003
O16 	14895.1 	0.302975  1  2302.4  2827
O16 	14895.1 	0.19886  1  -2265.71  7682
O16 	14895.1 	0.332117  1  611.472  4606
O16 	14895.1 	0.256279  1  3400.76  1597
O16 	14895.1 	0.209147  1  -1742.59  7152
O16 	14895.1 	0.654681  1  818.263  4467
O16 	14895.1 	0.231704  1  -2635.84  7881
O16 	14895.1 	1.28422  1  3740.64  1360
O16 	14895.1 	0.190574  1  -12.7611  5349
O16 	14895.1 	0.243663  1  1272.28  3825
O16 	14895.1 	0.329727  1  -1261.99  6589
O16 	14895.1 	0.235318  1  -2010.11  7280
O16 	14895.1 	0.923022  1  781.04  4363
O16 	14895.1 	0.192638  1  4347.56  663
O16 	14895.1 	2.20831  1  450.654  4756
O16 	14895.1 	0.259571  1  -1585.87  6928
O16 	14895.1 	0.507495  1  3814.43  1207
O16 	14895.1 	0.205815  1  4705.7  310
O16 	14895.1 	0.561716  1  -2761.4  8138
O16 	14895.1 	0.190192  1  -3464.86  8936
O16 	14895.1 	0.601608  1  1354.68  3780
O16 	14895.1 	0.257258  1  -754.214  6163
O16 	14895.1 	0.309465  1  747.047  4367
O16 	14895.1 	0.358139  1  -4709.35  10302
O16 	14895.1 	2.06657  1  -1110.64  6386
O16 	14895.1 	0.394464  1  1590.22  3526
O16 	14895.1 	0.666724  1  -1985.58  7147
O16 	14895.1 	0.398658  1  3493.1  1618
O16 	14895.1 	0.201762  1  1078.86  4157
O16 	14895.1 	0.200762  1  3635.65  1459
O16 	14895.1 	0.210536  1  -3855.35  9143
O16 	14895.1 	0.188826  1  3759.89  1354
O16 	14895.1 	0.346618  1  -2363.36  7764
O16 	14895.1 	2.05719  1  2876.86  2175
O16 	14895.1 	0.462918  1  2841.3  2317
O16 	14895.1 	0.40086  1  -4802.84  10252
O16 	14895.1 	0.36719  1  -986.108  6239
