O16 	14895.1 	0.207952  1  2170.91  2947
O16 	14895.1 	0.268292  1  -1402.61  6710
O16 	14895.1 	0.255915  1  1613.75  3550
O16 	14895.1 	0.284329  1  -531.698  5933
O16 	14895.1 	0.324687  1  -4465.98  9988
O16 	14895.1 	0.198975  1  1805.74  3434
O16 	14895.1 	0.465167  1  284.229  4966
O16 	14895.1 	0.476395  1  3914.35  1140
O16 	14895.1 	1.02854  1  2674  2427
O16 	14895.1 	0.201263  1  653.478  4631
O16 	14895.1 	0.39798  1  -1960.32  7397
O16 	14895.1 	0.212584  1  -1705.84  7058
O16 	14895.1 	0.575145  1  3432.35  1638
O16 	14895.1 	0.972276  1  1876.87  3277
O16 	14895.1 	0.562953  1  -1684.85  7068
O16 	14895.1 	0.335712  1  -3359.53  8863
O16 	14895.1 	0.296151  1  -4199.51  9674
O16 	14895.1 	0.509794  1  -4981.91  10520
O16 	14895.1 	0.342216  1  -3099.87  8424
O16 	14895.1 	0.203199  1  -4488.07  9952
O16 	14895.1 	0.204542  1  174.195  5074
O16 	14895.1 	0.427198  1  1213.33  4046
O16 	14895.1 	0.245592  1  -582.133  5948
O16 	14895.1 	0.345637  1  -995.302  6371
O16 	14895.1 	0.277841  1  2244.36  2878
O16 	14895.1 	0.237185  1  4486.02  514
O16 	14895.1 	1.15226  1  3609.5  1381
O16 	14895.1 	0.279558  1  3975.08  1011
O16 	14895.1 	0.196789  1  -4903.19  10404
O16 	14895.1 	0.760464  1  3822.96  1288
O16 	14895.1 	0.484751  1  888.177  4307
O16 	14895.1 	0.206012  1  1608.44  3596
O16 	14895.1 	0.265051  1  903.124  4221
O16 	14895.1 	0.444588  1  -331.247  5642
O16 	14895.1 	0.771935  1  -4492.25  9958
O16 	14895.1 	0.470302  1  -27.6293  5305
O16 	14895.1 	0.508789  1  2684.55  2470
O16 	14895.1 	0.492443  1  -4448.39  10029
O16 	14895.1 	0.336778  1  -4050.42  9540
O16 	14895.1 	0.201286  1  3583.9  1435
O16 	14895.1 	0.304778  1  824.975  4479
O16 	14895.1 	0.346996  1  835.409  4381
O16 	14895.1 	0.274406  1  -2982.64  8397
O16 	14895.1 	0.442312  1  -3063.56  8472
O16 	14895.1 	0.470789  1  -1910.25  7102
O16 	14895.1 	0.194677  1  4067.79  952
O16 	14895.1 	0.740643  1  -4149.26  9552
O16 	14895.1 	0.193604  1  2030.54  3171
O16 	14895.1 	0.239252  1  1093.85  4143
O16 	14895.1 	0.426642  1  1737.17  3457
O16 	14895.1 	0.260359  1  2146.99  3076
O16 	14895.1 	0.350142  1  -2635.82  8087
O16 	14895.1 	3.11892  1  895.421  4336
O16 	14895.1 	0.562061  1  3932.57  1237
O16 	14895.1 	0.269967  1  -2995.27  8373
O16 	14895.1 	0.291531  1  3217.84  1875
O16 	14895.1 	0.225674  1  -2104.62  7489
O16 	14895.1 	0.243728  1  493.484  4707
O16 	14895.1 	0.240269  1  -767.199  6072
O16 	14895.1 	0.197122  1  3811.76  1236
O16 	14895.1 	1.17732  1  4474.81  584
O16 	14895.1 	0.412526  1  528.607  4776
O16 	14895.1 	0.291398  1  -1095.27  6515
O16 	14895.1 	0.289481  1  4727.49  265
O16 	14895.1 	0.383466  1  -2249.33  7587
O16 	14895.1 	0.201233  1  -2735.69  8240
O16 	14895.1 	1.10025  1  1353.22  3954
O16 	14895.1 	0.197528  1  -1315.81  6499
O16 	14895.1 	3.6021  1  -950.449  6198
O16 	14895.1 	4.26957  1  -2947.55  8318
O16 	14895.1 	0.23283  1  -1971.29  7283
O16 	14895.1 	0.465404  1  2039.52  3046
O16 	14895.1 	0.378602  1  -2994.82  8476
O16 	14895.1 	0.411665  1  -4856.62  10483
O16 	14895.1 	0.216995  1  -4250.16  9669
O16 	14895.1 	0.40105  1  3927.55  1107
O16 	14895.1 	0.288812  1  2564.86  2494
O16 	14895.1 	0.644785  1  -1293.88  6533
O16 	14895.1 	0.386667  1  3441.15  1610
O16 	14895.1 	0.288605  1  -657.889  5845
O16 	14895.1 	0.276704  1  2839.23  2275
O16 	14895.1 	0.253991  1  -2223.24  7671
O16 	14895.1 	0.440447  1  3589.39  1504
O16 	14895.1 	0.25812  1  1680.89  3526
O16 	14895.1 	0.320358  1  4044.21  955
O16 	14895.1 	0.230836  1  4966.48  51
O16 	14895.1 	0.517644  1  -4931.4  10392
O16 	14895.1 	1.29149  1  -931.393  6242
O16 	14895.1 	0.867153  1  4498.32  530
O16 	14895.1 	0.208074  1  3467.77  1617
O16 	14895.1 	0.294047  1  -4618.47  10164
O16 	14895.1 	0.258222  1  -2377.6  7821
O16 	14895.1 	0.22914  1  3905.63  1138
O16 	14895.1 	0.442737  1  3807.33  1212
O16 	14895.1 	0.331165  1  3734.99  1403
O16 	14895.1 	0.199167  1  987.038  4129
O16 	14895.1 	0.490228  1  3222.65  1862
O16 	14895.1 	0.773013  1  2335.2  2778
O16 	14895.1 	0.585823  1  -93.4054  5363
O16 	14895.1 	0.218585  1  4818.16  186
O16 	14895.1 	0.198366  1  4624.19  422
O16 	14895.1 	0.565765  1  -2258.72  7491
O16 	14895.1 	0.189283  1  -2162.72  7672
O16 	14895.1 	0.210226  1  4077.98  981
O16 	14895.1 	0.23537  1  4423.03  578
O16 	14895.1 	0.218144  1  -487.778  5763
O16 	14895.1 	0.342679  1  -4422.83  9967
O16 	14895.1 	0.629222  1  -2013.1  7537
O16 	14895.1 	0.220134  1  -1897.75  7234
O16 	14895.1 	0.21741  1  -2751.43  8153
O16 	14895.1 	0.191966  1  -2117.09  7551
O16 	14895.1 	0.566305  1  -3410.23  8801
O16 	14895.1 	0.200018  1  1263.07  3860
O16 	14895.1 	0.417912  1  -3291.12  8646
O16 	14895.1 	0.369345  1  -2904.88  8217
O16 	14895.1 	0.299189  1  742.904  4422
O16 	14895.1 	0.206466  1  2519.12  2598
O16 	14895.1 	0.234668  1  -204.262  5460
O16 	14895.1 	0.286424  1  -3958.06  9252
O16 	14895.1 	0.524287  1  4001.41  1040
O16 	14895.1 	0.450006  1  -2910.25  8434
O16 	14895.1 	0.201199  1  1534.57  3639
O16 	14895.1 	0.235982  1  -2085.01  7511
O16 	14895.1 	0.278006  1  2201.75  2878
O16 	14895.1 	0.414946  1  320.151  4937
O16 	14895.1 	0.862792  1  -188.457  5572
O16 	14895.1 	0.315077  1  -3977.07  9615
O16 	14895.1 	0.212332  1  2437.84  2729
O16 	14895.1 	0.190331  1  -2082.43  7482
O16 	14895.1 	0.237185  1  -4653.87  10244
O16 	14895.1 	0.212465  1  2443.52  2704
O16 	14895.1 	0.236479  1  29.1937  5189
O16 	14895.1 	0.294645  1  -2137.04  7616
O16 	14895.1 	0.337863  1  3557.57  1460
O16 	14895.1 	0.196515  1  -2212.06  7618
O16 	14895.1 	0.278689  1  -2705.21  8099
O16 	14895.1 	0.190211  1  1890.63  3258
O16 	14895.1 	0.238581  1  -1676.77  6967
O16 	14895.1 	0.197992  1  -3463.33  8920
O16 	14895.1 	0.726252  1  -4089.11  9566
O16 	14895.1 	0.376438  1  1820.41  3436
O16 	14895.1 	0.456871  1  1776.31  3469
O16 	14895.1 	0.238657  1  2120.4  2911
O16 	14895.1 	0.268705  1  3449.2  1612
O16 	14895.1 	0.218217  1  4483.49  532
O16 	14895.1 	0.416988  1  2947.89  2137
O16 	14895.1 	0.227666  1  961.739  4208
O16 	14895.1 	0.201754  1  -2004  7411
O16 	14895.1 	0.262862  1  -2122.55  7485
O16 	14895.1 	0.420284  1  -633.524  5887
O16 	14895.1 	0.252029  1  -4535.27  10030
O16 	14895.1 	0.203481  1  -2335.93  7740
O16 	14895.1 	0.690802  1  -757.855  6145
O16 	14895.1 	0.26963  1  996.49  4129
O16 	14895.1 	0.207853  1  3300.93  1790
O16 	14895.1 	0.227745  1  4312.67  690
O16 	14895.1 	0.52281  1  4476.5  587
O16 	14895.1 	0.21219  1  -4041.18  9395
O16 	14895.1 	0.592619  1  -1929.07  7434
O16 	14895.1 	0.366725  1  -4018.64  9443
O16 	14895.1 	0.191823  1  71.7956  5258
O16 	14895.1 	0.259062  1  -1799.89  7184
O16 	14895.1 	0.362958  1  1452.96  3796
O16 	14895.1 	0.268456  1  412.432  4877
O16 	14895.1 	0.189485  1  -4332  9803
O16 	14895.1 	0.418099  1  2678.11  2498
O16 	14895.1 	0.338848  1  -3818.68  9168
O16 	14895.1 	2.25879  1  -731.719  6064
O16 	14895.1 	0.273901  1  3204.13  1946
O16 	14895.1 	1.53191  1  751.913  4473
O16 	14895.1 	0.74212  1  -2735.42  8298
O16 	14895.1 	0.274705  1  -2297.5  7724
O16 	14895.1 	0.208195  1  -3938.07  9460
O16 	14895.1 	0.324524  1  -2605.82  8044
O16 	14895.1 	0.210259  1  -246.678  5512
O16 	14895.1 	1.97993  1  1544.04  3664
O16 	14895.1 	0.239543  1  -4861.57  10369
O16 	14895.1 	0.197187  1  -4626.18  10282
O16 	14895.1 	0.218456  1  -1192.12  6513
O16 	14895.1 	0.440342  1  -2598.85  8021
O16 	14895.1 	2.15  1  -4928.14  10289
O16 	14895.1 	0.451572  1  2409.02  2692
O16 	14895.1 	0.401869  1  -3674.55  9281
O16 	14895.1 	0.482176  1  4178.12  839
O16 	14895.1 	0.190805  1  768.545  4438
O16 	14895.1 	0.255435  1  -2751.57  8026
O16 	14895.1 	0.330297  1  4896.79  120
O16 	14895.1 	0.196637  1  -2836.02  8157
O16 	14895.1 	0.313325  1  2933.57  2233
O16 	14895.1 	0.35536  1  -3397.49  8757
O16 	14895.1 	0.301118  1  -2724.3  8143
O16 	14895.1 	0.349077  1  3897.31  1100
O16 	14895.1 	0.527523  1  -549.305  5778
O16 	14895.1 	0.223679  1  3870.51  1163
O16 	14895.1 	0.219858  1  -2027.62  7427
O16 	14895.1 	1.24573  1  -811.692  6231
O16 	14895.1 	0.232931  1  -2942.05  8295
O16 	14895.1 	0.203478  1  -3655.63  9019
O16 	14895.1 	0.302931  1  3709.13  1326
O16 	14895.1 	0.315871  1  238.744  4992
O16 	14895.1 	0.259052  1  2186.75  2923
O16 	14895.1 	0.195212  1  2268.55  2831
O16 	14895.1 	0.273057  1  -1602.2  6880
O16 	14895.1 	0.276738  1  3925.42  1068
O16 	14895.1 	0.225543  1  1876.42  3331
O16 	14895.1 	0.244609  1  -2727.3  8104
O16 	14895.1 	0.519601  1  -527.252  5870
O16 	14895.1 	0.188666  1  3799.25  1317
O16 	14895.1 	0.41677  1  -2496.76  7760
O16 	14895.1 	0.482136  1  -3480.76  8859
O16 	14895.1 	2.74527  1  -2642.87  8091
O16 	14895.1 	0.195811  1  4206.43  774
O16 	14895.1 	0.29375  1  -3519.1  8961
O16 	14895.1 	0.247734  1  -2648.31  8038
O16 	14895.1 	0.226696  1  -827.082  6080
O16 	14895.1 	0.216606  1  -1657.88  6901
O16 	14895.1 	0.190491  1  2530.91  2584
O16 	14895.1 	0.21844  1  2689.65  2457
O16 	14895.1 	0.22961  1  -1812.93  7093
O16 	14895.1 	0.311563  1  4368.61  629
O16 	14895.1 	0.490781  1  -3627.64  9099
O16 	14895.1 	0.242819  1  3142.42  1974
O16 	14895.1 	0.55141  1  4973.04  34
O16 	14895.1 	0.293047  1  4916.26  85
O16 	14895.1 	0.996998  1  4406.88  588
O16 	14895.1 	0.331892  1  3834.09  1219
O16 	14895.1 	0.949292  1  109.871  5305
O16 	14895.1 	0.31417  1  -636.013  5985
O16 	14895.1 	0.576425  1  -3911.19  9419
O16 	14895.1 	0.248015  1  1503.93  3684
O16 	14895.1 	0.837626  1  1546.79  3819
O16 	14895.1 	1.726  1  -485.807  5736
O16 	14895.1 	0.579348  1  1780.2  3372
O16 	14895.1 	0.660135  1  -1827.25  7298
O16 	14895.1 	0.346987  1  -2004.39  7250
O16 	14895.1 	0.239325  1  2401.53  2754
O16 	14895.1 	0.70388  1  -1643.36  7003
O16 	14895.1 	0.28506  1  -2493.68  7788
O16 	14895.1 	0.189115  1  565.743  4610
O16 	14895.1 	0.267833  1  3584.09  1522
O16 	14895.1 	0.21912  1  -2079.1  7441
O16 	14895.1 	0.389446  1  -4790.11  10308
O16 	14895.1 	0.53154  1  4312.53  734
O16 	14895.1 	1.05789  1  844.832  4394
O16 	14895.1 	0.264499  1  -2918.73  8292
O16 	14895.1 	0.312479  1  -248.18  5460
O16 	14895.1 	0.194233  1  2013.71  3053
O16 	14895.1 	0.230732  1  2654.78  2484
O16 	14895.1 	0.197093  1  -3195.34  8704
O16 	14895.1 	0.238402  1  -4378.78  9719
O16 	14895.1 	0.508866  1  3957.99  1115
O16 	14895.1 	0.567608  1  4267.38  771
O16 	14895.1 	0.232329  1  1482.62  3803
O16 	14895.1 	0.315286  1  1357.79  3970
O16 	14895.1 	0.196631  1  -4128.13  9634
O16 	14895.1 	1.46428  1  2326.96  2868
O16 	14895.1 	0.487977  1  4861.48  166
O16 	14895.1 	0.431196  1  -988.606  6373
O16 	14895.1 	1.74748  1  -2027.03  7239
O16 	14895.1 	0.198232  1  953.421  4187
O16 	14895.1 	5.80362  1  -1751.33  7085
O16 	14895.1 	0.195387  1  -2951.85  8423
O16 	14895.1 	0.207062  1  3500.75  1573
O16 	14895.1 	0.487264  1  3272  1814
O16 	14895.1 	0.806695  1  3541.13  1505
O16 	14895.1 	0.664397  1  1209.15  4055
O16 	14895.1 	0.202959  1  -3700.36  9267
O16 	14895.1 	0.287897  1  -856.107  6261
O16 	14895.1 	0.771275  1  -2909.73  8305
O16 	14895.1 	0.200855  1  351.246  4911
O16 	14895.1 	0.20076  1  3295.46  1852
O16 	14895.1 	0.228502  1  -1170.54  6589
O16 	14895.1 	0.449522  1  6.87463  5139
O16 	14895.1 	0.325273  1  1485.82  3608
O16 	14895.1 	1.01934  1  -3578.45  9042
O16 	14895.1 	0.24575  1  3183.67  1943
O16 	14895.1 	0.246653  1  1536.27  3647
O16 	14895.1 	0.258712  1  -1925.38  7137
O16 	14895.1 	0.440691  1  4448.36  584
O16 	14895.1 	0.22378  1  -2462.86  8044
O16 	14895.1 	0.282153  1  4280.46  724
O16 	14895.1 	0.351646  1  4136.59  876
O16 	14895.1 	0.40356  1  1863.73  3285
O16 	14895.1 	0.210853  1  -4723.66  10173
O16 	14895.1 	0.515593  1  1913.93  3235
O16 	14895.1 	0.373925  1  -109.962  5230
O16 	14895.1 	0.203823  1  -3259.82  8709
O16 	14895.1 	0.664261  1  -2877.09  8198
O16 	14895.1 	0.464497  1  -920.942  6446
O16 	14895.1 	0.576409  1  -808.463  6061
O16 	14895.1 	0.399737  1  764.478  4528
O16 	14895.1 	0.54839  1  2349.92  2779
O16 	14895.1 	1.13058  1  -2233.18  7557
O16 	14895.1 	0.202549  1  -1030.28  6518
O16 	14895.1 	0.24058  1  -980.553  6172
O16 	14895.1 	1.15047  1  823.664  4337
O16 	14895.1 	0.198168  1  352.276  5029
O16 	14895.1 	0.262807  1  4973.75  36
O16 	14895.1 	0.26694  1  804.295  4375
O16 	14895.1 	0.199708  1  -707.846  5946
O16 	14895.1 	0.247194  1  -2454.43  7850
O16 	14895.1 	0.253294  1  176.392  5113
O16 	14895.1 	0.251853  1  -2596.42  8001
O16 	14895.1 	2.09721  1  -2468.89  7865
O16 	14895.1 	0.647828  1  1715.92  3440
O16 	14895.1 	0.3746  1  1621.58  3642
O16 	14895.1 	0.472022  1  1787.79  3410
O16 	14895.1 	0.212563  1  -3108.28  8521
O16 	14895.1 	0.365476  1  1533.13  3605
O16 	14895.1 	0.372241  1  -2818.21  8359
O16 	14895.1 	0.334278  1  1129.9  4102
O16 	14895.1 	1.90932  1  -2740.71  8255
O16 	14895.1 	0.262207  1  3818.12  1238
O16 	14895.1 	0.30485  1  -3016.44  8327
O16 	14895.1 	0.615055  1  1801.83  3285
O16 	14895.1 	0.338299  1  -1018.48  6299
O16 	14895.1 	0.706338  1  4447.49  591
O16 	14895.1 	0.234844  1  4579.64  476
O16 	14895.1 	0.213002  1  -245.893  5435
O16 	14895.1 	0.310888  1  -4969.09  10412
O16 	14895.1 	0.504072  1  -1699.23  7136
O16 	14895.1 	0.651421  1  4397.81  607
O16 	14895.1 	0.219645  1  -2710.54  8128
O16 	14895.1 	0.299556  1  -289.431  5446
O16 	14895.1 	0.189569  1  1889.33  3329
O16 	14895.1 	0.243881  1  -279.083  5545
O16 	14895.1 	0.265462  1  2640.85  2530
O16 	14895.1 	0.205343  1  2796.54  2364
O16 	14895.1 	0.197045  1  189.193  5020
O16 	14895.1 	0.457673  1  4330.48  748
O16 	14895.1 	0.28873  1  -4082.65  9546
O16 	14895.1 	0.211846  1  -2033.23  7414
O16 	14895.1 	0.247738  1  -1049.05  6311
O16 	14895.1 	0.432927  1  3948.76  1107
O16 	14895.1 	0.26775  1  691.327  4594
O16 	14895.1 	0.214336  1  -3070.86  8559
O16 	14895.1 	1.01556  1  -2078.62  7418
O16 	14895.1 	0.301823  1  1308.03  3828
O16 	14895.1 	0.721999  1  -1903.94  7276
O16 	14895.1 	0.192823  1  3700.86  1401
O16 	14895.1 	0.303679  1  4967.3  30
O16 	14895.1 	0.230665  1  4906.41  94
O16 	14895.1 	0.57624  1  -2813.1  8284
O16 	14895.1 	0.569082  1  3622.69  1321
O16 	14895.1 	1.74449  1  -2442.98  7859
O16 	14895.1 	0.425004  1  -3965.47  9563
O16 	14895.1 	0.360635  1  -2398.89  7717
O16 	14895.1 	0.206447  1  -714.026  5993
O16 	14895.1 	0.314476  1  -3909.38  9493
O16 	14895.1 	0.197082  1  -646.885  5992
O16 	14895.1 	0.724134  1  -3908.49  9345
O16 	14895.1 	0.205401  1  -3776.67  9216
O16 	14895.1 	0.243858  1  557.577  4618
O16 	14895.1 	2.62841  1  4690.33  343
O16 	14895.1 	0.223034  1  -2475.73  7895
O16 	14895.1 	0.313651  1  3754.84  1339
O16 	14895.1 	0.238946  1  -2116.38  7544
O16 	14895.1 	0.356062  1  -3014.87  8517
O16 	14895.1 	2.74482  1  -756.718  6024
O16 	14895.1 	0.503594  1  -3064.34  8489
O16 	14895.1 	0.845682  1  -1916.2  7318
O16 	14895.1 	0.282976  1  735.82  4475
O16 	14895.1 	0.332713  1  -4366.65  9823
O16 	14895.1 	0.319905  1  2823.17  2263
O16 	14895.1 	0.321605  1  4512.09  509
O16 	14895.1 	0.316382  1  -537.372  5948
O16 	14895.1 	0.409116  1  1776.92  3430
O16 	14895.1 	0.672153  1  3936.4  1157
O16 	14895.1 	0.200912  1  2113.16  2919
O16 	14895.1 	0.225535  1  -1829.78  7246
O16 	14895.1 	0.209329  1  -723.106  5928
O16 	14895.1 	0.415479  1  2684.89  2424
O16 	14895.1 	0.258282  1  -3663.94  8963
O16 	14895.1 	0.315222  1  3321.41  1793
O16 	14895.1 	0.327699  1  -4295.4  9685
O16 	14895.1 	2.18256  1  780.729  4393
O16 	14895.1 	1.21782  1  -2112.93  7539
O16 	14895.1 	0.390705  1  533.452  4763
O16 	14895.1 	0.302995  1  -2824.95  8428
O16 	14895.1 	0.841429  1  -4333.66  9750
O16 	14895.1 	0.347967  1  2267.96  2846
O16 	14895.1 	0.343539  1  152.962  4983
O16 	14895.1 	0.242604  1  -2750.42  8158
O16 	14895.1 	0.374806  1  4049.19  974
O16 	14895.1 	0.25885  1  1265.8  4017
O16 	14895.1 	0.308106  1  3788.19  1257
O16 	14895.1 	0.189304  1  3566.26  1511
O16 	14895.1 	0.291446  1  900.744  4345
O16 	14895.1 	0.209675  1  -1942.5  7294
O16 	14895.1 	0.633255  1  897.076  4370
O16 	14895.1 	0.248355  1  3998.63  1024
O16 	14895.1 	0.761366  1  -809.841  6121
O16 	14895.1 	0.527093  1  -3430.46  8823
O16 	14895.1 	0.232524  1  -4484.95  9977
O16 	14895.1 	0.427676  1  -351.464  5583
O16 	14895.1 	1.01895  1  3713.77  1354
O16 	14895.1 	0.199047  1  2447.69  2695
O16 	14895.1 	0.222542  1  3942.99  1140
O16 	14895.1 	0.433118  1  4517.92  510
O16 	14895.1 	0.333515  1  1382.54  3810
O16 	14895.1 	0.360322  1  -2346.43  7819
O16 	14895.1 	0.201595  1  3309.66  1744
O16 	14895.1 	0.228911  1  3482.59  1650
O16 	14895.1 	0.203632  1  533.702  4570
O16 	14895.1 	0.193078  1  3703.78  1424
O16 	14895.1 	0.270443  1  3288.31  1895
O16 	14895.1 	0.261456  1  4240.23  821
O16 	14895.1 	0.317757  1  -3996.11  9429
O16 	14895.1 	0.399072  1  2750.62  2409
O16 	14895.1 	0.420835  1  423.442  4831
O16 	14895.1 	0.988884  1  -329.463  5638
O16 	14895.1 	0.332345  1  4957.85  45
O16 	14895.1 	0.208417  1  -4227.47  9855
O16 	14895.1 	0.63195  1  3265.79  1782
O16 	14895.1 	0.201455  1  923.787  4185
O16 	14895.1 	0.529302  1  -904.191  6257
O16 	14895.1 	0.22952  1  -3223.24  8518
O16 	14895.1 	0.685027  1  4729.89  288
O16 	14895.1 	0.352246  1  4489.72  523
O16 	14895.1 	0.195998  1  -3563.08  9017
O16 	14895.1 	0.25036  1  -1111.44  6408
O16 	14895.1 	0.247333  1  687.019  4545
O16 	14895.1 	0.272181  1  2522.37  2553
O16 	14895.1 	0.214716  1  -1241.69  6488
O16 	14895.1 	0.365072  1  -1111.3  6329
O16 	14895.1 	0.277041  1  -632.373  5882
O16 	14895.1 	0.462171  1  -3367.89  8821
O16 	14895.1 	0.217265  1  520.904  4674
O16 	14895.1 	0.284803  1  3205.1  1930
O16 	14895.1 	0.289745  1  -1089.39  6369
O16 	14895.1 	0.237678  1  -4260.24  9839
O16 	14895.1 	0.941972  1  -31.2422  5249
O16 	14895.1 	0.386581  1  2570.88  2504
O16 	14895.1 	0.258713  1  -2363.82  7725
O16 	14895.1 	0.290205  1  3443.41  1636
O16 	14895.1 	0.231474  1  -895.074  6278
O16 	14895.1 	0.300225  1  499.723  4817
O16 	14895.1 	0.378367  1  -1047.55  6356
O16 	14895.1 	0.416217  1  -1092.33  6302
O16 	14895.1 	0.217793  1  3381.67  1579
O16 	14895.1 	1.10274  1  2006.88  3122
O16 	14895.1 	0.708654  1  -2632.06  7999
O16 	14895.1 	0.466637  1  2494.64  2641
O16 	14895.1 	0.225507  1  -4323.88  9757
O16 	14895.1 	0.250756  1  2701  2397
O16 	14895.1 	0.226421  1  -1462.02  6863
O16 	14895.1 	0.214623  1  -2075.13  7475
O16 	14895.1 	0.198601  1  -3996.81  9522
O16 	14895.1 	0.323977  1  3689.33  1353
O16 	14895.1 	0.266386  1  -477.149  5745
O16 	14895.1 	1.65714  1  255.31  4927
O16 	14895.1 	0.301913  1  3250.3  1834
O16 	14895.1 	0.282361  1  4100.18  928
O16 	14895.1 	0.243221  1  -2403.45  7834
O16 	14895.1 	0.253052  1  -3926.59  9394
O16 	14895.1 	1.74526  1  994.163  4272
O16 	14895.1 	0.480064  1  1119.1  4086
O16 	14895.1 	0.371988  1  3386.1  1618
O16 	14895.1 	1.68195  1  776.426  4431
O16 	14895.1 	0.257127  1  2864.75  2250
O16 	14895.1 	0.363092  1  3336.07  1790
O16 	14895.1 	0.191179  1  -1541.35  6892
O16 	14895.1 	0.26364  1  -2180.62  7497
O16 	14895.1 	0.191509  1  -4157.73  9582
O16 	14895.1 	0.190223  1  -3713.82  9246
O16 	14895.1 	0.291851  1  -816.79  6123
O16 	14895.1 	0.780993  1  2009.45  3094
O16 	14895.1 	0.268382  1  327.492  5115
O16 	14895.1 	0.46634  1  -1533.77  7032
O16 	14895.1 	0.241153  1  -1979.82  7400
O16 	14895.1 	0.787661  1  1729.58  3500
O16 	14895.1 	0.444523  1  4139.66  874
O16 	14895.1 	0.483136  1  375.834  4872
O16 	14895.1 	1.39978  1  -2194.91  7468
O16 	14895.1 	0.4065  1  245.084  4951
O16 	14895.1 	0.234119  1  -4600.89  10138
O16 	14895.1 	0.216916  1  -3291.45  8854
O16 	14895.1 	0.284999  1  2169.98  3045
O16 	14895.1 	0.344287  1  -4678.11  10231
O16 	14895.1 	0.478503  1  -3968.22  9506
O16 	14895.1 	0.299162  1  3591.57  1476
O16 	14895.1 	0.436167  1  -3755.11  9322
O16 	14895.1 	0.206573  1  -544.397  5829
O16 	14895.1 	1.17655  1  4126.08  908
O16 	14895.1 	0.428099  1  -4269.09  9851
O16 	14895.1 	0.484489  1  4086.11  997
O16 	14895.1 	0.712279  1  4782.63  235
O16 	14895.1 	0.346621  1  3710.67  1388
O16 	14895.1 	0.657227  1  -4996.74  10615
O16 	14895.1 	0.277906  1  1894.9  3198
O16 	14895.1 	0.218092  1  -4192.81  9701
O16 	14895.1 	12.2044  1  378.15  4838
O16 	14895.1 	0.4448  1  4480.38  537
O16 	14895.1 	0.210985  1  2960.2  2166
O16 	14895.1 	0.362571  1  3049.64  1992
O16 	14895.1 	0.352279  1  -2400  7914
O16 	14895.1 	0.249004  1  -4415.38  9936
O16 	14895.1 	1.08759  1  -2434.24  7897
O16 	14895.1 	0.327124  1  -479.473  5696
O16 	14895.1 	0.236291  1  2843.75  2275
O16 	14895.1 	0.247686  1  -4063.21  9562
O16 	14895.1 	0.402134  1  -4452.88  9857
O16 	14895.1 	0.798747  1  2939.81  2216
O16 	14895.1 	0.77948  1  2724.98  2368
O16 	14895.1 	0.319299  1  1003.23  4322
O16 	14895.1 	0.288992  1  -453.164  5776
O16 	14895.1 	0.219155  1  -2169.42  7507
O16 	14895.1 	0.269857  1  -4286.47  9740
O16 	14895.1 	0.701964  1  1448.7  3779
O16 	14895.1 	0.731834  1  434.807  4876
O16 	14895.1 	0.218706  1  -3986.31  9368
O16 	14895.1 	0.21339  1  -3593.74  9116
O16 	14895.1 	0.282217  1  -3019.58  8430
O16 	14895.1 	0.404767  1  -1850.05  7331
O16 	14895.1 	0.243022  1  -2484.29  7862
O16 	14895.1 	0.192189  1  -3417.48  8811
O16 	14895.1 	0.223861  1  290.984  5056
O16 	14895.1 	0.739211  1  -4577.14  10090
O16 	14895.1 	0.394249  1  4108.72  944
O16 	14895.1 	0.805233  1  2414.63  2831
O16 	14895.1 	0.308749  1  4694.8  330
O16 	14895.1 	0.283853  1  -826.716  6206
O16 	14895.1 	0.239272  1  4190.91  881
O16 	14895.1 	0.260763  1  2110.99  3067
O16 	14895.1 	0.207619  1  326.531  5003
O16 	14895.1 	1.32536  1  2875.53  2222
O16 	14895.1 	0.421157  1  1722.91  3486
O16 	14895.1 	1.00645  1  -737.568  6022
O16 	14895.1 	0.295371  1  1166.59  4008
O16 	14895.1 	0.610452  1  4943.18  85
O16 	14895.1 	0.280754  1  1172.97  4066
O16 	14895.1 	0.312262  1  -2143.68  7543
O16 	14895.1 	0.55438  1  -1240.29  6553
O16 	14895.1 	0.298331  1  779.665  4553
O16 	14895.1 	0.26874  1  3388  1713
O16 	14895.1 	0.205784  1  -1129.73  6305
O16 	14895.1 	0.273146  1  214.658  5038
O16 	14895.1 	0.60757  1  850.423  4330
O16 	14895.1 	0.237616  1  269.923  4948
O16 	14895.1 	0.355507  1  -1608.22  6862
O16 	14895.1 	0.260563  1  4246.27  793
O16 	14895.1 	0.213768  1  -393.275  5635
O16 	14895.1 	0.262696  1  -1141.02  6380
O16 	14895.1 	1.04226  1  421.373  4891
O16 	14895.1 	1.70734  1  3248.9  1849
O16 	14895.1 	0.411161  1  -2372.89  7698
O16 	14895.1 	1.39343  1  -298.422  5735
O16 	14895.1 	0.302784  1  -4738.22  10228
O16 	14895.1 	0.294286  1  2967.53  2178
O16 	14895.1 	0.210896  1  -1873.99  7322
O16 	14895.1 	0.436125  1  -1673.37  7009
O16 	14895.1 	0.188988  1  3754.1  1246
O16 	14895.1 	0.367447  1  1210.79  4014
O16 	14895.1 	0.579684  1  -3172.75  8505
O16 	14895.1 	0.2592  1  -4428.52  9830
O16 	14895.1 	4.42796  1  -1232.18  6527
O16 	14895.1 	0.201714  1  2816.42  2245
O16 	14895.1 	0.30939  1  -2010.42  7425
O16 	14895.1 	1.01588  1  4449.36  556
O16 	14895.1 	0.33697  1  -234.669  5618
O16 	14895.1 	0.242658  1  -2745.5  8293
O16 	14895.1 	0.758098  1  -4100.92  9423
O16 	14895.1 	0.280794  1  -189.892  5502
O16 	14895.1 	0.214196  1  897.675  4320
O16 	14895.1 	0.295522  1  4807.6  189
O16 	14895.1 	0.519583  1  713.601  4518
O16 	14895.1 	0.241269  1  4320.6  693
O16 	14895.1 	0.326535  1  -984.013  6261
O16 	14895.1 	0.19569  1  -2031.96  7323
O16 	14895.1 	0.692129  1  -1361.9  6805
O16 	14895.1 	0.393443  1  -3590.63  8963
O16 	14895.1 	0.449765  1  -3393.46  9044
O16 	14895.1 	0.215727  1  4339.17  717
O16 	14895.1 	0.36873  1  1529.03  3731
O16 	14895.1 	0.191557  1  4903.66  123
O16 	14895.1 	2.70919  1  1436.78  3769
O16 	14895.1 	0.188775  1  4035.36  1025
O16 	14895.1 	0.266619  1  3262.9  1861
O16 	14895.1 	0.263757  1  4579.55  428
O16 	14895.1 	0.213824  1  -1485.7  6914
O16 	14895.1 	0.210973  1  2275.18  2928
O16 	14895.1 	2.95359  1  -2865.76  8348
O16 	14895.1 	9.98043  1  3194.78  1883
O16 	14895.1 	1.06533  1  4397.08  625
O16 	14895.1 	0.287299  1  -3366.86  8733
O16 	14895.1 	0.310006  1  3879.52  1189
O16 	14895.1 	0.212768  1  -1467.77  6872
O16 	14895.1 	1.05664  1  -3347.59  8896
O16 	14895.1 	0.430151  1  -2471.2  7786
O16 	14895.1 	0.59794  1  2131.59  2985
O16 	14895.1 	0.259433  1  1538.18  3635
O16 	14895.1 	0.941796  1  1979.74  3087
O16 	14895.1 	0.920747  1  4021.96  1058
O16 	14895.1 	1.67657  1  3425.81  1691
O16 	14895.1 	0.282994  1  3842.99  1266
O16 	14895.1 	0.247766  1  -820.033  6170
O16 	14895.1 	0.217352  1  -1412.51  6574
O16 	14895.1 	0.405638  1  894.957  4338
O16 	14895.1 	0.336071  1  2526.88  2594
O16 	14895.1 	0.277887  1  -414.486  5767
O16 	14895.1 	0.272041  1  -2536.92  8126
O16 	14895.1 	0.19028  1  -3768.29  9192
O16 	14895.1 	0.382971  1  -1603.38  6947
O16 	14895.1 	0.206346  1  162.501  5033
O16 	14895.1 	0.236972  1  -550.314  5903
O16 	14895.1 	0.43369  1  -3154.83  8532
O16 	14895.1 	0.194654  1  1393.47  3796
O16 	14895.1 	0.280611  1  -1794.81  7210
O16 	14895.1 	0.449189  1  -2704.46  8215
O16 	14895.1 	0.711219  1  -2942.74  8477
O16 	14895.1 	0.330403  1  3549.11  1525
O16 	14895.1 	0.432223  1  657.898  4547
O16 	14895.1 	0.508871  1  1711.1  3487
O16 	14895.1 	0.342725  1  -1000.01  6423
O16 	14895.1 	0.340193  1  4587.65  437
O16 	14895.1 	0.240145  1  3218.9  1861
O16 	14895.1 	0.309316  1  2180.62  2996
O16 	14895.1 	1.16178  1  -1374.9  6967
O16 	14895.1 	0.396592  1  3480.07  1538
O16 	14895.1 	0.235665  1  -1053.4  6423
O16 	14895.1 	0.204948  1  -2294.35  7769
O16 	14895.1 	0.347097  1  2953.99  2117
O16 	14895.1 	0.402208  1  1019.92  4277
O16 	14895.1 	0.452942  1  -559.041  5790
O16 	14895.1 	0.429341  1  -1187.51  6467
O16 	14895.1 	0.204178  1  -427.95  5690
O16 	14895.1 	0.208742  1  2635.06  2476
O16 	14895.1 	0.281061  1  3575.69  1512
O16 	14895.1 	0.21517  1  695.989  4503
O16 	14895.1 	0.217437  1  2179.43  2918
O16 	14895.1 	0.608778  1  478.904  4736
O16 	14895.1 	0.208467  1  -1050.68  6405
O16 	14895.1 	1.25689  1  -4962.71  10348
O16 	14895.1 	0.279392  1  -2529.91  7887
O16 	14895.1 	0.480412  1  1183.7  4045
O16 	14895.1 	0.392972  1  -2333.91  7669
O16 	14895.1 	0.720355  1  2436.67  2687
O16 	14895.1 	0.707282  1  -3304.86  8758
O16 	14895.1 	0.959915  1  -1649.34  7021
O16 	14895.1 	1.89673  1  78.9306  5159
O16 	14895.1 	1.00922  1  -2236.86  7693
O16 	14895.1 	1.07597  1  -2323.48  7738
O16 	14895.1 	0.343133  1  563.356  4727
O16 	14895.1 	0.489649  1  -1814.65  7204
O16 	14895.1 	0.386174  1  1356.69  3839
O16 	14895.1 	0.393102  1  2439.32  2770
O16 	14895.1 	0.222195  1  -41.4287  5417
O16 	14895.1 	0.245813  1  1171.72  4031
O16 	14895.1 	0.801686  1  -1704.91  6887
O16 	14895.1 	0.199282  1  3165.38  1946
O16 	14895.1 	0.664543  1  -4371.81  9960
O16 	14895.1 	0.199943  1  -1427.01  6840
O16 	14895.1 	0.191468  1  954.879  4221
O16 	14895.1 	0.339494  1  765.136  4364
O16 	14895.1 	0.214606  1  452.37  4693
O16 	14895.1 	0.431905  1  2210.94  2915
O16 	14895.1 	0.371607  1  -1746.48  7132
O16 	14895.1 	0.196104  1  4095.47  983
O16 	14895.1 	1.59007  1  1068.59  4195
O16 	14895.1 	0.276593  1  1698.08  3392
O16 	14895.1 	0.264734  1  -975.822  6372
O16 	14895.1 	0.283015  1  -4453.59  9781
O16 	14895.1 	0.273724  1  -4890.61  10316
O16 	14895.1 	0.364627  1  1074.83  4112
O16 	14895.1 	0.213924  1  3562.26  1514
O16 	14895.1 	0.252724  1  -176.8  5342
O16 	14895.1 	0.376597  1  3503.64  1657
O16 	14895.1 	1.49965  1  2194.5  3047
O16 	14895.1 	0.213148  1  1760.77  3311
O16 	14895.1 	0.261768  1  1214.56  4018
O16 	14895.1 	0.309664  1  -1540.06  6843
O16 	14895.1 	0.19928  1  3069.32  2091
O16 	14895.1 	2.21479  1  -1623.08  7037
O16 	14895.1 	0.32534  1  -3322.35  8863
O16 	14895.1 	0.302464  1  -1439.28  6865
O16 	14895.1 	0.46308  1  -2167.45  7583
O16 	14895.1 	0.358185  1  -794.771  6027
O16 	14895.1 	0.689603  1  -107.545  5402
O16 	14895.1 	0.316901  1  -2667.66  8031
O16 	14895.1 	0.265397  1  -4044.88  9433
O16 	14895.1 	0.548074  1  -1165.76  6453
O16 	14895.1 	0.201527  1  230.322  5081
O16 	14895.1 	3.08739  1  2205.02  2977
O16 	14895.1 	0.256477  1  -414.311  5826
O16 	14895.1 	0.472269  1  -3911.04  9721
O16 	14895.1 	0.201272  1  2257.54  2861
O16 	14895.1 	0.77554  1  -974.568  6200
O16 	14895.1 	0.896642  1  -4851.12  10443
O16 	14895.1 	0.201156  1  -1223.48  6539
O16 	14895.1 	0.269978  1  -1384.28  6591
O16 	14895.1 	0.296906  1  4336.56  649
O16 	14895.1 	0.228704  1  3477.79  1537
O16 	14895.1 	0.229689  1  -1074.68  6423
O16 	14895.1 	0.252825  1  -1802.53  7151
O16 	14895.1 	0.72702  1  -2760.43  8014
O16 	14895.1 	0.577861  1  -1788.13  7129
O16 	14895.1 	0.214271  1  3936.91  1220
O16 	14895.1 	0.615244  1  -2390.08  7920
O16 	14895.1 	0.205409  1  4544.59  502
O16 	14895.1 	0.210228  1  -4908.17  10340
O16 	14895.1 	0.546253  1  3484.98  1565
O16 	14895.1 	0.239403  1  3453.67  1624
O16 	14895.1 	0.286429  1  3902.48  1127
O16 	14895.1 	0.234227  1  3469.08  1589
O16 	14895.1 	0.417218  1  -214.563  5532
O16 	14895.1 	0.194919  1  -1236.58  6581
O16 	14895.1 	0.353847  1  504.473  4666
O16 	14895.1 	0.331316  1  -4430.58  9874
O16 	14895.1 	0.685737  1  -1027.7  6339
O16 	14895.1 	0.292288  1  2586.53  2552
O16 	14895.1 	0.493882  1  463.51  4785
O16 	14895.1 	0.293182  1  -3414.64  8831
O16 	14895.1 	0.26564  1  4856.24  172
O16 	14895.1 	0.258115  1  -326.098  5589
O16 	14895.1 	2.40997  1  113.263  5227
O16 	14895.1 	0.209339  1  -2386.36  7816
O16 	14895.1 	0.192947  1  -2854.28  8233
O16 	14895.1 	2.63134  1  4620.21  385
O16 	14895.1 	0.352061  1  2249.39  2860
O16 	14895.1 	0.231242  1  -525.734  5710
O16 	14895.1 	0.333383  1  3396.95  1695
O16 	14895.1 	0.489888  1  -1743.72  6920
O16 	14895.1 	0.2388  1  -1481.76  6883
O16 	14895.1 	0.386334  1  4729.08  280
O16 	14895.1 	0.414063  1  64.3036  5174
O16 	14895.1 	0.711783  1  -1220.11  6494
O16 	14895.1 	0.326298  1  346.865  4872
O16 	14895.1 	0.571895  1  1329.06  3877
O16 	14895.1 	0.688311  1  4746.06  256
O16 	14895.1 	0.242655  1  3406.24  1633
O16 	14895.1 	0.689574  1  2169.96  3006
O16 	14895.1 	0.251573  1  -1117.82  6423
O16 	14895.1 	0.317204  1  2843.28  2248
O16 	14895.1 	0.189392  1  -4002.71  9415
O16 	14895.1 	0.822445  1  3126.7  1900
O16 	14895.1 	0.237655  1  -4411.51  9863
O16 	14895.1 	0.377788  1  -613.408  6011
O16 	14895.1 	0.653601  1  -4949.09  10470
O16 	14895.1 	2.11846  1  -3686.25  9162
O16 	14895.1 	0.203062  1  652.381  4562
O16 	14895.1 	0.225763  1  1446.71  3776
O16 	14895.1 	0.315749  1  894.818  4309
O16 	14895.1 	0.360986  1  -691.801  6073
O16 	14895.1 	0.615294  1  1640.51  3542
O16 	14895.1 	0.259248  1  -518.959  5755
O16 	14895.1 	0.421095  1  3266.37  1799
O16 	14895.1 	0.582468  1  -1188.13  6436
O16 	14895.1 	0.206486  1  -1864.59  7184
O16 	14895.1 	0.22098  1  -4285.82  9816
O16 	14895.1 	0.202639  1  -3793.83  9163
O16 	14895.1 	0.240125  1  2786.63  2381
O16 	14895.1 	0.461346  1  3636.6  1457
O16 	14895.1 	0.387519  1  2617.4  2435
O16 	14895.1 	0.285987  1  -1155.35  6350
O16 	14895.1 	1.10122  1  -929.831  6340
O16 	14895.1 	0.211273  1  -8.06363  5390
O16 	14895.1 	0.337578  1  -1679.27  7156
O16 	14895.1 	0.354257  1  2216.78  2940
O16 	14895.1 	0.284461  1  -3337.93  8814
O16 	14895.1 	0.225571  1  -3444.86  8886
O16 	14895.1 	0.502646  1  2340.86  2793
O16 	14895.1 	1.79327  1  -829.176  6128
O16 	14895.1 	0.700671  1  3822.42  1241
O16 	14895.1 	0.296732  1  -4696.28  10053
O16 	14895.1 	0.244328  1  3434.95  1638
O16 	14895.1 	0.200602  1  -4601.48  10052
O16 	14895.1 	0.28157  1  -1364.79  6619
O16 	14895.1 	0.442354  1  -4364.12  9958
O16 	14895.1 	0.268779  1  -369.237  5651
O16 	14895.1 	0.233778  1  -385.371  5541
O16 	14895.1 	0.49824  1  -3856.01  9296
O16 	14895.1 	0.469081  1  4410.46  612
O16 	14895.1 	0.359837  1  -2252.71  7653
O16 	14895.1 	0.37669  1  1577.11  3517
O16 	14895.1 	0.566641  1  -4704.13  10105
O16 	14895.1 	0.206243  1  82.9865  5226
O16 	14895.1 	0.220173  1  3991.94  1091
O16 	14895.1 	0.342505  1  248.345  5125
O16 	14895.1 	0.258611  1  1329.74  3781
O16 	14895.1 	0.339605  1  1625.28  3451
O16 	14895.1 	2.55872  1  -3009  8436
O16 	14895.1 	0.273399  1  375.782  5034
O16 	14895.1 	0.21282  1  1912.03  3382
O16 	14895.1 	0.552966  1  294.691  5079
O16 	14895.1 	0.257208  1  1005.11  4133
O16 	14895.1 	0.26995  1  -4950.6  10681
O16 	14895.1 	0.21011  1  2872.17  2217
O16 	14895.1 	0.406744  1  2951.95  2168
O16 	14895.1 	0.213374  1  -477.281  5684
O16 	14895.1 	1.12239  1  2151.66  2951
O16 	14895.1 	0.543516  1  -3429.66  8817
O16 	14895.1 	0.200392  1  -4272.77  9641
O16 	14895.1 	0.358232  1  588.323  4713
O16 	14895.1 	0.202373  1  1566.3  3559
O16 	14895.1 	0.485847  1  -3629.65  8946
O16 	14895.1 	0.620997  1  3030.25  2009
O16 	14895.1 	0.271199  1  688.17  4511
O16 	14895.1 	0.727657  1  -1643.24  6804
O16 	14895.1 	0.316912  1  -583.442  5804
O16 	14895.1 	0.19629  1  4061.55  956
O16 	14895.1 	0.944452  1  -2226.96  7719
O16 	14895.1 	0.569412  1  -4038.4  9632
O16 	14895.1 	0.221371  1  -290.481  5545
O16 	14895.1 	0.208637  1  630.621  4481
O16 	14895.1 	0.940438  1  -826.574  6095
O16 	14895.1 	0.440426  1  261.06  4986
O16 	14895.1 	0.785206  1  3236.42  1824
O16 	14895.1 	0.335664  1  -2927.15  8335
O16 	14895.1 	0.514142  1  2088.38  3114
O16 	14895.1 	0.236117  1  -2939.47  8354
O16 	14895.1 	0.192287  1  1110.98  3960
O16 	14895.1 	0.788002  1  4020.81  977
O16 	14895.1 	0.235388  1  -649.332  5976
O16 	14895.1 	0.582634  1  -66.3525  5312
O16 	14895.1 	0.2013  1  -1330.76  6565
O16 	14895.1 	0.328829  1  -4852.33  10247
O16 	14895.1 	4.99212  1  -4785.3  10530
O16 	14895.1 	0.72836  1  -4314.19  9907
O16 	14895.1 	0.24997  1  2566.72  2580
O16 	14895.1 	0.205388  1  -98.1361  5376
O16 	14895.1 	0.522151  1  79.0004  5120
O16 	14895.1 	0.385304  1  3016.32  2123
O16 	14895.1 	0.335854  1  882.301  4248
O16 	14895.1 	0.414281  1  -4061.18  9428
O16 	14895.1 	0.229523  1  -1229.18  6505
O16 	14895.1 	0.976842  1  -1484.94  6862
O16 	14895.1 	0.415308  1  -2309.94  7686
O16 	14895.1 	0.417748  1  -1048.26  6438
O16 	14895.1 	0.20325  1  1704.8  3404
O16 	14895.1 	1.82926  1  3378.79  1717
O16 	14895.1 	0.290223  1  -4342.49  9910
O16 	14895.1 	0.271693  1  4521.74  519
O16 	14895.1 	1.05364  1  -810.359  6186
O16 	14895.1 	0.208747  1  1363.77  3833
O16 	14895.1 	0.28255  1  -4779.31  10323
O16 	14895.1 	0.420948  1  -4779.28  10100
O16 	14895.1 	0.573712  1  -2102.55  7516
O16 	14895.1 	0.232564  1  2420.62  2692
O16 	14895.1 	0.243198  1  2496.7  2672
O16 	14895.1 	0.225653  1  2662.98  2452
O16 	14895.1 	1.9304  1  -3332.17  8818
O16 	14895.1 	0.304104  1  2414.55  2728
O16 	14895.1 	1.0744  1  494.114  4754
O16 	14895.1 	0.365332  1  2017.59  3160
O16 	14895.1 	0.228327  1  -2023.46  7357
O16 	14895.1 	0.199437  1  -3444.82  8998
O16 	14895.1 	1.50254  1  4325.95  703
O16 	14895.1 	0.578161  1  1907.81  3216
O16 	14895.1 	0.256884  1  -4755.3  10323
O16 	14895.1 	0.239562  1  4142.48  894
O16 	14895.1 	0.907021  1  -1077.75  6387
O16 	14895.1 	0.617291  1  1247.81  4043
O16 	14895.1 	0.233411  1  -3472.53  8891
O16 	14895.1 	0.202577  1  -1649.82  7026
O16 	14895.1 	0.979788  1  -1924.77  7371
O16 	14895.1 	0.431202  1  -3774.27  9287
O16 	14895.1 	1.14249  1  3411.07  1646
O16 	14895.1 	0.764992  1  737.677  4478
O16 	14895.1 	0.230803  1  -4092.91  9502
O16 	14895.1 	0.888327  1  4025.26  988
O16 	14895.1 	0.712726  1  -3895.23  9491
O16 	14895.1 	0.848912  1  -727.201  6016
O16 	14895.1 	0.306681  1  4784.25  223
O16 	14895.1 	0.204538  1  4652.45  358
O16 	14895.1 	0.233768  1  3144.34  1975
O16 	14895.1 	0.218626  1  4557.17  486
O16 	14895.1 	0.23684  1  -2468.16  7794
O16 	14895.1 	0.200007  1  -1926.47  7288
O16 	14895.1 	0.201609  1  -477.362  5807
O16 	14895.1 	1.01713  1  -2169.92  7704
O16 	14895.1 	1.53191  1  975.994  4287
O16 	14895.1 	0.518504  1  841.181  4440
O16 	14895.1 	0.282028  1  2394.23  2756
O16 	14895.1 	0.350219  1  -1128.07  6400
O16 	14895.1 	0.363739  1  -4333.2  9817
O16 	14895.1 	1.31065  1  53.049  5247
O16 	14895.1 	0.615773  1  1617.44  3551
O16 	14895.1 	0.262334  1  -4393.42  9916
O16 	14895.1 	0.963949  1  -1776.26  7150
O16 	14895.1 	0.484387  1  -3690.79  9137
O16 	14895.1 	0.482546  1  -3217.44  8804
O16 	14895.1 	2.02994  1  -153.693  5390
O16 	14895.1 	0.189257  1  -4967.53  10490
O16 	14895.1 	0.194793  1  1068.84  4223
O16 	14895.1 	0.207969  1  80.8668  5244
O16 	14895.1 	0.390007  1  -1066.87  6493
O16 	14895.1 	0.27643  1  -2048.31  7580
O16 	14895.1 	0.55837  1  4071.47  946
O16 	14895.1 	0.619436  1  1236.27  3865
O16 	14895.1 	0.778913  1  -90.1935  5330
O16 	14895.1 	0.429271  1  -2032.96  7445
O16 	14895.1 	0.328383  1  4750.4  289
O16 	14895.1 	0.199472  1  4243.5  791
O16 	14895.1 	0.29156  1  244.325  5228
O16 	14895.1 	0.200275  1  2102.56  3052
O16 	14895.1 	0.277019  1  -480.586  5700
O16 	14895.1 	0.831388  1  4493.22  513
O16 	14895.1 	1.2529  1  -1523.32  6900
O16 	14895.1 	1.20821  1  -1924.45  7227
O16 	14895.1 	0.35889  1  1652.14  3458
O16 	14895.1 	0.370055  1  -1621.64  6996
O16 	14895.1 	0.541988  1  -166.971  5455
O16 	14895.1 	0.457699  1  3598.01  1444
O16 	14895.1 	0.285218  1  -3481.7  8988
O16 	14895.1 	0.325229  1  751.286  4358
O16 	14895.1 	0.480672  1  -2170.06  7478
O16 	14895.1 	0.574749  1  769.978  4467
O16 	14895.1 	0.347378  1  -363  5664
O16 	14895.1 	0.300133  1  969.135  4215
O16 	14895.1 	0.472326  1  -4812.76  10431
O16 	14895.1 	0.409454  1  2591.1  2593
O16 	14895.1 	0.245525  1  1470.42  3799
O16 	14895.1 	0.298444  1  -4915.05  10504
O16 	14895.1 	0.222418  1  -2585.25  8014
O16 	14895.1 	0.237205  1  4946.31  47
O16 	14895.1 	0.196285  1  3542.23  1501
O16 	14895.1 	1.71933  1  3421.09  1666
O16 	14895.1 	0.190575  1  -4996.79  10449
O16 	14895.1 	0.239608  1  -428.958  5846
O16 	14895.1 	0.46874  1  3636.75  1358
O16 	14895.1 	0.23183  1  639.422  4499
O16 	14895.1 	0.215087  1  258.736  4904
O16 	14895.1 	0.25083  1  3641  1439
O16 	14895.1 	0.259027  1  -701.946  5964
O16 	14895.1 	0.218912  1  4584.95  405
O16 	14895.1 	3.42653  1  610.278  4682
O16 	14895.1 	0.196217  1  -4721.53  10152
O16 	14895.1 	0.190908  1  -386.734  5439
O16 	14895.1 	0.225795  1  -2343.65  7701
O16 	14895.1 	0.464915  1  2948.94  2209
O16 	14895.1 	0.39948  1  2287.81  2861
O16 	14895.1 	0.281611  1  3885.15  1197
O16 	14895.1 	0.499251  1  -519.671  5871
O16 	14895.1 	0.215021  1  -1460.31  6887
O16 	14895.1 	1.73583  1  2621.65  2430
O16 	14895.1 	0.212055  1  218.609  5041
O16 	14895.1 	0.461315  1  4964.24  52
O16 	14895.1 	0.19003  1  740.823  4526
O16 	14895.1 	0.218181  1  759.121  4455
O16 	14895.1 	0.30256  1  -843.039  6031
O16 	14895.1 	1.47346  1  2833.91  2330
O16 	14895.1 	0.459723  1  -1238.35  6643
O16 	14895.1 	0.191886  1  -1230.62  6494
O16 	14895.1 	0.539551  1  -3133.25  8453
O16 	14895.1 	3.5629  1  400.104  4840
O16 	14895.1 	0.233694  1  -2973.23  8327
O16 	14895.1 	1.35833  1  -1084.31  6383
O16 	14895.1 	0.242072  1  -4559.93  10083
O16 	14895.1 	0.469246  1  2031.24  3116
O16 	14895.1 	0.244294  1  -4846.06  10146
O16 	14895.1 	0.377844  1  2859.66  2309
O16 	14895.1 	0.206191  1  -3909.84  9286
O16 	14895.1 	1.57638  1  3731.86  1405
O16 	14895.1 	0.214575  1  -892.018  6218
O16 	14895.1 	0.217044  1  -1388.55  6659
O16 	14895.1 	0.215597  1  2161  3097
O16 	14895.1 	0.564294  1  -1399.15  6792
O16 	14895.1 	0.293459  1  -476.815  5787
O16 	14895.1 	0.232182  1  3881.39  1184
O16 	14895.1 	0.399831  1  -2534.27  8031
O16 	14895.1 	0.449733  1  4653.59  381
O16 	14895.1 	0.4484  1  -1837.68  7277
O16 	14895.1 	0.72393  1  -716.686  6071
O16 	14895.1 	0.528131  1  -4690  10089
O16 	14895.1 	0.193226  1  2400.36  2766
O16 	14895.1 	0.20276  1  -3033.65  8377
O16 	14895.1 	0.285636  1  -1471.99  6911
O16 	14895.1 	0.236365  1  4691.87  315
O16 	14895.1 	0.230656  1  4310.28  777
O16 	14895.1 	0.456734  1  -1756.16  6992
O16 	14895.1 	0.194936  1  -2401.74  7821
O16 	14895.1 	0.735346  1  3279.38  1839
O16 	14895.1 	0.192789  1  -1765.74  7177
O16 	14895.1 	0.273001  1  433.638  4760
O16 	14895.1 	0.362206  1  -353.98  5638
O16 	14895.1 	0.44048  1  -1885.12  7285
O16 	14895.1 	0.952765  1  2840.34  2207
O16 	14895.1 	10.0906  1  -4657.83  10115
O16 	14895.1 	0.229135  1  2799.2  2333
O16 	14895.1 	0.624728  1  -994.788  6264
O16 	14895.1 	0.286423  1  2179.67  2966
O16 	14895.1 	0.2423  1  2682.44  2443
O16 	14895.1 	0.426119  1  -3687.07  9182
O16 	14895.1 	0.296704  1  3651.25  1370
O16 	14895.1 	0.356448  1  -2393.68  7724
O16 	14895.1 	1.70321  1  4117.9  957
O16 	14895.1 	0.263056  1  -1292.2  6593
O16 	14895.1 	0.234854  1  2901.38  2203
O16 	14895.1 	6.46386  1  -1249.22  6702
O16 	14895.1 	0.189284  1  -1943.8  7293
O16 	14895.1 	0.337339  1  -3504.96  8876
O16 	14895.1 	0.217399  1  4916.42  95
O16 	14895.1 	0.292035  1  -2330.93  7732
O16 	14895.1 	0.494028  1  -1970.93  7431
O16 	14895.1 	0.56224  1  -972.131  6316
O16 	14895.1 	0.672574  1  -2298.61  7764
O16 	14895.1 	0.27031  1  -3100.53  8536
O16 	14895.1 	0.475991  1  -469.012  5799
O16 	14895.1 	0.263954  1  16.3285  5104
O16 	14895.1 	1.37062  1  213.098  4973
O16 	14895.1 	0.232838  1  3899.11  1131
O16 	14895.1 	0.373682  1  -2635.91  8160
O16 	14895.1 	0.410189  1  -75.5823  5316
O16 	14895.1 	0.301733  1  -4298.45  9883
O16 	14895.1 	0.693324  1  -1309.94  6688
O16 	14895.1 	0.240679  1  2346.89  2691
O16 	14895.1 	0.260574  1  -2566.34  7982
O16 	14895.1 	0.203488  1  -4075.14  9686
O16 	14895.1 	0.805295  1  3866.32  1225
O16 	14895.1 	0.193863  1  -3616.87  9069
O16 	14895.1 	0.380783  1  2280.37  2885
O16 	14895.1 	0.354151  1  -4251.65  9847
O16 	14895.1 	0.188875  1  -1858.28  7304
O16 	14895.1 	0.192431  1  26.6161  5173
O16 	14895.1 	0.20888  1  3610.67  1362
O16 	14895.1 	1.29696  1  4783.66  242
O16 	14895.1 	0.317501  1  -3872.99  9329
O16 	14895.1 	1.28326  1  -4490.27  9966
O16 	14895.1 	0.272617  1  2695.84  2448
O16 	14895.1 	0.229752  1  2377.07  2783
O16 	14895.1 	0.340671  1  1442.64  3744
O16 	14895.1 	0.352454  1  -957.56  6216
O16 	14895.1 	0.216093  1  716.67  4521
O16 	14895.1 	0.369775  1  -2512.06  7992
O16 	14895.1 	0.218678  1  -3200.62  8648
O16 	14895.1 	0.612057  1  -129.739  5355
O16 	14895.1 	3.30873  1  943.873  4285
O16 	14895.1 	0.392609  1  -3980.65  9464
O16 	14895.1 	0.249506  1  -2072.04  7308
O16 	14895.1 	0.203206  1  -2625.18  8016
O16 	14895.1 	0.308964  1  2038.65  3088
O16 	14895.1 	0.204979  1  -6.40099  5293
O16 	14895.1 	0.70552  1  -2987.41  8283
O16 	14895.1 	0.21818  1  -3735.86  9235
O16 	14895.1 	0.421147  1  -3947.25  9337
O16 	14895.1 	0.387934  1  -3680.67  9078
O16 	14895.1 	0.353068  1  -4750.88  10306
O16 	14895.1 	0.502516  1  2708.1  2368
O16 	14895.1 	1.58493  1  2684.28  2463
O16 	14895.1 	0.189301  1  1785.08  3454
O16 	14895.1 	0.192998  1  2925.02  2220
O16 	14895.1 	0.237055  1  4510.38  518
O16 	14895.1 	0.517657  1  1359.49  3823
O16 	14895.1 	0.239679  1  -2379.36  7801
O16 	14895.1 	0.282668  1  -2099.69  7646
O16 	14895.1 	0.255822  1  4231.88  797
O16 	14895.1 	0.736698  1  3858.76  1166
O16 	14895.1 	0.198805  1  -2524.79  7932
O16 	14895.1 	0.411811  1  -24.6623  5188
O16 	14895.1 	0.464916  1  4767.39  232
O16 	14895.1 	1.3662  1  1955.03  3194
O16 	14895.1 	9.75829  1  3332.69  1735
O16 	14895.1 	2.27607  1  -2971.65  8422
O16 	14895.1 	0.208148  1  -3661.2  9114
O16 	14895.1 	0.197523  1  -4741.12  10402
O16 	14895.1 	0.583177  1  3699.38  1360
O16 	14895.1 	0.997041  1  -2974.65  8290
O16 	14895.1 	0.243508  1  -1717.15  7064
O16 	14895.1 	0.224678  1  -4683.84  10080
O16 	14895.1 	0.788368  1  -1663.51  6949
O16 	14895.1 	0.217583  1  -3049.7  8439
O16 	14895.1 	0.36106  1  -2694.03  7989
O16 	14895.1 	0.190141  1  4026.75  1128
O16 	14895.1 	0.585443  1  -3883.39  9304
O16 	14895.1 	0.562882  1  -1828.56  7195
O16 	14895.1 	0.221973  1  4747.11  285
O16 	14895.1 	0.246762  1  455.649  4833
O16 	14895.1 	1.07613  1  3495  1492
O16 	14895.1 	0.235257  1  -953.984  6202
O16 	14895.1 	3.85673  1  -3147.98  8472
O16 	14895.1 	0.223314  1  -590.953  5792
O16 	14895.1 	0.302575  1  201.428  5018
O16 	14895.1 	0.235879  1  -1317.82  6516
O16 	14895.1 	0.296414  1  -3332.13  8863
O16 	14895.1 	0.204532  1  4322.37  734
O16 	14895.1 	0.226405  1  3713.39  1377
O16 	14895.1 	0.488065  1  -3003.07  8408
O16 	14895.1 	0.201316  1  487.629  4794
O16 	14895.1 	0.213768  1  2551.23  2590
O16 	14895.1 	0.271489  1  -1876.95  7259
O16 	14895.1 	0.226195  1  3803.29  1283
O16 	14895.1 	0.214617  1  1511.91  3790
O16 	14895.1 	0.808361  1  1788.94  3470
O16 	14895.1 	0.25336  1  -2964.15  8276
O16 	14895.1 	0.335613  1  3190.49  1865
O16 	14895.1 	0.736853  1  -2422.64  7708
O16 	14895.1 	0.328906  1  4091.52  1011
O16 	14895.1 	0.214025  1  4821.98  194
O16 	14895.1 	0.295063  1  -2590.45  8201
O16 	14895.1 	0.190304  1  1980.63  3013
O16 	14895.1 	0.21193  1  2760.9  2285
O16 	14895.1 	0.249448  1  -1144.75  6465
O16 	14895.1 	0.306071  1  3115.37  1964
O16 	14895.1 	0.190207  1  -1352.5  6680
O16 	14895.1 	0.468151  1  752.672  4519
O16 	14895.1 	0.565914  1  -1169.02  6450
O16 	14895.1 	0.384282  1  2264.4  2930
O16 	14895.1 	0.426668  1  -461.779  5781
O16 	14895.1 	0.222172  1  4544.56  500
O16 	14895.1 	0.273609  1  945.775  4389
O16 	14895.1 	1.05857  1  3665.04  1417
O16 	14895.1 	0.711798  1  -605.805  5841
O16 	14895.1 	0.329679  1  -1869.21  7111
O16 	14895.1 	0.239069  1  251.838  5073
O16 	14895.1 	0.662258  1  -2181.38  7416
O16 	14895.1 	0.988639  1  -3514.04  9090
O16 	14895.1 	4.42542  1  -2655.56  8029
O16 	14895.1 	1.54583  1  -1097.61  6390
O16 	14895.1 	0.295782  1  -2637.78  7993
O16 	14895.1 	0.397633  1  3015.56  2073
O16 	14895.1 	0.216214  1  -2166.9  7512
O16 	14895.1 	0.206769  1  -4971.47  10764
O16 	14895.1 	0.316579  1  -2024.7  7490
O16 	14895.1 	0.394576  1  -4789.36  10351
O16 	14895.1 	0.195995  1  3352.65  1753
O16 	14895.1 	2.18014  1  4015.79  998
O16 	14895.1 	0.230639  1  -1655.25  6866
O16 	14895.1 	0.206955  1  -2454.43  7791
O16 	14895.1 	0.523847  1  -3256.26  8761
O16 	14895.1 	0.534228  1  -1981.08  7222
O16 	14895.1 	0.273186  1  264.749  5004
O16 	14895.1 	0.311419  1  -3212.13  8749
O16 	14895.1 	0.60369  1  364.013  4857
O16 	14895.1 	0.398716  1  -3773.19  9259
O16 	14895.1 	0.239299  1  3438.76  1693
O16 	14895.1 	0.507806  1  3424.86  1633
O16 	14895.1 	0.200043  1  2261.83  2816
O16 	14895.1 	0.870042  1  1037.39  4235
O16 	14895.1 	0.391321  1  21.7042  5285
O16 	14895.1 	0.299414  1  -1307.93  6711
O16 	14895.1 	0.246041  1  2482.5  2607
O16 	14895.1 	1.39144  1  2557.14  2594
O16 	14895.1 	0.696953  1  3536.21  1557
O16 	14895.1 	0.397144  1  -398.548  5726
O16 	14895.1 	1.14719  1  3986.32  1016
O16 	14895.1 	0.251696  1  -1873.95  7305
O16 	14895.1 	0.375115  1  1835.85  3343
O16 	14895.1 	0.865904  1  929.251  4222
O16 	14895.1 	0.503508  1  -1177.4  6475
O16 	14895.1 	0.203398  1  949.738  4235
O16 	14895.1 	0.312574  1  -902.77  6205
O16 	14895.1 	0.192545  1  -144.267  5403
O16 	14895.1 	0.233979  1  -3885.35  9233
O16 	14895.1 	0.935387  1  3054.26  2004
O16 	14895.1 	0.364843  1  -3884.17  9570
O16 	14895.1 	0.2793  1  -2039.12  7531
O16 	14895.1 	1.57458  1  -1962.57  7397
O16 	14895.1 	0.280027  1  1930.45  3166
O16 	14895.1 	0.226016  1  1737.5  3355
O16 	14895.1 	0.416192  1  -957.701  6242
O16 	14895.1 	0.43939  1  -3975.51  9142
O16 	14895.1 	0.97705  1  2240.42  2950
O16 	14895.1 	0.331644  1  1435.53  3808
O16 	14895.1 	0.608553  1  -1773.18  7143
O16 	14895.1 	0.195601  1  3579.73  1486
O16 	14895.1 	0.699819  1  911.663  4369
O16 	14895.1 	2.10313  1  -2271.6  7719
O16 	14895.1 	0.264863  1  3249.75  1867
O16 	14895.1 	0.555338  1  1024.95  4114
O16 	14895.1 	0.250376  1  1723.09  3408
O16 	14895.1 	0.191121  1  639.618  4713
O16 	14895.1 	0.329529  1  408.97  4846
O16 	14895.1 	0.217153  1  1567.17  3595
O16 	14895.1 	0.421673  1  3034.4  1996
O16 	14895.1 	0.200066  1  2482.3  2707
O16 	14895.1 	0.36838  1  1933.36  3246
O16 	14895.1 	0.22828  1  -626.199  5869
O16 	14895.1 	0.244181  1  -165.405  5411
O16 	14895.1 	0.472924  1  2695.16  2449
O16 	14895.1 	0.239545  1  2117.46  2924
O16 	14895.1 	0.380213  1  -1246.42  6496
O16 	14895.1 	0.192062  1  -3183.89  8581
O16 	14895.1 	0.531364  1  -4963.83  10392
O16 	14895.1 	0.199213  1  158.241  5077
O16 	14895.1 	0.202378  1  72.7945  5226
O16 	14895.1 	0.238064  1  -946.853  6184
O16 	14895.1 	0.36523  1  -948.904  6233
O16 	14895.1 	0.194235  1  -1071.16  6425
O16 	14895.1 	0.539952  1  1406.57  3826
O16 	14895.1 	0.18873  1  -3161.08  8350
O16 	14895.1 	0.813104  1  -1900.67  7117
O16 	14895.1 	0.300583  1  -2431.8  7822
O16 	14895.1 	0.320143  1  181.806  5111
O16 	14895.1 	0.308022  1  -4727.54  10478
O16 	14895.1 	0.222572  1  2186.53  2956
O16 	14895.1 	0.410013  1  3029.26  2113
O16 	14895.1 	0.274555  1  651.504  4625
O16 	14895.1 	0.215803  1  3907.4  1160
O16 	14895.1 	0.35  1  -791.571  6130
O16 	14895.1 	0.369917  1  -3181.92  8469
O16 	14895.1 	0.696241  1  2345.52  2787
O16 	14895.1 	0.307676  1  -4621.03  10104
O16 	14895.1 	0.492712  1  2337.81  2898
O16 	14895.1 	0.70017  1  2574.73  2606
O16 	14895.1 	0.446124  1  3066.47  2091
O16 	14895.1 	0.309407  1  -2705.51  7964
O16 	14895.1 	0.188613  1  2229.98  3061
O16 	14895.1 	0.350993  1  1064.12  4199
O16 	14895.1 	0.482121  1  1715.42  3431
O16 	14895.1 	0.223151  1  1763.27  3509
O16 	14895.1 	0.402883  1  -4511.31  10041
O16 	14895.1 	0.342796  1  3647.97  1377
O16 	14895.1 	0.40388  1  3530.82  1517
O16 	14895.1 	0.24698  1  4613.98  414
O16 	14895.1 	0.578156  1  -862.525  6188
O16 	14895.1 	0.447876  1  3451.09  1657
O16 	14895.1 	0.192442  1  -3343.21  8796
O16 	14895.1 	0.241544  1  232.442  4982
O16 	14895.1 	0.2401  1  -468.316  5757
O16 	14895.1 	0.392592  1  2172.09  3011
O16 	14895.1 	0.360072  1  3273.48  1758
O16 	14895.1 	0.259681  1  -52.3746  5421
O16 	14895.1 	0.25804  1  3682.62  1271
O16 	14895.1 	0.869652  1  3297.32  1797
O16 	14895.1 	0.2732  1  -4094.88  9563
O16 	14895.1 	0.372433  1  4756.08  244
O16 	14895.1 	0.253095  1  -325.52  5614
O16 	14895.1 	0.204213  1  571.171  4805
O16 	14895.1 	0.48253  1  4660.24  406
O16 	14895.1 	0.901521  1  -526.595  5799
O16 	14895.1 	0.511112  1  -2545.06  7838
O16 	14895.1 	0.318729  1  762.578  4463
O16 	14895.1 	0.965291  1  3869.46  1157
O16 	14895.1 	0.649654  1  -3542.49  8974
O16 	14895.1 	0.365147  1  250.192  5015
O16 	14895.1 	0.686032  1  -1093.68  6350
O16 	14895.1 	0.228732  1  2614.92  2602
O16 	14895.1 	0.190476  1  -2766.51  8127
O16 	14895.1 	0.529522  1  -2108.14  7434
O16 	14895.1 	0.226113  1  -2622.95  7965
O16 	14895.1 	0.388691  1  -3668.32  9238
O16 	14895.1 	0.92278  1  -1984.84  7344
O16 	14895.1 	9.85458  1  -2028.74  7390
O16 	14895.1 	0.338892  1  -4375.19  9810
O16 	14895.1 	0.355444  1  3810.88  1253
O16 	14895.1 	0.248625  1  3599.23  1477
O16 	14895.1 	0.313863  1  2007.89  3140
O16 	14895.1 	0.431732  1  -872.068  6152
O16 	14895.1 	0.194963  1  4970.05  42
O16 	14895.1 	0.221052  1  3309.5  1816
O16 	14895.1 	3.77452  1  -3909.59  9389
O16 	14895.1 	0.930102  1  4898.85  90
O16 	14895.1 	0.335053  1  4555.81  482
O16 	14895.1 	0.40867  1  3310.55  1719
O16 	14895.1 	0.256582  1  -4740.4  9971
O16 	14895.1 	0.328551  1  -2834.84  8212
O16 	14895.1 	1.87172  1  -3464.19  9089
O16 	14895.1 	0.391735  1  -1205.16  6524
O16 	14895.1 	0.225963  1  2079.57  3066
O16 	14895.1 	0.690898  1  1746.04  3492
O16 	14895.1 	0.247205  1  3616.94  1403
O16 	14895.1 	0.343824  1  -126.226  5460
O16 	14895.1 	0.223782  1  -4474.89  10072
O16 	14895.1 	3.24092  1  898.425  4381
O16 	14895.1 	0.251768  1  -2578.7  7954
O16 	14895.1 	1.8135  1  3119.05  2061
O16 	14895.1 	0.30283  1  3129.62  2007
O16 	14895.1 	0.228097  1  -2776.56  8284
O16 	14895.1 	0.279569  1  -1258.37  6640
O16 	14895.1 	0.200562  1  1255.52  3885
O16 	14895.1 	1.93617  1  -423.746  5689
O16 	14895.1 	0.452055  1  1506.04  3665
O16 	14895.1 	0.311398  1  -613.624  5819
O16 	14895.1 	0.223381  1  -1097.64  6468
O16 	14895.1 	0.194086  1  2337.87  2859
O16 	14895.1 	0.261834  1  -4790.6  10469
O16 	14895.1 	2.34547  1  2869.41  2179
O16 	14895.1 	0.254318  1  564.211  4602
O16 	14895.1 	0.385075  1  1783.73  3468
O16 	14895.1 	0.220489  1  3204.62  1841
O16 	14895.1 	6.25951  1  -1109.67  6330
O16 	14895.1 	0.199934  1  1061.2  4202
O16 	14895.1 	0.190001  1  -3029.69  8496
O16 	14895.1 	0.434863  1  -2781.37  8037
O16 	14895.1 	2.51537  1  -154.015  5488
O16 	14895.1 	0.494125  1  -1585.54  6914
O16 	14895.1 	0.348999  1  4349  643
O16 	14895.1 	0.26169  1  -2019.31  7463
O16 	14895.1 	0.635276  1  -2727.45  8071
O16 	14895.1 	1.13904  1  154.717  5084
O16 	14895.1 	0.33103  1  -2668.01  8085
O16 	14895.1 	0.329414  1  4674.21  351
O16 	14895.1 	0.3914  1  -4462.65  9976
O16 	14895.1 	0.252383  1  -1110.51  6305
O16 	14895.1 	0.269217  1  -1511.44  6714
O16 	14895.1 	0.258931  1  2422.6  2765
O16 	14895.1 	0.287579  1  3728.09  1290
O16 	14895.1 	0.290674  1  3711.97  1391
O16 	14895.1 	0.440733  1  2775.4  2339
O16 	14895.1 	0.493834  1  1296.68  3880
O16 	14895.1 	0.418868  1  -1078.9  6396
O16 	14895.1 	0.197728  1  1729.07  3554
O16 	14895.1 	0.468848  1  3777.61  1292
O16 	14895.1 	0.681572  1  -310.569  5593
O16 	14895.1 	0.793488  1  -2062.07  7514
O16 	14895.1 	1.65036  1  -4884.95  10278
O16 	14895.1 	0.50399  1  -1844.52  7224
O16 	14895.1 	0.408592  1  -1594.36  6912
O16 	14895.1 	0.530706  1  -1129.62  6608
O16 	14895.1 	0.738793  1  1043.76  4158
O16 	14895.1 	0.24549  1  -1622.32  7064
O16 	14895.1 	0.448816  1  -2340.87  7852
O16 	14895.1 	0.262731  1  -667.048  6197
O16 	14895.1 	0.341331  1  -2141.68  7771
O16 	14895.1 	0.295816  1  -1814.1  7135
O16 	14895.1 	3.03413  1  -853.182  6121
O16 	14895.1 	0.216516  1  -2123.22  7491
O16 	14895.1 	0.215365  1  413.693  4880
O16 	14895.1 	0.300124  1  -3956.13  9435
O16 	14895.1 	0.409006  1  2958.47  2033
O16 	14895.1 	0.205975  1  3742.34  1338
O16 	14895.1 	0.198776  1  2701.63  2330
O16 	14895.1 	1.99831  1  -1775.74  7092
O16 	14895.1 	0.50559  1  3777.4  1282
O16 	14895.1 	0.480632  1  73.5906  5138
O16 	14895.1 	0.277312  1  -3248.9  8785
O16 	14895.1 	0.335832  1  -4122.21  9531
O16 	14895.1 	0.19534  1  -2273.22  7663
O16 	14895.1 	0.508723  1  -943.645  6216
O16 	14895.1 	0.267584  1  -2756.46  8155
O16 	14895.1 	0.278779  1  -2822.81  8201
O16 	14895.1 	0.281271  1  -597.194  5749
O16 	14895.1 	0.459792  1  3343.22  1774
O16 	14895.1 	0.238175  1  -1458.05  6799
O16 	14895.1 	5.30885  1  -2693.81  7930
O16 	14895.1 	0.258953  1  -3330.3  8630
O16 	14895.1 	0.289395  1  -742.942  6046
O16 	14895.1 	0.354735  1  -3101.06  8535
O16 	14895.1 	0.218147  1  -4734.12  10066
O16 	14895.1 	1.71541  1  3524.17  1608
O16 	14895.1 	0.191318  1  3018.25  2037
O16 	14895.1 	0.268994  1  -4810.7  10420
O16 	14895.1 	0.28639  1  4123.95  989
O16 	14895.1 	0.307252  1  2408.57  2726
O16 	14895.1 	0.251153  1  -3649.85  9062
O16 	14895.1 	0.19525  1  4127.63  939
O16 	14895.1 	0.505915  1  -1388.55  6800
O16 	14895.1 	0.44975  1  3867.37  1189
O16 	14895.1 	5.68462  1  2131.19  3087
O16 	14895.1 	0.242543  1  4085.58  930
O16 	14895.1 	0.788135  1  -3214.62  8846
O16 	14895.1 	0.243641  1  -3654.26  9287
O16 	14895.1 	0.291642  1  1142.19  4026
O16 	14895.1 	0.433987  1  -1960.25  7320
O16 	14895.1 	0.642021  1  -3192.21  8672
O16 	14895.1 	0.359  1  -3761.86  9261
O16 	14895.1 	0.261417  1  -1456.71  6831
O16 	14895.1 	0.414024  1  -93.0483  5413
O16 	14895.1 	0.398517  1  2576.11  2575
O16 	14895.1 	0.731719  1  -723.685  6250
O16 	14895.1 	0.382577  1  -3433.99  8800
O16 	14895.1 	0.232633  1  724.574  4418
O16 	14895.1 	0.250489  1  -2489.92  7975
O16 	14895.1 	0.287014  1  -1990.48  7471
O16 	14895.1 	0.425473  1  1326.32  3923
O16 	14895.1 	0.301096  1  4421.07  618
O16 	14895.1 	0.322181  1  -2500.15  7899
O16 	14895.1 	0.567961  1  -3216.96  8717
O16 	14895.1 	0.195814  1  3127.67  1967
O16 	14895.1 	0.42939  1  -2736.98  8052
O16 	14895.1 	0.621117  1  3998.28  1053
O16 	14895.1 	0.216418  1  -4688.74  10116
O16 	14895.1 	0.251758  1  564.228  4798
O16 	14895.1 	0.191129  1  -4005.54  9583
O16 	14895.1 	0.43408  1  -4893.53  10443
O16 	14895.1 	0.330647  1  -3630.73  9210
O16 	14895.1 	0.281655  1  4218.65  789
O16 	14895.1 	0.387389  1  -1536.38  6843
O16 	14895.1 	0.278458  1  -88.2211  5317
O16 	14895.1 	0.270446  1  -4157.58  9603
O16 	14895.1 	0.658627  1  -4509.61  9898
O16 	14895.1 	0.203585  1  24.0731  5270
O16 	14895.1 	0.275558  1  -412.912  5701
O16 	14895.1 	0.394978  1  -2356.17  7953
O16 	14895.1 	0.262248  1  194.623  5033
O16 	14895.1 	0.189038  1  2371.95  2793
O16 	14895.1 	0.75087  1  -4151.1  9623
O16 	14895.1 	0.189813  1  3711.39  1400
O16 	14895.1 	0.205311  1  2244.63  2926
O16 	14895.1 	0.233768  1  3088.92  2061
O16 	14895.1 	0.738079  1  -4524.37  10240
O16 	14895.1 	0.287906  1  91.5959  5120
O16 	14895.1 	0.314997  1  2876.22  2246
O16 	14895.1 	0.725717  1  -2067.88  7409
O16 	14895.1 	0.98904  1  -548.244  5720
O16 	14895.1 	0.194505  1  2692.62  2466
O16 	14895.1 	0.267168  1  -4916.68  10347
O16 	14895.1 	2.27575  1  -2334.32  7658
O16 	14895.1 	0.323338  1  562.868  4771
O16 	14895.1 	0.454903  1  1805.26  3347
O16 	14895.1 	0.586164  1  4749.1  270
O16 	14895.1 	0.229564  1  -4093.56  9667
O16 	14895.1 	0.267907  1  1126.15  4011
O16 	14895.1 	0.264808  1  3987.01  1064
O16 	14895.1 	0.59765  1  1253.94  4064
O16 	14895.1 	1.73822  1  3307.37  1810
O16 	14895.1 	0.203333  1  -1293.58  6697
O16 	14895.1 	0.611935  1  -3119.75  8641
O16 	14895.1 	0.67865  1  -3662.87  9197
O16 	14895.1 	0.219297  1  -141.065  5480
O16 	14895.1 	0.567767  1  0.491656  5248
O16 	14895.1 	0.220909  1  3848.31  1197
O16 	14895.1 	0.427652  1  946.426  4287
O16 	14895.1 	1.36038  1  1093.32  3991
O16 	14895.1 	0.192197  1  -4810.62  10238
O16 	14895.1 	0.987971  1  -12.1219  5166
O16 	14895.1 	0.389095  1  -4456.51  9861
O16 	14895.1 	0.24947  1  2100.2  2942
O16 	14895.1 	0.212505  1  2944.89  2161
O16 	14895.1 	0.321437  1  -2748.37  8081
O16 	14895.1 	0.642889  1  2802.17  2288
O16 	14895.1 	0.372308  1  -297.94  5547
O16 	14895.1 	0.224703  1  3574.02  1505
O16 	14895.1 	0.200039  1  -2451.9  7900
O16 	14895.1 	0.197753  1  -4954.25  10566
O16 	14895.1 	0.228541  1  3487.14  1576
O16 	14895.1 	0.214064  1  168.07  5152
O16 	14895.1 	1.58827  1  -1462.22  7045
O16 	14895.1 	0.206728  1  -4053.33  9527
O16 	14895.1 	0.260697  1  -1994.68  7340
O16 	14895.1 	0.222778  1  1813.2  3492
O16 	14895.1 	0.204411  1  -1245.04  6533
O16 	14895.1 	0.189243  1  -1401.04  6520
O16 	14895.1 	0.368832  1  -3386.54  8753
O16 	14895.1 	0.540771  1  4465.8  575
O16 	14895.1 	0.336893  1  -3721.18  9141
O16 	14895.1 	0.320663  1  -2035.97  7604
O16 	14895.1 	0.191914  1  -1051.02  6389
O16 	14895.1 	0.461526  1  -4845.5  10347
O16 	14895.1 	0.412453  1  2585.98  2531
O16 	14895.1 	0.211274  1  4329.94  694
O16 	14895.1 	0.232949  1  632.129  4579
O16 	14895.1 	2.32383  1  -3718.68  9341
O16 	14895.1 	3.81889  1  -855.978  6203
O16 	14895.1 	0.326228  1  530.296  4739
O16 	14895.1 	0.196041  1  -2133.41  7524
O16 	14895.1 	0.276108  1  3604.37  1516
O16 	14895.1 	1.81976  1  3080.05  1978
O16 	14895.1 	0.370211  1  -3720.71  9031
O16 	14895.1 	0.287916  1  3891.01  1157
O16 	14895.1 	0.239189  1  -1210.17  6586
O16 	14895.1 	0.539472  1  2123.47  3048
O16 	14895.1 	0.854158  1  -3034.11  8600
O16 	14895.1 	0.296372  1  -2702.75  8074
O16 	14895.1 	0.42351  1  2710.37  2417
O16 	14895.1 	0.202364  1  -4439.4  9751
O16 	14895.1 	0.268576  1  -3122.62  8424
O16 	14895.1 	0.409269  1  -2589.64  7869
O16 	14895.1 	0.20009  1  -1633.03  6993
O16 	14895.1 	0.853705  1  -3798.94  9251
O16 	14895.1 	0.226302  1  -1266.79  6610
O16 	14895.1 	0.723348  1  -2117.25  7458
O16 	14895.1 	0.234996  1  2002.09  3219
O16 	14895.1 	0.227941  1  2449.85  2698
O16 	14895.1 	0.246411  1  568.66  4744
O16 	14895.1 	0.240376  1  1066.38  4152
O16 	14895.1 	0.203015  1  608.286  4778
O16 	14895.1 	0.294611  1  932.217  4236
O16 	14895.1 	1.80392  1  -2242.67  7630
O16 	14895.1 	0.308632  1  4995.21  11
O16 	14895.1 	0.263648  1  4444.59  621
O16 	14895.1 	0.400169  1  563.64  4480
O16 	14895.1 	0.198844  1  -765.524  6127
O16 	14895.1 	0.263927  1  678.109  4589
O16 	14895.1 	0.301314  1  3453.1  1647
O16 	14895.1 	0.496976  1  -2288.13  7796
O16 	14895.1 	0.347155  1  -3981.24  9590
O16 	14895.1 	0.230272  1  1863.23  3236
O16 	14895.1 	1.04348  1  -3147.54  8551
O16 	14895.1 	0.550301  1  -3090.62  8429
O16 	14895.1 	0.609524  1  -2480.55  7979
O16 	14895.1 	0.796595  1  2024.21  3132
O16 	14895.1 	0.259705  1  1116.13  4055
O16 	14895.1 	0.23684  1  -340.814  5615
O16 	14895.1 	0.262967  1  46.4787  5132
O16 	14895.1 	0.445531  1  2352.05  2754
O16 	14895.1 	0.471003  1  -705.511  6074
O16 	14895.1 	0.202142  1  456.248  4670
O16 	14895.1 	0.222068  1  -1040.11  6249
O16 	14895.1 	0.339202  1  -1279.72  6641
O16 	14895.1 	0.412078  1  2481.16  2718
O16 	14895.1 	0.7421  1  3457.92  1598
O16 	14895.1 	0.259946  1  -4799.97  10199
O16 	14895.1 	0.221666  1  252.208  5002
O16 	14895.1 	0.275708  1  1866.24  3339
O16 	14895.1 	0.520266  1  3363.89  1758
O16 	14895.1 	0.471139  1  1218.31  3989
O16 	14895.1 	0.236782  1  -1330.25  6701
O16 	14895.1 	0.271365  1  -1539.23  6901
O16 	14895.1 	0.498881  1  -4866.59  10506
O16 	14895.1 	0.20166  1  182.167  5005
O16 	14895.1 	0.273259  1  1989.93  3197
O16 	14895.1 	0.206102  1  2330.46  2810
O16 	14895.1 	1.49229  1  -1966.06  7212
O16 	14895.1 	0.1978  1  1093.96  4122
O16 	14895.1 	0.245146  1  2665.92  2512
O16 	14895.1 	2.14846  1  581.612  4618
O16 	14895.1 	0.27323  1  -4962.5  10422
O16 	14895.1 	0.2951  1  2155.29  3024
O16 	14895.1 	0.44738  1  -4083.1  9569
O16 	14895.1 	0.946972  1  162.371  5116
O16 	14895.1 	0.288979  1  -2353.84  7747
O16 	14895.1 	0.277848  1  4587.56  457
O16 	14895.1 	1.03688  1  2655.94  2448
O16 	14895.1 	0.732092  1  -3657.12  9266
O16 	14895.1 	0.211728  1  -821.379  6082
O16 	14895.1 	0.282665  1  -224.338  5554
O16 	14895.1 	0.845546  1  -673.955  5934
O16 	14895.1 	0.593884  1  424.744  4831
O16 	14895.1 	0.466692  1  -85.6759  5296
O16 	14895.1 	0.203708  1  -1203.11  6445
O16 	14895.1 	0.207668  1  -1680.71  7134
O16 	14895.1 	0.24849  1  -3007.62  8397
O16 	14895.1 	0.192853  1  2518.86  2508
O16 	14895.1 	0.263251  1  2674.95  2437
O16 	14895.1 	0.330932  1  -1256.5  6334
O16 	14895.1 	0.66296  1  -3676.79  9152
O16 	14895.1 	0.232011  1  -3573.88  8976
O16 	14895.1 	0.256831  1  -3479.67  8778
O16 	14895.1 	0.459891  1  240.958  5077
O16 	14895.1 	0.191642  1  4789.36  232
O16 	14895.1 	0.485931  1  2257.36  2899
O16 	14895.1 	0.231776  1  -1925.35  7313
O16 	14895.1 	0.222727  1  3997.45  1072
O16 	14895.1 	0.651311  1  899.188  4342
O16 	14895.1 	0.766375  1  3639.34  1433
O16 	14895.1 	2.27585  1  4112.35  1002
O16 	14895.1 	0.224608  1  -347.856  5578
O16 	14895.1 	0.502431  1  -1443.56  6664
O16 	14895.1 	0.207286  1  -4984.07  10352
O16 	14895.1 	1.00625  1  -572.225  5923
O16 	14895.1 	0.371949  1  1317.44  3997
O16 	14895.1 	0.223643  1  -4126.24  9482
O16 	14895.1 	0.882549  1  -2715.47  8092
O16 	14895.1 	0.22174  1  -4633.77  10162
O16 	14895.1 	0.344286  1  3923.79  1123
O16 	14895.1 	0.398402  1  4729.06  259
O16 	14895.1 	0.304992  1  -706.583  5937
O16 	14895.1 	0.208895  1  4707.43  307
O16 	14895.1 	0.346478  1  2707.71  2449
O16 	14895.1 	0.496081  1  -1942.08  7451
O16 	14895.1 	0.280068  1  860.186  4366
O16 	14895.1 	0.230892  1  2762.54  2348
O16 	14895.1 	0.375337  1  -4259.85  9575
O16 	14895.1 	1.68241  1  -3998.26  9457
O16 	14895.1 	0.481408  1  -4291.81  9680
O16 	14895.1 	0.299068  1  2793.57  2334
O16 	14895.1 	0.240253  1  -4801.3  10402
O16 	14895.1 	0.390923  1  4331.55  682
O16 	14895.1 	0.265599  1  -2027.61  7573
O16 	14895.1 	0.283269  1  -4751.55  10254
O16 	14895.1 	0.217989  1  -4875.25  10386
O16 	14895.1 	0.69453  1  584.543  4638
O16 	14895.1 	2.06984  1  849.335  4364
O16 	14895.1 	0.452593  1  -4390.22  9852
O16 	14895.1 	0.408721  1  4562.08  455
O16 	14895.1 	0.401753  1  -4033.76  9451
O16 	14895.1 	0.353566  1  2554.91  2498
O16 	14895.1 	0.197311  1  3125.67  2074
