O16 	14895.1 	0.320318  1  -3884.33  9538
O16 	14895.1 	0.423636  1  -4100.94  9530
O16 	14895.1 	0.690143  1  2746.47  2348
O16 	14895.1 	0.243418  1  -838.42  6053
O16 	14895.1 	0.219511  1  1270.04  3888
O16 	14895.1 	0.341703  1  -2828.32  8267
O16 	14895.1 	0.303668  1  4548.24  489
O16 	14895.1 	0.258254  1  -164.168  5460
O16 	14895.1 	0.325261  1  1916.88  3286
O16 	14895.1 	0.221067  1  -60.8591  5341
O16 	14895.1 	0.191864  1  -4152.07  9682
O16 	14895.1 	0.194722  1  3981.63  1143
O16 	14895.1 	0.379005  1  2823.24  2346
O16 	14895.1 	0.208752  1  -1912.8  7301
O16 	14895.1 	0.235873  1  3978.76  1091
O16 	14895.1 	0.414618  1  -4684.66  10254
O16 	14895.1 	0.558766  1  2996.43  2097
O16 	14895.1 	0.232684  1  -4863.8  10380
O16 	14895.1 	0.260827  1  532.632  4749
O16 	14895.1 	0.495117  1  1494.92  3707
O16 	14895.1 	0.285783  1  2409.13  2834
O16 	14895.1 	0.365165  1  -1270.91  6512
O16 	14895.1 	1.31053  1  -4873.57  10545
O16 	14895.1 	0.305975  1  4526.32  503
O16 	14895.1 	0.32867  1  655.188  4621
O16 	14895.1 	0.658206  1  -1843.75  7461
O16 	14895.1 	1.16381  1  3682.71  1444
O16 	14895.1 	0.210796  1  2037.91  3162
O16 	14895.1 	0.329703  1  -1350.26  6781
O16 	14895.1 	0.243229  1  1176.83  4000
O16 	14895.1 	0.285231  1  3608.19  1482
O16 	14895.1 	0.203677  1  1370.6  3822
O16 	14895.1 	0.212356  1  -3558.14  9027
O16 	14895.1 	0.574484  1  145.715  5213
O16 	14895.1 	0.520312  1  2542.71  2589
O16 	14895.1 	0.200738  1  -2633.93  8114
O16 	14895.1 	3.68678  1  -1180.36  6490
O16 	14895.1 	0.345651  1  -4912.05  10496
O16 	14895.1 	0.470093  1  1371.03  3802
O16 	14895.1 	0.282965  1  1818.67  3329
O16 	14895.1 	0.501834  1  784.588  4377
O16 	14895.1 	0.221886  1  1864.79  3300
O16 	14895.1 	0.451083  1  944.084  4285
O16 	14895.1 	0.811597  1  -2194.8  7630
O16 	14895.1 	0.203827  1  -3649.81  9011
O16 	14895.1 	2.79659  1  1675.09  3460
O16 	14895.1 	0.285852  1  473.754  4727
O16 	14895.1 	1.19222  1  4512.51  499
O16 	14895.1 	0.372632  1  2933.64  2165
O16 	14895.1 	0.201859  1  -904.118  6223
O16 	14895.1 	0.256096  1  3532.54  1579
O16 	14895.1 	0.202846  1  2021.8  3183
O16 	14895.1 	0.209419  1  -143.754  5450
O16 	14895.1 	0.299634  1  4555.65  479
O16 	14895.1 	0.703194  1  2871.07  2236
O16 	14895.1 	0.519905  1  4260.41  726
O16 	14895.1 	0.246547  1  2094.86  3098
O16 	14895.1 	0.383009  1  -2223.28  7673
O16 	14895.1 	0.208475  1  4478.37  566
O16 	14895.1 	1.72512  1  1592.31  3547
O16 	14895.1 	0.392088  1  -4128.67  9649
O16 	14895.1 	0.335646  1  2028.84  3104
O16 	14895.1 	0.287744  1  3477.13  1586
O16 	14895.1 	0.19429  1  -541.612  5759
O16 	14895.1 	0.258219  1  1858.52  3465
O16 	14895.1 	0.432419  1  -3541.28  9004
O16 	14895.1 	1.44405  1  -4631.66  10115
O16 	14895.1 	0.320487  1  -4644  10150
O16 	14895.1 	0.265551  1  656.313  4577
O16 	14895.1 	0.997255  1  -594.206  5866
O16 	14895.1 	0.237033  1  608.615  4635
O16 	14895.1 	0.238865  1  -4379.15  9694
O16 	14895.1 	0.392325  1  3258.86  1840
O16 	14895.1 	0.300569  1  -2751.14  8308
O16 	14895.1 	1.05444  1  -4181.3  9682
O16 	14895.1 	0.222787  1  4423.81  587
O16 	14895.1 	0.194766  1  -4133.7  9624
O16 	14895.1 	0.427922  1  1191.88  3967
O16 	14895.1 	0.401649  1  3250.62  1751
O16 	14895.1 	0.275865  1  551.899  4587
O16 	14895.1 	0.188565  1  1187.08  3927
O16 	14895.1 	0.843118  1  -2833.12  8153
O16 	14895.1 	0.326899  1  4718.43  327
O16 	14895.1 	0.23511  1  4442.81  589
O16 	14895.1 	1.10127  1  2174.29  2979
O16 	14895.1 	1.20025  1  159.619  5084
O16 	14895.1 	0.378006  1  -4303.59  9875
O16 	14895.1 	1.13308  1  -2975.96  8376
O16 	14895.1 	0.636103  1  3905.86  1122
O16 	14895.1 	5.43848  1  -934.475  6289
O16 	14895.1 	0.349633  1  237.07  5124
O16 	14895.1 	0.416273  1  4341.05  669
O16 	14895.1 	0.294801  1  -2135.23  7528
O16 	14895.1 	0.202706  1  -1642.81  7049
O16 	14895.1 	1.42771  1  -1134.23  6434
O16 	14895.1 	0.347904  1  3270.99  1777
O16 	14895.1 	0.305849  1  4482.7  565
O16 	14895.1 	0.260167  1  4355.97  708
O16 	14895.1 	0.367175  1  890.69  4426
O16 	14895.1 	0.283715  1  -2408.03  7835
O16 	14895.1 	0.493287  1  -3958.38  9355
O16 	14895.1 	0.188343  1  -4123.89  9574
O16 	14895.1 	0.376191  1  4951.31  62
O16 	14895.1 	0.217003  1  -1265.26  6530
O16 	14895.1 	0.240503  1  -102.477  5340
O16 	14895.1 	0.62553  1  -2794.97  8134
O16 	14895.1 	1.00204  1  -31.6108  5362
O16 	14895.1 	0.45471  1  1741.91  3476
O16 	14895.1 	0.388647  1  -3072.9  8367
O16 	14895.1 	0.202233  1  1336.08  3818
O16 	14895.1 	0.318561  1  -4284.68  10062
O16 	14895.1 	0.192164  1  -2477.53  7870
O16 	14895.1 	0.222918  1  -1902  7254
O16 	14895.1 	0.897288  1  -2432.42  7853
O16 	14895.1 	0.66649  1  930.057  4282
O16 	14895.1 	0.479712  1  -1883.37  7364
O16 	14895.1 	0.484783  1  2679.51  2379
O16 	14895.1 	0.53521  1  2371.86  2710
O16 	14895.1 	0.198487  1  -4126.67  9598
O16 	14895.1 	0.288888  1  1279.03  3882
O16 	14895.1 	0.207983  1  4021.9  1040
O16 	14895.1 	1.03869  1  -4223.01  9726
O16 	14895.1 	1.11628  1  1654.21  3649
O16 	14895.1 	0.449265  1  195.115  5009
O16 	14895.1 	0.319311  1  4809.02  215
O16 	14895.1 	0.206233  1  -3761.3  9340
O16 	14895.1 	0.394793  1  2727.96  2391
O16 	14895.1 	15.3695  1  3678.46  1439
O16 	14895.1 	0.237922  1  -4330.51  9835
O16 	14895.1 	0.425376  1  -2954.64  8354
O16 	14895.1 	0.263226  1  -3474.7  8888
O16 	14895.1 	0.52786  1  4811.49  199
O16 	14895.1 	0.207387  1  -4060.41  9445
O16 	14895.1 	0.362415  1  740.572  4514
O16 	14895.1 	0.326844  1  -1356.34  6598
O16 	14895.1 	0.223776  1  -1200.56  6623
O16 	14895.1 	0.19994  1  1068.82  4172
O16 	14895.1 	0.987798  1  -175.836  5467
O16 	14895.1 	0.313763  1  939.095  4253
O16 	14895.1 	0.370889  1  1154.05  3965
O16 	14895.1 	0.199951  1  -1807.96  7134
O16 	14895.1 	0.489754  1  -2257.93  7540
O16 	14895.1 	0.825006  1  -783.579  6132
O16 	14895.1 	0.286464  1  2745.55  2337
O16 	14895.1 	0.190041  1  -2595.87  7922
O16 	14895.1 	0.284258  1  -4079.08  9401
O16 	14895.1 	0.533468  1  4619.61  403
O16 	14895.1 	0.20476  1  2229.05  2971
O16 	14895.1 	0.311391  1  2489.09  2680
O16 	14895.1 	0.286957  1  -4601.59  9975
O16 	14895.1 	0.361961  1  2175.55  2840
O16 	14895.1 	8.90561  1  -1129.39  6578
O16 	14895.1 	0.23296  1  -4584.79  10032
O16 	14895.1 	0.273921  1  27.9468  5145
O16 	14895.1 	0.463631  1  1463.82  3729
O16 	14895.1 	0.238076  1  -4231.94  9826
O16 	14895.1 	0.564446  1  4585.67  453
O16 	14895.1 	0.420881  1  2723.01  2443
O16 	14895.1 	0.281146  1  870.296  4227
O16 	14895.1 	0.287651  1  -629.117  5921
O16 	14895.1 	0.422635  1  -1329.08  6738
O16 	14895.1 	0.265722  1  1804.38  3306
O16 	14895.1 	0.396744  1  2176.87  3034
O16 	14895.1 	0.193229  1  1200.98  3980
O16 	14895.1 	0.613054  1  -852.669  6132
O16 	14895.1 	0.229904  1  758.396  4541
O16 	14895.1 	0.430261  1  2982.75  2154
O16 	14895.1 	0.219938  1  -4551.32  9921
O16 	14895.1 	0.625125  1  -1222.25  6502
O16 	14895.1 	0.282061  1  -1030.37  6386
O16 	14895.1 	0.351645  1  -3168.85  8386
O16 	14895.1 	0.465484  1  3901.93  1182
O16 	14895.1 	0.227327  1  1460.43  3692
O16 	14895.1 	0.4065  1  -2186.09  7479
O16 	14895.1 	0.281912  1  489.052  4687
O16 	14895.1 	0.475133  1  -2495.37  7880
O16 	14895.1 	0.197786  1  -4073.07  9538
O16 	14895.1 	0.209968  1  4270.58  809
O16 	14895.1 	0.597917  1  1455.46  3709
O16 	14895.1 	0.212708  1  3526.58  1566
O16 	14895.1 	0.378416  1  2437.34  2685
O16 	14895.1 	0.287435  1  -2000.89  7373
O16 	14895.1 	0.22316  1  -1275.79  6659
O16 	14895.1 	0.202153  1  4147.51  916
O16 	14895.1 	0.200527  1  1337.68  3969
O16 	14895.1 	0.236962  1  4498.62  484
O16 	14895.1 	0.370416  1  553.365  4591
O16 	14895.1 	0.212773  1  -798.976  6280
O16 	14895.1 	0.239786  1  -3296.04  8831
O16 	14895.1 	0.90987  1  1965.84  3135
O16 	14895.1 	0.209968  1  -3462.55  8860
O16 	14895.1 	0.237488  1  2804.55  2283
O16 	14895.1 	0.278942  1  -1612.28  6888
O16 	14895.1 	0.288618  1  4920.18  93
O16 	14895.1 	0.309579  1  2778.2  2316
O16 	14895.1 	0.332139  1  4068.95  960
O16 	14895.1 	0.549816  1  65.2905  5170
O16 	14895.1 	0.638579  1  1545.43  3568
O16 	14895.1 	0.471072  1  -4749.3  10322
O16 	14895.1 	0.490156  1  -3736.98  9420
O16 	14895.1 	1.90983  1  3651.85  1457
O16 	14895.1 	0.528612  1  -4852.01  10368
O16 	14895.1 	0.217409  1  -2726.07  8019
O16 	14895.1 	0.220725  1  -3167.9  8569
O16 	14895.1 	1.89408  1  3570.82  1489
O16 	14895.1 	0.252349  1  1840.98  3372
O16 	14895.1 	0.392766  1  4587.2  458
O16 	14895.1 	0.253021  1  965.222  4181
O16 	14895.1 	0.220712  1  2960.65  2175
O16 	14895.1 	0.215607  1  -4197.29  9768
O16 	14895.1 	0.32732  1  -1371.45  6616
O16 	14895.1 	0.214852  1  -104.682  5398
O16 	14895.1 	1.07295  1  825.317  4471
O16 	14895.1 	0.198174  1  3335.79  1808
O16 	14895.1 	0.224155  1  3992.22  1019
O16 	14895.1 	0.210437  1  2618.82  2430
O16 	14895.1 	0.87405  1  -513.571  5856
O16 	14895.1 	3.67304  1  -4046.31  9340
O16 	14895.1 	0.508562  1  242.178  5046
O16 	14895.1 	0.243282  1  1150.45  4028
O16 	14895.1 	0.22557  1  3268.77  1878
O16 	14895.1 	0.232277  1  2384.55  2720
O16 	14895.1 	0.315827  1  -4793.79  10231
O16 	14895.1 	0.208896  1  2614.71  2541
O16 	14895.1 	0.239984  1  277.916  5101
O16 	14895.1 	0.414675  1  -912.509  6224
O16 	14895.1 	0.940854  1  -767.833  6069
O16 	14895.1 	0.321208  1  -4054.66  9468
O16 	14895.1 	0.470469  1  1954.45  3142
O16 	14895.1 	0.212798  1  -3131.22  8450
O16 	14895.1 	0.231007  1  2851.12  2232
O16 	14895.1 	0.458059  1  876.683  4314
O16 	14895.1 	0.399281  1  4050.24  1009
O16 	14895.1 	0.412295  1  -2060.47  7460
O16 	14895.1 	0.494845  1  -75.6916  5452
O16 	14895.1 	0.469447  1  2992.4  2074
O16 	14895.1 	0.226544  1  -980.571  6225
O16 	14895.1 	0.268032  1  4896.67  124
O16 	14895.1 	0.777659  1  2785.4  2347
O16 	14895.1 	0.652219  1  3072.74  2089
O16 	14895.1 	0.247765  1  1578.48  3742
O16 	14895.1 	0.221705  1  -1164.17  6474
O16 	14895.1 	0.499029  1  -170.82  5424
O16 	14895.1 	0.278283  1  -3386.51  8925
O16 	14895.1 	0.626099  1  -1394.27  6915
O16 	14895.1 	0.519418  1  -2463.09  7877
O16 	14895.1 	0.694842  1  123.77  5275
O16 	14895.1 	0.594363  1  -901.662  6082
O16 	14895.1 	0.262736  1  -1450.09  6684
O16 	14895.1 	0.196582  1  4673.97  350
O16 	14895.1 	0.288402  1  -1096.28  6323
O16 	14895.1 	0.193428  1  -282.346  5513
O16 	14895.1 	0.473832  1  4551.98  459
O16 	14895.1 	0.351366  1  -2483.56  7680
O16 	14895.1 	2.4095  1  2755.95  2373
O16 	14895.1 	0.225282  1  24.7929  5275
O16 	14895.1 	0.2502  1  783.28  4318
O16 	14895.1 	0.552394  1  3251.35  1858
O16 	14895.1 	0.233145  1  -2206.49  7458
O16 	14895.1 	0.463317  1  -3430.53  8952
O16 	14895.1 	0.370736  1  1144.55  4083
O16 	14895.1 	0.225219  1  3688.35  1379
O16 	14895.1 	14.7482  1  3222.03  1811
O16 	14895.1 	0.219556  1  -3580.94  9044
O16 	14895.1 	1.05932  1  -4140.68  9492
O16 	14895.1 	0.671456  1  4368.22  609
O16 	14895.1 	1.59086  1  -753.161  5940
O16 	14895.1 	0.417146  1  4318.2  704
O16 	14895.1 	0.259982  1  -1698.2  7005
O16 	14895.1 	1.02225  1  1397.23  3854
O16 	14895.1 	0.611792  1  -3212.23  8684
O16 	14895.1 	0.633427  1  -1195  6432
O16 	14895.1 	0.190828  1  -2101.12  7436
O16 	14895.1 	0.263433  1  4857.83  134
O16 	14895.1 	0.214461  1  921.438  4316
O16 	14895.1 	0.326336  1  -2426.25  7746
O16 	14895.1 	0.359891  1  1357.34  3909
O16 	14895.1 	0.204218  1  4676.45  317
O16 	14895.1 	0.338433  1  -2918.75  8434
O16 	14895.1 	0.22739  1  -3146.78  8597
O16 	14895.1 	0.412495  1  -1420.36  6739
O16 	14895.1 	0.291418  1  -3949.46  9304
O16 	14895.1 	0.763768  1  3547.29  1534
O16 	14895.1 	0.192613  1  -171.075  5421
O16 	14895.1 	0.401973  1  -4401.44  9859
O16 	14895.1 	0.203192  1  -1342.26  6488
O16 	14895.1 	0.30619  1  -4616.69  9978
O16 	14895.1 	0.273247  1  1884.11  3187
O16 	14895.1 	0.253758  1  -1837.85  7202
O16 	14895.1 	0.234714  1  425.64  4805
O16 	14895.1 	0.281291  1  1541.96  3644
O16 	14895.1 	0.364271  1  1131.96  4088
O16 	14895.1 	0.195201  1  -390.135  5790
O16 	14895.1 	0.44686  1  800.645  4485
O16 	14895.1 	2.58578  1  3603.86  1428
O16 	14895.1 	1.45337  1  550.085  4632
O16 	14895.1 	0.225681  1  1442.82  3807
O16 	14895.1 	0.335996  1  45.2242  5315
O16 	14895.1 	0.208907  1  -4709.45  10123
O16 	14895.1 	0.28366  1  4391.17  614
O16 	14895.1 	0.202769  1  -2263.36  7582
O16 	14895.1 	0.26631  1  1826.05  3388
O16 	14895.1 	0.325515  1  -484.461  5810
O16 	14895.1 	0.484504  1  -1694.33  6914
O16 	14895.1 	0.226729  1  3807.94  1246
O16 	14895.1 	0.275264  1  1972.37  3246
O16 	14895.1 	0.266812  1  1764.59  3327
O16 	14895.1 	0.298199  1  2584.66  2591
O16 	14895.1 	0.623732  1  -524.109  5758
O16 	14895.1 	0.483785  1  2978.51  2180
O16 	14895.1 	1.26947  1  -4021.91  9441
O16 	14895.1 	0.197423  1  -3932.31  9380
O16 	14895.1 	0.251273  1  105.169  5023
O16 	14895.1 	0.456866  1  1012.43  4198
O16 	14895.1 	0.590813  1  -2297.17  7751
O16 	14895.1 	0.195633  1  -1763.07  7160
O16 	14895.1 	0.252363  1  -3319.45  8758
O16 	14895.1 	0.231038  1  1268.66  3893
O16 	14895.1 	0.711605  1  3350.06  1730
O16 	14895.1 	0.278742  1  1784.34  3457
O16 	14895.1 	0.294032  1  -4675.18  10220
O16 	14895.1 	0.42173  1  4039.3  971
O16 	14895.1 	0.231964  1  20.378  5188
O16 	14895.1 	0.413551  1  344.915  5063
O16 	14895.1 	0.450843  1  -482.255  5695
O16 	14895.1 	0.224005  1  -3757.97  9143
O16 	14895.1 	0.225406  1  4828.26  183
O16 	14895.1 	0.221292  1  534.758  4743
O16 	14895.1 	0.226833  1  -4896.26  10519
O16 	14895.1 	0.718345  1  4730.02  318
O16 	14895.1 	0.204113  1  4320.61  734
O16 	14895.1 	1.76604  1  -3841.76  9282
O16 	14895.1 	0.202583  1  1903.54  3383
O16 	14895.1 	0.809121  1  -2320.19  7507
O16 	14895.1 	0.278771  1  -283.35  5411
O16 	14895.1 	0.473761  1  3933.23  1112
O16 	14895.1 	0.725743  1  4154.44  925
O16 	14895.1 	0.778516  1  -3882.27  9367
O16 	14895.1 	1.78964  1  -4336.05  9760
O16 	14895.1 	0.189479  1  -491.44  5691
O16 	14895.1 	0.201931  1  4401.3  618
O16 	14895.1 	0.295368  1  -2614.37  8109
O16 	14895.1 	0.599068  1  -3945.29  9482
O16 	14895.1 	0.571494  1  -2553.59  8080
O16 	14895.1 	0.326574  1  -4977.49  10492
O16 	14895.1 	0.192903  1  296.061  4950
O16 	14895.1 	0.275824  1  -4597.59  10076
O16 	14895.1 	0.28129  1  1301.5  3844
O16 	14895.1 	0.396188  1  1232.39  4050
O16 	14895.1 	0.3742  1  1240.63  3984
O16 	14895.1 	0.283105  1  -4939.5  10428
O16 	14895.1 	0.199674  1  -1892.46  7242
O16 	14895.1 	0.464786  1  -1633.65  7000
O16 	14895.1 	0.271908  1  4397.11  597
O16 	14895.1 	0.381786  1  2741.21  2414
O16 	14895.1 	0.22382  1  -4001.39  9562
O16 	14895.1 	1.1924  1  3410.07  1744
O16 	14895.1 	0.255443  1  -4933.48  10406
O16 	14895.1 	0.616496  1  387.448  5052
O16 	14895.1 	0.214822  1  140.75  5032
O16 	14895.1 	0.202787  1  3279.04  1785
O16 	14895.1 	0.256849  1  2752.5  2344
O16 	14895.1 	0.322613  1  1329.71  3852
O16 	14895.1 	0.224548  1  -4012.27  9463
O16 	14895.1 	0.262673  1  -1323.42  6596
O16 	14895.1 	0.598421  1  -2526.88  7984
O16 	14895.1 	0.553253  1  -3063.1  8402
O16 	14895.1 	0.31771  1  3108.48  1982
O16 	14895.1 	0.210125  1  2388.52  2756
O16 	14895.1 	0.622421  1  -1605.05  6969
O16 	14895.1 	1.05681  1  -3790.33  9292
O16 	14895.1 	0.4424  1  -1263.38  6573
O16 	14895.1 	0.295032  1  4046.78  928
O16 	14895.1 	0.213423  1  4026.6  994
O16 	14895.1 	0.190749  1  1920.17  3236
O16 	14895.1 	0.492623  1  -444.354  5776
O16 	14895.1 	0.26034  1  -1466.06  6693
O16 	14895.1 	0.413498  1  -2782.18  8116
O16 	14895.1 	0.59298  1  4060.95  965
O16 	14895.1 	0.340542  1  -4602.82  10175
O16 	14895.1 	0.586387  1  4656.03  370
O16 	14895.1 	0.361591  1  1358.67  3774
O16 	14895.1 	0.66814  1  488.938  4736
O16 	14895.1 	0.390498  1  3971.71  1089
O16 	14895.1 	0.295901  1  243.493  4914
O16 	14895.1 	0.319472  1  -1172.7  6421
O16 	14895.1 	0.236033  1  -3305.37  8807
O16 	14895.1 	0.332338  1  4716.37  296
O16 	14895.1 	0.314876  1  1884.87  3290
O16 	14895.1 	0.200788  1  2099.12  3031
O16 	14895.1 	0.297803  1  -1785.48  7201
O16 	14895.1 	0.226832  1  3709.41  1337
O16 	14895.1 	0.219197  1  3493.58  1586
O16 	14895.1 	0.57899  1  2207.09  2919
O16 	14895.1 	0.958281  1  -1005.07  6176
O16 	14895.1 	0.500233  1  -2401.41  7746
O16 	14895.1 	0.371857  1  3698.17  1389
O16 	14895.1 	0.31283  1  65.8098  5257
O16 	14895.1 	0.200161  1  -2620  7894
O16 	14895.1 	0.332919  1  -1866.24  7120
O16 	14895.1 	0.322889  1  -4371.93  9603
O16 	14895.1 	0.31005  1  2811.84  2323
O16 	14895.1 	0.940925  1  2555.93  2585
O16 	14895.1 	0.568191  1  735.543  4525
O16 	14895.1 	0.200449  1  400.27  4946
O16 	14895.1 	0.264541  1  -2207.02  7559
O16 	14895.1 	0.247014  1  -4887.32  10233
O16 	14895.1 	0.202559  1  238.127  5108
O16 	14895.1 	0.392879  1  -4473.26  9920
O16 	14895.1 	0.205581  1  1832.99  3394
O16 	14895.1 	2.82522  1  -3250.03  8726
O16 	14895.1 	0.218787  1  4407.77  674
O16 	14895.1 	0.484794  1  -1606.56  7019
O16 	14895.1 	0.202137  1  -4061.53  9461
O16 	14895.1 	0.361328  1  -3125.42  8498
O16 	14895.1 	1.03295  1  2613.47  2556
O16 	14895.1 	0.322234  1  125.856  5184
O16 	14895.1 	0.24173  1  4409.81  598
O16 	14895.1 	2.9128  1  861.966  4445
O16 	14895.1 	0.271829  1  -4769.31  10339
O16 	14895.1 	0.223455  1  -4533.76  10001
O16 	14895.1 	0.197652  1  4022.23  1036
O16 	14895.1 	0.418393  1  -116.352  5478
O16 	14895.1 	0.223782  1  -3974.23  9441
O16 	14895.1 	0.659583  1  -4182.78  9785
O16 	14895.1 	0.591922  1  -2219.89  7676
O16 	14895.1 	0.598635  1  3930.84  1107
O16 	14895.1 	0.299139  1  4009.49  1006
O16 	14895.1 	0.273942  1  2012.65  3162
O16 	14895.1 	0.548493  1  972.083  4211
O16 	14895.1 	0.224333  1  -689.109  5938
O16 	14895.1 	0.217377  1  -4500.16  9897
O16 	14895.1 	3.48062  1  4756.91  262
O16 	14895.1 	0.252077  1  2019.66  3179
O16 	14895.1 	3.44583  1  2323.02  2861
O16 	14895.1 	0.357759  1  -3800.66  9018
O16 	14895.1 	0.203648  1  765.583  4544
O16 	14895.1 	0.275977  1  4043.49  963
O16 	14895.1 	0.232137  1  231.253  4999
O16 	14895.1 	0.43468  1  2804.69  2220
O16 	14895.1 	0.435778  1  -3066.02  8567
O16 	14895.1 	0.604147  1  -4464.93  9990
O16 	14895.1 	0.720048  1  2584.65  2457
O16 	14895.1 	0.360919  1  1911.82  3306
O16 	14895.1 	0.307061  1  -4900.91  10408
O16 	14895.1 	0.245732  1  2450.58  2639
O16 	14895.1 	2.05155  1  -1160.95  6544
O16 	14895.1 	0.302716  1  -4039.96  9620
O16 	14895.1 	0.535855  1  -4440.06  9794
O16 	14895.1 	0.195008  1  -3035.57  8312
O16 	14895.1 	1.06582  1  -3780.32  9074
O16 	14895.1 	0.537538  1  -1058.53  6381
O16 	14895.1 	0.2718  1  -4379.08  9661
O16 	14895.1 	0.471795  1  2170.68  2936
O16 	14895.1 	0.583618  1  3948.15  1097
O16 	14895.1 	0.618394  1  229.791  5056
O16 	14895.1 	3.73701  1  -4993.61  10764
O16 	14895.1 	0.227859  1  -4062.01  9506
O16 	14895.1 	0.208196  1  1979.51  3212
O16 	14895.1 	1.83482  1  3757.03  1355
O16 	14895.1 	0.205532  1  -4692.37  10242
O16 	14895.1 	0.468619  1  -1137.86  6545
O16 	14895.1 	0.23542  1  4480.65  549
O16 	14895.1 	0.28053  1  -3721.99  9138
O16 	14895.1 	0.414702  1  4223.87  815
O16 	14895.1 	0.201109  1  2383.45  2695
O16 	14895.1 	1.07409  1  -1275.68  6618
O16 	14895.1 	0.251096  1  3741.41  1333
O16 	14895.1 	0.34168  1  -4226.71  9645
O16 	14895.1 	0.491138  1  1028.15  4120
O16 	14895.1 	0.374982  1  -1874.48  7305
O16 	14895.1 	0.313436  1  2490.22  2688
O16 	14895.1 	0.214574  1  108.063  5099
O16 	14895.1 	0.23111  1  222.664  5012
O16 	14895.1 	0.331146  1  1987.73  3102
O16 	14895.1 	0.245663  1  1011.5  4144
O16 	14895.1 	0.425014  1  -3824.29  9425
O16 	14895.1 	0.503227  1  -364.009  5751
O16 	14895.1 	0.201457  1  4682.05  334
O16 	14895.1 	0.207535  1  -4145.17  9636
O16 	14895.1 	0.234147  1  -3369.83  8737
O16 	14895.1 	0.215055  1  900.813  4367
O16 	14895.1 	0.478262  1  -3051.27  8378
O16 	14895.1 	0.194973  1  2582.29  2464
O16 	14895.1 	0.483626  1  -3174.38  8656
O16 	14895.1 	0.247809  1  -4147.24  9656
O16 	14895.1 	0.205406  1  3274.78  1808
O16 	14895.1 	0.269186  1  747.738  4320
O16 	14895.1 	0.67815  1  1214.11  3881
O16 	14895.1 	0.386043  1  -2204.21  7502
O16 	14895.1 	0.200072  1  1067.75  4148
O16 	14895.1 	0.233269  1  -3926.64  9336
O16 	14895.1 	0.496097  1  4457.14  595
O16 	14895.1 	0.290738  1  2714.22  2351
O16 	14895.1 	0.522831  1  4389.99  652
O16 	14895.1 	0.193135  1  -2254.25  7709
O16 	14895.1 	0.225787  1  -2970.61  8480
O16 	14895.1 	0.40703  1  2244.84  2915
O16 	14895.1 	7.98357  1  -2881.56  8347
O16 	14895.1 	0.191578  1  -4034.46  9436
O16 	14895.1 	1.09435  1  -4761.2  10129
O16 	14895.1 	0.207577  1  2411.37  2727
O16 	14895.1 	0.211823  1  -3820.19  9303
O16 	14895.1 	0.204496  1  -3250.47  8758
O16 	14895.1 	0.18842  1  2181.19  2948
O16 	14895.1 	0.335731  1  4315.74  708
O16 	14895.1 	0.287749  1  2495.66  2652
O16 	14895.1 	0.377478  1  2099.7  3036
O16 	14895.1 	0.401888  1  -1925.81  7328
O16 	14895.1 	0.190758  1  -3744.83  9270
O16 	14895.1 	0.222713  1  3547.44  1558
O16 	14895.1 	0.215765  1  1106.94  4172
O16 	14895.1 	0.208879  1  -3802.4  9278
O16 	14895.1 	0.490514  1  -2153.05  7499
O16 	14895.1 	0.257929  1  -243.541  5417
O16 	14895.1 	0.209022  1  3593.64  1560
O16 	14895.1 	0.659988  1  -3625.5  9078
O16 	14895.1 	0.199074  1  -2735.51  8133
O16 	14895.1 	0.501879  1  3478.2  1538
O16 	14895.1 	0.292266  1  4209.77  805
O16 	14895.1 	0.198696  1  -2381.54  7850
O16 	14895.1 	0.267444  1  -3383.37  8672
O16 	14895.1 	0.213108  1  -3765.85  9182
O16 	14895.1 	0.897683  1  3394.18  1668
O16 	14895.1 	0.218522  1  -2281.84  7670
O16 	14895.1 	0.585434  1  1244.78  3923
O16 	14895.1 	0.217382  1  -2126.32  7547
O16 	14895.1 	0.272755  1  2065.62  3135
O16 	14895.1 	0.339338  1  -2349.96  7774
O16 	14895.1 	2.50363  1  -3682.14  9085
O16 	14895.1 	0.454891  1  -1951.14  7252
O16 	14895.1 	0.372374  1  -388.757  5625
O16 	14895.1 	0.357462  1  3279.72  1807
O16 	14895.1 	0.19329  1  -2386.65  7838
O16 	14895.1 	0.601198  1  -2432.61  7874
O16 	14895.1 	0.836158  1  -3802.47  9157
O16 	14895.1 	0.907808  1  2361.6  2824
O16 	14895.1 	0.542965  1  853.346  4409
O16 	14895.1 	0.574609  1  4746.17  270
O16 	14895.1 	0.213927  1  -3790.11  9252
O16 	14895.1 	0.354763  1  -2591.6  7995
O16 	14895.1 	0.463729  1  -3633.23  9009
O16 	14895.1 	0.42756  1  3945.6  1085
O16 	14895.1 	0.286143  1  -350.481  5667
O16 	14895.1 	0.660622  1  4989  8
O16 	14895.1 	0.292624  1  653.831  4599
O16 	14895.1 	0.211205  1  474.825  4774
O16 	14895.1 	0.220258  1  -1637.28  6984
O16 	14895.1 	0.203852  1  -392.47  5715
O16 	14895.1 	0.18836  1  -4448.53  9995
O16 	14895.1 	0.799669  1  -2211.47  7473
O16 	14895.1 	0.214368  1  -462.736  5719
O16 	14895.1 	11.8918  1  -4548.89  10215
O16 	14895.1 	0.625672  1  3039.61  2107
O16 	14895.1 	0.22099  1  -1358.69  6701
O16 	14895.1 	0.283318  1  -4174.26  9730
O16 	14895.1 	0.249938  1  2313.98  2842
O16 	14895.1 	0.631221  1  2039.64  3063
O16 	14895.1 	0.54166  1  3546.57  1502
O16 	14895.1 	0.936422  1  3825.09  1196
O16 	14895.1 	0.212171  1  -4260.49  9630
O16 	14895.1 	0.524771  1  -3363.71  8883
O16 	14895.1 	0.528869  1  -280.691  5616
O16 	14895.1 	0.79893  1  4686.52  307
O16 	14895.1 	0.293139  1  -4725.4  10105
O16 	14895.1 	0.587186  1  1540  3676
O16 	14895.1 	0.292701  1  4956.69  28
O16 	14895.1 	0.284605  1  -1328.25  6652
O16 	14895.1 	0.371997  1  4111.95  924
O16 	14895.1 	0.19706  1  2483.67  2644
O16 	14895.1 	0.202821  1  900.417  4299
O16 	14895.1 	0.22188  1  2394.3  2780
O16 	14895.1 	1.55774  1  -846.484  6163
O16 	14895.1 	0.303669  1  1013.43  4128
O16 	14895.1 	0.612684  1  -669.493  5897
O16 	14895.1 	2.03817  1  -1081.01  6337
O16 	14895.1 	0.198498  1  4814.78  190
O16 	14895.1 	0.292002  1  -3228.83  8655
O16 	14895.1 	0.205287  1  4370.88  659
O16 	14895.1 	0.199802  1  3440.47  1656
O16 	14895.1 	0.707501  1  -3948.14  9543
O16 	14895.1 	0.188614  1  -2595.7  7935
O16 	14895.1 	0.370707  1  2939.31  2206
O16 	14895.1 	0.225818  1  4733.83  267
O16 	14895.1 	0.242674  1  -4733.79  10186
O16 	14895.1 	0.210167  1  -3346.54  8811
O16 	14895.1 	0.344029  1  -1679.32  6995
O16 	14895.1 	0.194682  1  -2243.7  7555
O16 	14895.1 	0.299748  1  1830.79  3364
O16 	14895.1 	0.290054  1  3110.37  1952
O16 	14895.1 	1.75854  1  2147.13  3029
O16 	14895.1 	0.588069  1  -3802.58  9236
O16 	14895.1 	0.222438  1  2117.72  3059
O16 	14895.1 	0.297097  1  -1858.03  7317
O16 	14895.1 	0.342776  1  4279.54  738
O16 	14895.1 	0.284782  1  -1858.3  7138
O16 	14895.1 	0.363093  1  1130.66  4057
O16 	14895.1 	0.189476  1  -442.684  5799
O16 	14895.1 	0.204895  1  -2357.51  7621
O16 	14895.1 	0.854226  1  1813.86  3264
O16 	14895.1 	2.34613  1  -715.645  5909
O16 	14895.1 	0.707833  1  1866.67  3325
O16 	14895.1 	0.295439  1  4017.91  1065
O16 	14895.1 	0.239088  1  4483.68  591
O16 	14895.1 	0.91077  1  -1352.55  6801
O16 	14895.1 	0.464334  1  4151.92  892
O16 	14895.1 	5.13885  1  -4365.5  9736
O16 	14895.1 	0.207249  1  227.703  4990
O16 	14895.1 	0.343078  1  -2796.44  8139
O16 	14895.1 	0.216488  1  -3354.05  8681
O16 	14895.1 	0.275126  1  -403.737  5700
O16 	14895.1 	0.547208  1  -1957.18  7177
O16 	14895.1 	0.190962  1  132.829  5024
O16 	14895.1 	0.281519  1  2160.82  2951
O16 	14895.1 	0.456268  1  2453.62  2648
O16 	14895.1 	0.277206  1  4629.5  393
O16 	14895.1 	0.419977  1  -3091.93  8518
O16 	14895.1 	6.58899  1  861.131  4363
O16 	14895.1 	0.239093  1  4346.44  714
O16 	14895.1 	0.28813  1  -1020.03  6331
O16 	14895.1 	0.195093  1  13.0012  5157
O16 	14895.1 	0.439689  1  -3900.53  9459
O16 	14895.1 	0.315865  1  -1095.8  6231
O16 	14895.1 	0.195986  1  4045.74  953
O16 	14895.1 	0.195649  1  1798.1  3332
O16 	14895.1 	0.332889  1  3014.43  2064
O16 	14895.1 	0.342769  1  -4546.97  10219
O16 	14895.1 	0.528211  1  4053.67  971
O16 	14895.1 	2.04977  1  -3161.48  8510
O16 	14895.1 	2.18066  1  3434.49  1634
O16 	14895.1 	0.911952  1  -3947.19  9432
O16 	14895.1 	0.337616  1  -4080.88  9679
O16 	14895.1 	0.491799  1  -2601.61  7870
O16 	14895.1 	0.600207  1  3571.63  1571
O16 	14895.1 	0.735562  1  -4481.01  10340
O16 	14895.1 	0.841025  1  -4641.98  10031
O16 	14895.1 	0.36177  1  256.412  4995
O16 	14895.1 	5.76761  1  -4406.99  9903
O16 	14895.1 	0.249659  1  3119.31  1989
O16 	14895.1 	0.383299  1  3058.63  2041
O16 	14895.1 	0.218536  1  -3850.37  9400
O16 	14895.1 	0.208129  1  -3436.01  8811
O16 	14895.1 	0.38281  1  -3422.8  8853
O16 	14895.1 	0.304953  1  4336.75  729
O16 	14895.1 	0.265553  1  1027.22  4175
O16 	14895.1 	0.912801  1  347.234  4892
O16 	14895.1 	0.435364  1  -4032.4  9572
O16 	14895.1 	0.403044  1  3306.17  1805
O16 	14895.1 	0.195956  1  -3815.47  9163
O16 	14895.1 	0.27177  1  -4611.31  10069
O16 	14895.1 	0.427316  1  -403.54  5679
O16 	14895.1 	1.16692  1  -3900.91  9306
O16 	14895.1 	0.191008  1  4234.97  834
O16 	14895.1 	0.466629  1  -3310.65  8781
O16 	14895.1 	0.190788  1  -1017.01  6409
O16 	14895.1 	0.761393  1  -2328.92  7718
O16 	14895.1 	0.707238  1  4528.32  502
O16 	14895.1 	4.71479  1  348.725  4938
O16 	14895.1 	0.282451  1  4722.92  311
O16 	14895.1 	0.207258  1  -3265.74  8854
O16 	14895.1 	0.676542  1  4423.53  608
O16 	14895.1 	0.622273  1  2372.26  2765
O16 	14895.1 	0.200755  1  2101.6  2964
O16 	14895.1 	0.258665  1  1193.76  4008
O16 	14895.1 	0.27022  1  -3140.52  8421
O16 	14895.1 	0.847833  1  -1456.35  6995
O16 	14895.1 	0.19091  1  2140.22  3012
O16 	14895.1 	0.268682  1  4966.47  41
O16 	14895.1 	0.198251  1  618.441  4592
O16 	14895.1 	0.255947  1  -3844.21  9230
O16 	14895.1 	0.385444  1  -1713.44  6999
O16 	14895.1 	0.299997  1  2669.33  2526
O16 	14895.1 	1.31389  1  -4391.15  9842
O16 	14895.1 	0.577459  1  4639.85  382
O16 	14895.1 	0.243552  1  -1394.2  6793
O16 	14895.1 	7.30864  1  -265.047  5653
O16 	14895.1 	0.238847  1  -2832.91  8249
O16 	14895.1 	0.42584  1  1587.54  3545
O16 	14895.1 	2.63999  1  -1439.24  6770
O16 	14895.1 	0.194068  1  -4767.34  10283
O16 	14895.1 	0.348978  1  -98.4963  5346
O16 	14895.1 	0.210719  1  -747.096  5985
O16 	14895.1 	1.46953  1  2546.11  2571
O16 	14895.1 	3.01667  1  3231.9  1829
O16 	14895.1 	0.344336  1  -1976.17  7340
O16 	14895.1 	0.394751  1  -727.141  6134
O16 	14895.1 	0.23326  1  4418.72  644
O16 	14895.1 	0.367299  1  1652.12  3499
O16 	14895.1 	0.195148  1  -4762.86  10310
O16 	14895.1 	0.212924  1  2147.82  3008
O16 	14895.1 	0.234937  1  -2092.65  7617
O16 	14895.1 	7.17699  1  -1445.17  6801
O16 	14895.1 	0.615533  1  -1547.25  6786
O16 	14895.1 	0.218393  1  -2718.69  8175
O16 	14895.1 	0.610592  1  -2251.53  7762
O16 	14895.1 	0.204164  1  2301.02  2855
O16 	14895.1 	0.466122  1  2912.67  2190
O16 	14895.1 	0.46992  1  -2462.92  7816
O16 	14895.1 	0.219491  1  -173.43  5284
O16 	14895.1 	0.223572  1  2378.74  2846
O16 	14895.1 	0.692566  1  -1286.37  6624
O16 	14895.1 	0.290016  1  -3285.91  8634
O16 	14895.1 	0.789282  1  -2872.27  8200
O16 	14895.1 	0.300963  1  -2548.35  8041
O16 	14895.1 	0.218327  1  -4373.31  9839
O16 	14895.1 	2.12333  1  -2160.01  7528
O16 	14895.1 	0.431859  1  2073.95  3053
O16 	14895.1 	0.226329  1  -1228.96  6466
O16 	14895.1 	0.300137  1  -1727.26  6985
O16 	14895.1 	0.292255  1  -4000.64  9481
O16 	14895.1 	0.230424  1  3548.1  1555
O16 	14895.1 	0.208377  1  -2489.55  7872
O16 	14895.1 	0.20504  1  -4635.89  10071
O16 	14895.1 	0.41465  1  -197.863  5503
O16 	14895.1 	0.287334  1  1936.78  3166
O16 	14895.1 	2.97142  1  4929.48  74
O16 	14895.1 	1.15692  1  2540.56  2639
O16 	14895.1 	0.26586  1  -4926.92  10366
O16 	14895.1 	0.719757  1  -1960.35  7409
O16 	14895.1 	0.243416  1  -4843.33  10365
O16 	14895.1 	0.213039  1  539.021  4728
O16 	14895.1 	0.529118  1  -3718.45  9153
O16 	14895.1 	0.203722  1  3326.23  1752
O16 	14895.1 	1.54643  1  728.182  4519
O16 	14895.1 	0.327727  1  -1600.95  6885
O16 	14895.1 	0.222594  1  1276.81  3970
O16 	14895.1 	0.251346  1  23.7023  5171
O16 	14895.1 	0.235241  1  2792.72  2306
O16 	14895.1 	0.197353  1  2806.65  2295
O16 	14895.1 	0.204217  1  1466.77  3743
O16 	14895.1 	0.570465  1  -2152.68  7602
O16 	14895.1 	0.495339  1  -2600.47  7971
O16 	14895.1 	0.332066  1  -1034.06  6356
O16 	14895.1 	0.641644  1  751.431  4530
O16 	14895.1 	0.208382  1  -3228.41  8649
O16 	14895.1 	0.233736  1  -3205.42  8517
O16 	14895.1 	0.456246  1  -931.057  6241
O16 	14895.1 	0.348613  1  3818.15  1208
O16 	14895.1 	0.269611  1  2465.83  2619
O16 	14895.1 	0.208827  1  -2236.44  7622
O16 	14895.1 	0.286633  1  -4328.54  9679
O16 	14895.1 	0.240585  1  -1908.16  7414
O16 	14895.1 	0.328678  1  -2668.54  8122
O16 	14895.1 	0.398912  1  465.963  4844
O16 	14895.1 	0.609934  1  3.15545  5259
O16 	14895.1 	1.61939  1  -2752.54  8322
O16 	14895.1 	0.353746  1  -2637.48  8302
O16 	14895.1 	0.277756  1  -3598.11  8951
O16 	14895.1 	0.261147  1  -4153.86  9553
O16 	14895.1 	0.206372  1  289.232  4852
O16 	14895.1 	0.689203  1  784.233  4369
O16 	14895.1 	0.436047  1  -1424.83  6706
O16 	14895.1 	0.223234  1  4376.06  660
O16 	14895.1 	0.393623  1  -4619.68  10028
O16 	14895.1 	0.220776  1  -4355.44  9896
O16 	14895.1 	0.234595  1  -57.55  5229
O16 	14895.1 	1.29242  1  -3745.7  9244
O16 	14895.1 	0.917118  1  991.447  4271
O16 	14895.1 	0.260307  1  3122.81  1972
O16 	14895.1 	0.487938  1  -2299.58  7737
O16 	14895.1 	0.421641  1  4842.05  170
O16 	14895.1 	0.377454  1  2153.3  2982
O16 	14895.1 	0.19612  1  -672.548  5957
O16 	14895.1 	0.488035  1  -101.614  5568
O16 	14895.1 	0.369233  1  4836.86  184
O16 	14895.1 	0.636029  1  4284.54  758
O16 	14895.1 	7.1384  1  1410.77  3733
O16 	14895.1 	0.387827  1  407.891  4783
O16 	14895.1 	0.904721  1  -2876.92  8388
O16 	14895.1 	0.30706  1  1914.7  3245
O16 	14895.1 	0.365698  1  1835.35  3333
O16 	14895.1 	0.522748  1  -4805.59  10353
O16 	14895.1 	0.557998  1  474.082  4712
O16 	14895.1 	0.443944  1  -863.397  6200
O16 	14895.1 	0.236297  1  4423.55  591
O16 	14895.1 	0.229524  1  4497.02  564
O16 	14895.1 	2.03943  1  2725.74  2389
O16 	14895.1 	0.611003  1  -2169.53  7453
O16 	14895.1 	0.216963  1  -798.12  6213
O16 	14895.1 	1.42526  1  3456.86  1613
O16 	14895.1 	0.28716  1  -4772.59  10251
O16 	14895.1 	0.486326  1  -2235.65  7698
O16 	14895.1 	0.526049  1  -734.608  5975
O16 	14895.1 	0.413411  1  2761.09  2332
O16 	14895.1 	0.438555  1  2341.88  2724
O16 	14895.1 	0.333677  1  4645.6  392
O16 	14895.1 	1.84192  1  -466.115  5822
O16 	14895.1 	0.448988  1  3578.78  1483
O16 	14895.1 	0.293517  1  -1946.86  7362
O16 	14895.1 	0.188788  1  -3702.56  9271
O16 	14895.1 	0.205087  1  -4525.11  10132
O16 	14895.1 	1.79157  1  562.689  4742
O16 	14895.1 	0.201297  1  881.492  4283
O16 	14895.1 	0.201401  1  629.677  4641
O16 	14895.1 	0.224974  1  -332.794  5781
O16 	14895.1 	1.31833  1  4060.79  992
O16 	14895.1 	1.37248  1  1510.43  3685
O16 	14895.1 	0.370842  1  -4086.95  9535
O16 	14895.1 	0.23647  1  1949.97  3214
O16 	14895.1 	1.14751  1  1877.18  3292
O16 	14895.1 	0.305827  1  2186.31  2892
O16 	14895.1 	0.343857  1  572.036  4581
O16 	14895.1 	0.22749  1  -4882.22  10313
O16 	14895.1 	0.204527  1  1538.74  3654
O16 	14895.1 	0.287591  1  -61.0628  5226
O16 	14895.1 	1.55064  1  -3955.82  9205
O16 	14895.1 	0.461711  1  2211.95  2901
O16 	14895.1 	0.245968  1  1869.5  3288
O16 	14895.1 	0.394102  1  945.556  4296
O16 	14895.1 	0.19756  1  -2157.77  7560
O16 	14895.1 	0.278811  1  -313.848  5500
O16 	14895.1 	0.464573  1  -3702.77  9262
O16 	14895.1 	0.4572  1  316.837  4970
O16 	14895.1 	0.558263  1  713.062  4470
O16 	14895.1 	0.198518  1  2067.2  3104
O16 	14895.1 	0.416799  1  3838.15  1234
O16 	14895.1 	0.687076  1  2199.98  2882
O16 	14895.1 	0.321785  1  4994.97  12
O16 	14895.1 	0.191476  1  4692.13  328
O16 	14895.1 	0.220474  1  -2984.79  8309
O16 	14895.1 	0.292925  1  602.771  4682
O16 	14895.1 	0.229069  1  -4713.3  10112
O16 	14895.1 	1.89389  1  -4512.73  9930
O16 	14895.1 	0.400542  1  -4289.1  9801
O16 	14895.1 	0.189283  1  -1473.47  6724
O16 	14895.1 	0.924127  1  -817.362  6109
O16 	14895.1 	0.214408  1  -1675.09  7076
O16 	14895.1 	0.256197  1  3485.37  1609
O16 	14895.1 	0.906257  1  -3990.07  9443
O16 	14895.1 	0.207844  1  -2456.29  7829
O16 	14895.1 	0.198172  1  -3767.82  9282
O16 	14895.1 	0.588339  1  3745.68  1339
O16 	14895.1 	0.35275  1  1775.11  3387
O16 	14895.1 	0.305705  1  4824.03  180
O16 	14895.1 	0.209438  1  506.969  4668
O16 	14895.1 	0.774082  1  4689.41  322
O16 	14895.1 	0.198328  1  -4540.99  10088
O16 	14895.1 	0.264507  1  -3728.71  9111
O16 	14895.1 	1.02276  1  778.629  4390
O16 	14895.1 	0.307018  1  -328.455  5554
O16 	14895.1 	1.12107  1  4782.17  212
O16 	14895.1 	0.348872  1  -1110.58  6372
O16 	14895.1 	0.251277  1  4312.31  734
O16 	14895.1 	0.227619  1  4084.64  978
O16 	14895.1 	0.333718  1  4134.48  877
O16 	14895.1 	1.03293  1  3576.5  1581
O16 	14895.1 	0.251498  1  -2977.58  8388
O16 	14895.1 	0.656952  1  -4997.5  10465
O16 	14895.1 	0.404032  1  1387.09  3759
O16 	14895.1 	0.202702  1  -3165.06  8599
O16 	14895.1 	0.412935  1  -2644.61  8068
O16 	14895.1 	0.756344  1  -3226.27  8683
O16 	14895.1 	1.27626  1  -1129.79  6434
O16 	14895.1 	0.394439  1  3625.99  1424
O16 	14895.1 	0.262156  1  -982.957  6477
O16 	14895.1 	0.39019  1  3003.95  2097
O16 	14895.1 	0.234266  1  3678.84  1460
O16 	14895.1 	0.759517  1  2874.13  2296
O16 	14895.1 	0.278662  1  2119.47  3098
O16 	14895.1 	0.455884  1  4664.23  357
O16 	14895.1 	0.198041  1  4090.56  925
O16 	14895.1 	0.722655  1  2924  2144
O16 	14895.1 	0.352986  1  -581.922  5935
O16 	14895.1 	0.232016  1  2555.91  2535
O16 	14895.1 	0.471927  1  -3986.43  9455
O16 	14895.1 	0.459279  1  2514.65  2603
O16 	14895.1 	0.537807  1  -1702.88  7072
O16 	14895.1 	0.468586  1  1709.69  3422
O16 	14895.1 	0.465765  1  3336.57  1736
O16 	14895.1 	0.415313  1  373.842  4885
O16 	14895.1 	0.252465  1  3265.8  1814
O16 	14895.1 	0.245965  1  2077.75  3230
O16 	14895.1 	0.300808  1  1357.73  3772
O16 	14895.1 	0.205612  1  829.59  4380
O16 	14895.1 	0.222154  1  385.231  4912
O16 	14895.1 	0.334718  1  3995.61  1069
O16 	14895.1 	0.223084  1  -3288.7  8768
O16 	14895.1 	0.210574  1  -3736.07  9286
O16 	14895.1 	0.23587  1  -3185.62  8738
O16 	14895.1 	0.888786  1  2624.55  2533
O16 	14895.1 	0.232271  1  504.851  4850
O16 	14895.1 	0.604037  1  1049.07  4090
O16 	14895.1 	1.17713  1  976.125  4246
O16 	14895.1 	0.602634  1  431.891  4761
O16 	14895.1 	0.710581  1  3584.32  1533
O16 	14895.1 	0.272635  1  -1848.22  7315
O16 	14895.1 	0.274661  1  -4628.82  10222
O16 	14895.1 	0.48351  1  -4271.81  9708
O16 	14895.1 	0.279242  1  -2412.32  7902
O16 	14895.1 	0.421636  1  2586.09  2474
O16 	14895.1 	0.257527  1  2139.85  2967
O16 	14895.1 	0.365705  1  2281.12  2884
O16 	14895.1 	0.770187  1  -357.269  5676
O16 	14895.1 	0.260606  1  3139.67  1925
O16 	14895.1 	0.319055  1  -2907.73  8410
O16 	14895.1 	0.771053  1  3226.43  1808
O16 	14895.1 	0.661784  1  -305.749  5523
O16 	14895.1 	0.824391  1  -4128.95  9598
O16 	14895.1 	0.28169  1  73.2576  5175
O16 	14895.1 	0.401866  1  -2633.45  8085
O16 	14895.1 	0.199962  1  -1477.4  6901
O16 	14895.1 	0.450931  1  727.042  4530
O16 	14895.1 	0.281412  1  -4676.23  10290
O16 	14895.1 	0.698663  1  -1058.7  6481
O16 	14895.1 	0.484391  1  -1166.72  6373
O16 	14895.1 	0.253322  1  -1885.23  7110
O16 	14895.1 	0.567689  1  4730.37  266
O16 	14895.1 	0.216833  1  3216.32  1884
O16 	14895.1 	0.249657  1  2913.4  2232
O16 	14895.1 	0.296702  1  -4757.1  10284
O16 	14895.1 	0.323624  1  3764.08  1261
O16 	14895.1 	0.196565  1  -1432.12  6525
O16 	14895.1 	0.544781  1  2817.29  2273
O16 	14895.1 	2.4333  1  -1836.65  7142
O16 	14895.1 	0.244384  1  3710.2  1377
O16 	14895.1 	0.339769  1  -3688.3  9173
O16 	14895.1 	0.531828  1  -2903.22  8423
O16 	14895.1 	0.221662  1  -776.76  6042
O16 	14895.1 	0.216831  1  2096.45  3130
O16 	14895.1 	0.261002  1  -4045.87  9561
O16 	14895.1 	0.811289  1  -2.68538  5252
O16 	14895.1 	0.220326  1  4040.13  1006
O16 	14895.1 	0.27462  1  -395.684  5672
O16 	14895.1 	0.192671  1  -3040.05  8516
O16 	14895.1 	0.938805  1  -562.479  5954
O16 	14895.1 	0.287917  1  3101.01  2011
O16 	14895.1 	6.58472  1  3290.81  1814
O16 	14895.1 	0.632571  1  3756.52  1335
O16 	14895.1 	1.71907  1  -468.094  5725
O16 	14895.1 	0.272802  1  3702.66  1381
O16 	14895.1 	0.513894  1  4946.88  50
O16 	14895.1 	6.21836  1  3294.66  1831
O16 	14895.1 	0.933935  1  -848.17  6142
O16 	14895.1 	0.252554  1  -2427.14  7783
O16 	14895.1 	0.396791  1  -176.29  5431
O16 	14895.1 	0.203158  1  -2729.64  8078
O16 	14895.1 	0.46458  1  -2731.91  8163
O16 	14895.1 	0.307565  1  -3072.58  8519
O16 	14895.1 	0.469031  1  1134.37  4144
O16 	14895.1 	0.21361  1  2866.78  2328
O16 	14895.1 	0.300608  1  4936.03  67
O16 	14895.1 	0.485288  1  1234.35  4091
O16 	14895.1 	0.259995  1  309.588  4949
O16 	14895.1 	0.218753  1  3833.61  1222
O16 	14895.1 	0.296248  1  2073.89  3101
O16 	14895.1 	0.611338  1  2228.41  2994
O16 	14895.1 	0.524781  1  2676.2  2535
O16 	14895.1 	0.515358  1  -1919.45  7372
O16 	14895.1 	0.694217  1  3615.33  1367
O16 	14895.1 	0.446715  1  2991.54  2052
O16 	14895.1 	0.323571  1  -3671.4  9197
O16 	14895.1 	0.828141  1  1605.23  3585
O16 	14895.1 	0.716987  1  -1896.13  7297
O16 	14895.1 	1.64841  1  3026.99  2073
O16 	14895.1 	0.228895  1  929.483  4274
O16 	14895.1 	1.18454  1  2270.86  2867
O16 	14895.1 	0.63667  1  -642.303  5864
O16 	14895.1 	0.195731  1  -3103.66  8667
O16 	14895.1 	0.250037  1  -1685.78  6863
O16 	14895.1 	0.900629  1  -3761.69  9147
O16 	14895.1 	0.197635  1  1288.75  3980
O16 	14895.1 	0.439434  1  -3006.46  8492
O16 	14895.1 	0.212415  1  -1837.02  7321
O16 	14895.1 	0.227332  1  4532.09  493
O16 	14895.1 	0.71715  1  2866.42  2269
O16 	14895.1 	0.192174  1  -2335.72  7620
O16 	14895.1 	0.251498  1  -1645.38  6921
O16 	14895.1 	0.219895  1  4310.31  682
O16 	14895.1 	0.45798  1  -472.945  5741
O16 	14895.1 	0.234843  1  -3447.15  8801
O16 	14895.1 	0.63173  1  -4419.15  9905
O16 	14895.1 	0.206011  1  1273.61  3925
O16 	14895.1 	0.394792  1  4499.56  553
O16 	14895.1 	0.482561  1  -2339.92  7863
O16 	14895.1 	0.339736  1  1505.46  3638
O16 	14895.1 	0.555742  1  27.1659  5304
O16 	14895.1 	0.294726  1  144.851  5186
O16 	14895.1 	0.227543  1  -442.674  5736
O16 	14895.1 	0.203608  1  1156.3  4131
O16 	14895.1 	0.232144  1  1168.72  4010
O16 	14895.1 	1.62752  1  4228.57  835
O16 	14895.1 	0.504185  1  3429.57  1669
O16 	14895.1 	0.302408  1  2737.13  2318
O16 	14895.1 	0.511407  1  490.484  4747
O16 	14895.1 	0.244731  1  -2492.68  7800
O16 	14895.1 	0.218056  1  -3178.78  8574
O16 	14895.1 	0.843863  1  3217.62  1890
O16 	14895.1 	0.781524  1  4257.32  822
O16 	14895.1 	0.194921  1  -2515.22  7869
O16 	14895.1 	0.469773  1  -4758.82  10304
O16 	14895.1 	0.390199  1  4194.28  818
O16 	14895.1 	0.367395  1  -4637.19  10313
O16 	14895.1 	0.219205  1  -1530.96  6746
O16 	14895.1 	0.357826  1  -813.13  6119
O16 	14895.1 	0.627293  1  -4636.23  10091
O16 	14895.1 	0.778038  1  -2114.73  7488
O16 	14895.1 	0.30111  1  3973.6  1052
O16 	14895.1 	0.200219  1  1354.72  3966
O16 	14895.1 	0.81825  1  1744.61  3372
O16 	14895.1 	0.212515  1  -4941.47  10294
O16 	14895.1 	0.485808  1  4453.49  508
O16 	14895.1 	0.690333  1  4508.89  557
O16 	14895.1 	0.258625  1  4361.8  668
O16 	14895.1 	0.852862  1  -2012.92  7370
O16 	14895.1 	0.225596  1  -3789.78  9101
O16 	14895.1 	0.356505  1  -4724.78  10151
O16 	14895.1 	0.276226  1  1774.28  3319
O16 	14895.1 	0.670822  1  1676.72  3427
O16 	14895.1 	0.324919  1  -3155.39  8606
O16 	14895.1 	0.410877  1  -633.15  5959
O16 	14895.1 	1.0712  1  -1608.41  6938
O16 	14895.1 	0.37035  1  1953.91  3222
O16 	14895.1 	0.484644  1  4969.52  40
O16 	14895.1 	0.338307  1  -966.46  6410
O16 	14895.1 	0.257929  1  2555.14  2571
O16 	14895.1 	0.647485  1  -3302.34  8508
O16 	14895.1 	0.555955  1  2994.72  2060
O16 	14895.1 	0.21051  1  4256.07  755
O16 	14895.1 	0.836962  1  4475.54  597
O16 	14895.1 	0.202799  1  3600.42  1517
O16 	14895.1 	1.14798  1  -1985.91  7385
O16 	14895.1 	0.525766  1  7.00269  5240
O16 	14895.1 	0.202306  1  -4636.59  10184
O16 	14895.1 	0.272044  1  -1049.83  6489
O16 	14895.1 	0.247781  1  1613.65  3509
O16 	14895.1 	0.230701  1  3263.82  1814
O16 	14895.1 	0.20033  1  -4910.06  10204
O16 	14895.1 	0.206253  1  1412.32  3867
O16 	14895.1 	0.25963  1  1931.1  3197
O16 	14895.1 	0.224368  1  3212.6  1869
O16 	14895.1 	0.574042  1  -4829.45  10300
O16 	14895.1 	0.25707  1  4629.36  376
O16 	14895.1 	0.246316  1  -1429.7  6547
O16 	14895.1 	5.24391  1  1822.23  3380
O16 	14895.1 	0.283934  1  942.899  4395
O16 	14895.1 	0.299057  1  2412.3  2784
O16 	14895.1 	0.337016  1  1717.52  3509
O16 	14895.1 	0.386004  1  -1555.83  6743
O16 	14895.1 	0.345711  1  -1027.44  6370
O16 	14895.1 	0.191076  1  -1384.25  6798
O16 	14895.1 	0.208859  1  3410.96  1660
O16 	14895.1 	0.686346  1  -4789.3  10405
O16 	14895.1 	1.3167  1  4582.03  435
O16 	14895.1 	0.280053  1  -1027.78  6387
O16 	14895.1 	0.195787  1  -4882.23  10401
O16 	14895.1 	3.25223  1  -1286.51  6690
O16 	14895.1 	0.222731  1  -2810.96  8242
O16 	14895.1 	0.414079  1  808.796  4373
O16 	14895.1 	0.356525  1  -4897.95  10410
O16 	14895.1 	1.00565  1  -891.164  6230
O16 	14895.1 	0.189514  1  -831.727  6161
O16 	14895.1 	0.88503  1  -4182.87  9816
O16 	14895.1 	0.20696  1  722.968  4607
O16 	14895.1 	1.6753  1  203.071  5051
O16 	14895.1 	0.228772  1  -4093.13  9745
O16 	14895.1 	0.874581  1  41.7494  5375
O16 	14895.1 	0.263766  1  1006.45  4045
O16 	14895.1 	0.245331  1  -1216.09  6593
O16 	14895.1 	0.255247  1  4791.62  225
O16 	14895.1 	0.260578  1  -2242.97  7695
O16 	14895.1 	0.219231  1  112  5012
O16 	14895.1 	1.96644  1  -306.226  5636
O16 	14895.1 	0.717609  1  -4270.79  9570
O16 	14895.1 	0.413953  1  -4627.03  9967
O16 	14895.1 	0.249941  1  -3859.34  9391
O16 	14895.1 	0.295237  1  4619.47  380
O16 	14895.1 	0.621591  1  3696.75  1374
O16 	14895.1 	0.240273  1  -4912.55  10473
O16 	14895.1 	0.228217  1  1438.33  3677
O16 	14895.1 	2.19539  1  -2395.11  7682
O16 	14895.1 	0.250401  1  -4299.54  9948
O16 	14895.1 	0.237108  1  1298.58  3937
O16 	14895.1 	0.337583  1  990.667  4326
O16 	14895.1 	0.450869  1  -3836.21  9325
O16 	14895.1 	0.232242  1  -2803.76  8258
O16 	14895.1 	0.503498  1  -3220.58  8536
O16 	14895.1 	0.26666  1  -2006.7  7424
O16 	14895.1 	0.228082  1  2148.75  2994
O16 	14895.1 	0.35533  1  2888.33  2259
O16 	14895.1 	0.484141  1  263.477  4952
O16 	14895.1 	0.249231  1  3513.54  1590
O16 	14895.1 	0.25716  1  -3710.55  9115
O16 	14895.1 	0.581135  1  -1198.35  6486
O16 	14895.1 	0.223179  1  1577.65  3514
O16 	14895.1 	0.233052  1  2199.7  2907
O16 	14895.1 	1.14477  1  -51.8197  5213
O16 	14895.1 	0.481315  1  648.022  4604
O16 	14895.1 	0.253022  1  3314.18  1752
O16 	14895.1 	0.241342  1  -4189.56  9746
O16 	14895.1 	0.25325  1  -4892.82  10454
O16 	14895.1 	0.30089  1  -3239.15  8559
O16 	14895.1 	0.246689  1  2104.51  3120
O16 	14895.1 	0.415956  1  3127.83  2058
O16 	14895.1 	0.228683  1  -2413.68  7709
O16 	14895.1 	0.239807  1  -103.185  5349
O16 	14895.1 	0.217674  1  -190.32  5526
O16 	14895.1 	0.434028  1  -2314.85  7691
O16 	14895.1 	0.701014  1  -4766.69  10155
O16 	14895.1 	0.209423  1  3729.75  1353
O16 	14895.1 	0.650175  1  2664.77  2461
O16 	14895.1 	0.24757  1  -965.254  6331
O16 	14895.1 	0.230419  1  2256.03  2884
O16 	14895.1 	0.193136  1  2223.3  2961
O16 	14895.1 	0.19491  1  3681.41  1368
O16 	14895.1 	0.358  1  -3835.8  9258
O16 	14895.1 	0.3268  1  -3326.26  8627
O16 	14895.1 	0.227807  1  -3514.37  8893
O16 	14895.1 	0.91581  1  3030.58  2078
O16 	14895.1 	0.710902  1  3220.44  1892
O16 	14895.1 	0.263943  1  -1455.08  7000
O16 	14895.1 	0.226629  1  3685.57  1390
O16 	14895.1 	1.33702  1  -3507.68  8933
O16 	14895.1 	0.188371  1  -1909.47  7240
O16 	14895.1 	0.212326  1  -1463.88  6754
O16 	14895.1 	0.359323  1  35.6363  5212
O16 	14895.1 	0.358482  1  -4780.75  10365
O16 	14895.1 	0.67462  1  1495.82  3688
O16 	14895.1 	0.209624  1  -4041.52  9652
O16 	14895.1 	0.303175  1  4913.48  79
O16 	14895.1 	0.224593  1  -2073.86  7508
O16 	14895.1 	0.220887  1  -3054.57  8566
O16 	14895.1 	0.382475  1  905.964  4324
O16 	14895.1 	0.304093  1  3707.6  1317
O16 	14895.1 	0.335634  1  3814.71  1212
O16 	14895.1 	0.235927  1  1888.43  3238
O16 	14895.1 	0.476045  1  -1245.19  6501
O16 	14895.1 	0.213601  1  865.028  4400
O16 	14895.1 	0.280912  1  -652.017  5981
O16 	14895.1 	0.313779  1  3652.67  1419
O16 	14895.1 	0.419795  1  -3797.03  9202
O16 	14895.1 	0.233247  1  4187.64  859
O16 	14895.1 	0.335597  1  -2700.95  8034
O16 	14895.1 	0.337651  1  -522.347  5789
O16 	14895.1 	0.331822  1  -2855.72  8421
O16 	14895.1 	0.573098  1  2027.95  3126
O16 	14895.1 	0.280549  1  -4274.56  9865
O16 	14895.1 	0.407217  1  2850.96  2242
O16 	14895.1 	0.358088  1  3851.71  1251
O16 	14895.1 	0.414399  1  4604.29  426
O16 	14895.1 	0.275467  1  1569.9  3690
O16 	14895.1 	0.938632  1  -3982.31  9393
O16 	14895.1 	1.74885  1  664.669  4664
O16 	14895.1 	1.38503  1  4629.14  357
O16 	14895.1 	0.246598  1  -2286.54  7648
O16 	14895.1 	0.24866  1  -3675.76  9218
O16 	14895.1 	0.195679  1  3261.49  1872
O16 	14895.1 	0.587501  1  2429.12  2758
O16 	14895.1 	0.277822  1  -3844.36  9323
O16 	14895.1 	0.309875  1  4542.31  498
O16 	14895.1 	0.544012  1  3756.19  1353
O16 	14895.1 	3.45753  1  -498.086  5942
O16 	14895.1 	0.375277  1  -500.379  5783
O16 	14895.1 	0.289669  1  2430.77  2751
O16 	14895.1 	0.197553  1  -4777.31  10348
O16 	14895.1 	0.369275  1  3505.98  1609
O16 	14895.1 	4.18122  1  -1396.54  6843
O16 	14895.1 	0.230341  1  -2944.35  8321
O16 	14895.1 	0.582191  1  -4274.91  9668
O16 	14895.1 	0.621498  1  3048.83  2091
O16 	14895.1 	0.214771  1  -1144.28  6409
O16 	14895.1 	0.212185  1  -1055.32  6468
O16 	14895.1 	1.30243  1  -1154.66  6571
O16 	14895.1 	0.221241  1  3772.68  1287
O16 	14895.1 	0.222934  1  -2542.61  8137
O16 	14895.1 	0.330111  1  4458.17  551
O16 	14895.1 	0.241116  1  2050.65  3076
O16 	14895.1 	0.279451  1  -3125.07  8493
O16 	14895.1 	0.20215  1  -2115.85  7407
O16 	14895.1 	0.40806  1  1410.94  3760
O16 	14895.1 	0.297609  1  4427.98  610
O16 	14895.1 	0.283031  1  -3200.56  8705
O16 	14895.1 	0.367501  1  4402.78  633
O16 	14895.1 	3.27254  1  4213.95  859
O16 	14895.1 	1.91462  1  100.871  5058
O16 	14895.1 	1.14093  1  3466.09  1588
O16 	14895.1 	0.59024  1  1044.27  4128
O16 	14895.1 	0.483259  1  -930.952  6377
O16 	14895.1 	0.194251  1  1931.39  3192
O16 	14895.1 	0.195162  1  -841.459  5999
O16 	14895.1 	0.731576  1  -3921.58  9476
O16 	14895.1 	0.45995  1  4313.25  727
O16 	14895.1 	0.188356  1  4918.37  89
O16 	14895.1 	0.208303  1  3828.38  1256
O16 	14895.1 	0.317078  1  1646.12  3464
O16 	14895.1 	0.20153  1  -3365.71  8786
O16 	14895.1 	0.201456  1  4791.06  209
O16 	14895.1 	0.219798  1  1078.95  4144
O16 	14895.1 	0.499809  1  1650.09  3499
O16 	14895.1 	0.408317  1  -3804.52  9250
O16 	14895.1 	0.578727  1  2090.75  3106
O16 	14895.1 	0.21728  1  -884.161  6204
O16 	14895.1 	0.731665  1  -4812.14  10435
O16 	14895.1 	0.319485  1  1761.77  3481
O16 	14895.1 	0.749473  1  -1120.06  6479
O16 	14895.1 	0.190244  1  -4704.74  10229
O16 	14895.1 	0.215753  1  -4637.72  9930
O16 	14895.1 	0.227672  1  -2727.86  8150
O16 	14895.1 	0.241097  1  1818.24  3304
O16 	14895.1 	0.245117  1  3080.41  2024
O16 	14895.1 	0.229455  1  1909.58  3196
O16 	14895.1 	0.200886  1  1435.83  3847
O16 	14895.1 	0.223325  1  3190.15  1928
O16 	14895.1 	0.325337  1  -255.946  5567
O16 	14895.1 	1.27314  1  1129.74  4122
O16 	14895.1 	0.737007  1  3878.22  1160
O16 	14895.1 	0.269569  1  410.581  4786
O16 	14895.1 	0.305123  1  -827.495  6031
O16 	14895.1 	0.235164  1  2568.26  2580
O16 	14895.1 	0.218661  1  4378.54  617
O16 	14895.1 	0.238376  1  -1213.53  6475
O16 	14895.1 	0.282556  1  2142.23  3039
O16 	14895.1 	0.290503  1  3501.12  1596
O16 	14895.1 	0.440469  1  -2545.33  7899
O16 	14895.1 	0.803463  1  780.49  4317
O16 	14895.1 	0.410217  1  -1996.16  7550
O16 	14895.1 	0.338612  1  -525.75  5866
O16 	14895.1 	0.303387  1  -3480.17  9145
O16 	14895.1 	0.329429  1  -2541.94  7978
O16 	14895.1 	0.312186  1  -1743.83  6989
O16 	14895.1 	0.220157  1  -1871.11  7111
O16 	14895.1 	0.249262  1  914.473  4329
O16 	14895.1 	0.423565  1  -1526.99  6854
O16 	14895.1 	0.939477  1  2781.86  2376
O16 	14895.1 	0.31638  1  -4122.94  9514
O16 	14895.1 	0.227059  1  1372.76  3847
O16 	14895.1 	0.287091  1  -1977.45  7240
O16 	14895.1 	1.20785  1  338.441  5043
O16 	14895.1 	0.245942  1  4433.65  604
O16 	14895.1 	0.240452  1  3927.51  1059
O16 	14895.1 	0.271503  1  286.778  4871
O16 	14895.1 	0.657676  1  -2819.41  8239
O16 	14895.1 	1.11265  1  -871.839  6184
O16 	14895.1 	0.324948  1  3372.67  1737
O16 	14895.1 	0.528293  1  1027.84  4139
O16 	14895.1 	3.21773  1  4542.28  471
O16 	14895.1 	0.253892  1  -3952.5  9402
O16 	14895.1 	0.700654  1  2025.85  3188
O16 	14895.1 	0.264444  1  -1266.93  6659
O16 	14895.1 	3.1901  1  4307.81  744
O16 	14895.1 	0.226213  1  -1719.8  7001
O16 	14895.1 	0.782868  1  367.523  4832
O16 	14895.1 	0.192909  1  -1479.48  6767
O16 	14895.1 	0.286408  1  -2891.82  8400
O16 	14895.1 	0.263854  1  4571.93  467
O16 	14895.1 	0.340342  1  4205.71  863
O16 	14895.1 	0.362306  1  4288.21  726
O16 	14895.1 	0.260952  1  787.856  4465
O16 	14895.1 	0.647117  1  -1266.82  6785
O16 	14895.1 	0.308687  1  -3828.24  9228
O16 	14895.1 	0.194415  1  4310.15  714
O16 	14895.1 	0.730449  1  2954.06  2121
O16 	14895.1 	0.294722  1  -3778.36  9441
O16 	14895.1 	0.353011  1  -4609.98  10114
O16 	14895.1 	0.301778  1  -2233.2  7579
O16 	14895.1 	0.222558  1  790.945  4377
O16 	14895.1 	0.277711  1  -4997.1  10635
O16 	14895.1 	0.529837  1  -3918.65  9367
O16 	14895.1 	0.228642  1  3565.22  1475
O16 	14895.1 	0.610254  1  3924.48  1065
O16 	14895.1 	0.467043  1  1795.09  3307
O16 	14895.1 	0.192245  1  456.582  4714
O16 	14895.1 	0.287083  1  -4545.19  9908
O16 	14895.1 	0.573346  1  1312.67  3852
O16 	14895.1 	0.952139  1  2341.56  2830
O16 	14895.1 	0.248983  1  2234.59  2937
O16 	14895.1 	0.584336  1  -342.339  5750
O16 	14895.1 	0.681089  1  3829.5  1164
O16 	14895.1 	0.220459  1  930.136  4313
O16 	14895.1 	0.639748  1  -2084.34  7453
O16 	14895.1 	0.731793  1  -3917.86  9291
O16 	14895.1 	0.592986  1  -4946.96  10395
O16 	14895.1 	0.224507  1  -4280.92  9801
O16 	14895.1 	0.247546  1  -77.0436  5324
O16 	14895.1 	0.237994  1  -2974.48  8508
O16 	14895.1 	0.278081  1  -3284.04  8817
O16 	14895.1 	0.640109  1  4729.07  323
O16 	14895.1 	0.296548  1  41.9999  5299
O16 	14895.1 	0.30949  1  -4601.86  10140
O16 	14895.1 	1.45645  1  -2606.65  7836
O16 	14895.1 	0.29858  1  -1987.69  7307
O16 	14895.1 	0.256852  1  -4592.39  10007
O16 	14895.1 	0.423461  1  768.717  4555
O16 	14895.1 	0.497197  1  -3383.27  8677
O16 	14895.1 	0.273701  1  -1209.7  6562
O16 	14895.1 	0.372491  1  -3383.4  8931
O16 	14895.1 	0.366455  1  -3796.57  9258
O16 	14895.1 	0.571288  1  -3202.57  8766
O16 	14895.1 	0.3819  1  3808.29  1258
O16 	14895.1 	0.420564  1  -3022.06  8252
O16 	14895.1 	0.217192  1  -4538.36  10027
O16 	14895.1 	0.438651  1  -4123.33  9692
O16 	14895.1 	0.193065  1  -4316.87  9791
O16 	14895.1 	0.202925  1  2641.5  2490
O16 	14895.1 	0.230857  1  1427.81  3729
O16 	14895.1 	0.222337  1  3603.67  1434
O16 	14895.1 	0.430219  1  587.769  4642
O16 	14895.1 	0.331447  1  -4512.91  9998
O16 	14895.1 	0.367389  1  3506.06  1553
O16 	14895.1 	0.290337  1  2677.07  2375
O16 	14895.1 	0.23128  1  2323.12  2837
O16 	14895.1 	0.379776  1  -1105  6320
O16 	14895.1 	0.236816  1  -2109.68  7481
O16 	14895.1 	0.582834  1  -4396.53  9832
O16 	14895.1 	0.347549  1  3291.19  1752
O16 	14895.1 	0.3377  1  2169.53  3005
O16 	14895.1 	0.190873  1  92.9765  5144
O16 	14895.1 	0.270484  1  -2181.08  7560
O16 	14895.1 	0.195566  1  -2551.1  7848
O16 	14895.1 	0.306017  1  -759.628  6110
O16 	14895.1 	1.23867  1  386.786  4783
O16 	14895.1 	2.98894  1  -2545.07  8104
O16 	14895.1 	0.425262  1  1479.68  3775
O16 	14895.1 	0.233892  1  3547.86  1433
O16 	14895.1 	0.194622  1  4876.34  130
O16 	14895.1 	0.237498  1  -655.362  5929
O16 	14895.1 	0.285017  1  -310.806  5514
O16 	14895.1 	0.405057  1  4645.08  390
O16 	14895.1 	1.77514  1  -958.863  6230
O16 	14895.1 	0.368869  1  -551.372  5832
O16 	14895.1 	0.65367  1  -2901.03  8268
O16 	14895.1 	0.429325  1  -1549.78  6786
O16 	14895.1 	0.513885  1  -1563.03  6796
O16 	14895.1 	0.215233  1  -909.857  6257
O16 	14895.1 	0.458378  1  -3053.54  8514
O16 	14895.1 	0.319516  1  -563.897  5849
O16 	14895.1 	0.1995  1  1938.43  3197
O16 	14895.1 	0.219954  1  -78.2147  5338
O16 	14895.1 	0.195057  1  -4460.28  10052
O16 	14895.1 	0.676505  1  -1150.69  6393
O16 	14895.1 	0.458553  1  1862.5  3223
O16 	14895.1 	0.26029  1  4945.08  67
O16 	14895.1 	0.191713  1  -845.369  6056
O16 	14895.1 	0.249781  1  -2219.43  7522
O16 	14895.1 	0.597316  1  -2461.27  7774
O16 	14895.1 	0.257284  1  -1076.27  6269
O16 	14895.1 	0.238396  1  -2029.32  7392
O16 	14895.1 	0.260754  1  -4759.31  10178
O16 	14895.1 	0.380088  1  -3871.01  9408
O16 	14895.1 	0.818677  1  -881.355  6161
O16 	14895.1 	0.285873  1  -24.6835  5264
O16 	14895.1 	0.623219  1  856.612  4412
O16 	14895.1 	0.277107  1  1931.93  3148
O16 	14895.1 	0.376181  1  -39.8058  5285
O16 	14895.1 	0.189656  1  3276.83  1781
O16 	14895.1 	0.202465  1  1551.42  3572
O16 	14895.1 	0.362738  1  1212.49  3989
O16 	14895.1 	0.34901  1  -2039.67  7323
O16 	14895.1 	0.252077  1  -551.894  5793
O16 	14895.1 	0.212104  1  4579.2  459
O16 	14895.1 	3.17876  1  3326.58  1757
O16 	14895.1 	0.294868  1  -2195.63  7625
O16 	14895.1 	0.669695  1  3130.32  2066
O16 	14895.1 	0.192526  1  2214.07  2958
O16 	14895.1 	0.240429  1  3198.39  1866
O16 	14895.1 	0.253956  1  2463.78  2632
O16 	14895.1 	0.791671  1  3977.15  1004
O16 	14895.1 	0.231751  1  -3229.49  8610
O16 	14895.1 	0.700981  1  -4056.83  9426
O16 	14895.1 	0.56649  1  4136.93  881
O16 	14895.1 	0.304522  1  1732.08  3481
O16 	14895.1 	0.218927  1  605.393  4519
O16 	14895.1 	0.599212  1  2952.93  2167
O16 	14895.1 	0.373931  1  4499.05  551
O16 	14895.1 	0.488463  1  -4678.73  10201
O16 	14895.1 	1.43807  1  3214.11  1880
O16 	14895.1 	0.227258  1  287.661  4916
O16 	14895.1 	0.276177  1  3631.3  1416
O16 	14895.1 	0.257558  1  2473.89  2683
O16 	14895.1 	11.5588  1  -767.122  6138
O16 	14895.1 	0.48128  1  3459.21  1698
O16 	14895.1 	0.27319  1  4957.72  47
O16 	14895.1 	0.510779  1  4899.18  99
O16 	14895.1 	0.249396  1  -24.6428  5154
O16 	14895.1 	0.442666  1  -3361.91  8676
O16 	14895.1 	1.19584  1  4860.38  130
O16 	14895.1 	0.391671  1  -2443.67  7765
O16 	14895.1 	0.558636  1  3746.05  1291
O16 	14895.1 	0.190429  1  -2284.06  7678
O16 	14895.1 	1.04347  1  3190.59  1920
O16 	14895.1 	0.20536  1  -2673.99  8096
O16 	14895.1 	0.215868  1  4594.26  416
O16 	14895.1 	0.229743  1  783.409  4417
O16 	14895.1 	0.462593  1  -1981.67  7269
O16 	14895.1 	0.566953  1  -3333.23  8695
O16 	14895.1 	1.53297  1  -3132.61  8365
O16 	14895.1 	0.257695  1  -3609.36  9122
O16 	14895.1 	0.22996  1  -2863.32  8309
O16 	14895.1 	0.212251  1  1496.17  3611
O16 	14895.1 	0.551673  1  4120.4  912
O16 	14895.1 	0.296518  1  -4030.52  9441
O16 	14895.1 	0.213845  1  -4597.64  10086
O16 	14895.1 	0.29267  1  1997.42  3130
O16 	14895.1 	0.196035  1  476.686  4705
O16 	14895.1 	0.22498  1  -4746.56  10496
O16 	14895.1 	0.581793  1  -6.95248  5322
O16 	14895.1 	6.65576  1  3209.37  1902
O16 	14895.1 	0.204482  1  3484.46  1584
O16 	14895.1 	0.208948  1  4419.08  652
O16 	14895.1 	0.359128  1  -1897.2  7286
O16 	14895.1 	0.202578  1  -4374.83  9851
O16 	14895.1 	0.448541  1  -1888.38  7272
O16 	14895.1 	0.313182  1  -2992.7  8448
O16 	14895.1 	0.36587  1  4165.07  846
O16 	14895.1 	0.272936  1  -2971.87  8301
O16 	14895.1 	0.332538  1  4455.39  596
O16 	14895.1 	0.378498  1  2701.87  2408
O16 	14895.1 	0.222925  1  4180.99  859
O16 	14895.1 	0.197159  1  2083.55  3062
O16 	14895.1 	0.244933  1  1887.34  3277
O16 	14895.1 	0.873579  1  355.823  4820
O16 	14895.1 	0.256584  1  4376.11  646
O16 	14895.1 	0.510521  1  2878.26  2253
O16 	14895.1 	0.275371  1  -1034.42  6259
O16 	14895.1 	0.305398  1  -64.804  5319
O16 	14895.1 	0.270093  1  2269.15  2872
O16 	14895.1 	0.46934  1  -1701.41  7193
O16 	14895.1 	0.280032  1  2596.06  2514
O16 	14895.1 	0.189367  1  2770.48  2297
O16 	14895.1 	0.274873  1  1220.94  3838
O16 	14895.1 	0.739102  1  2534.79  2555
O16 	14895.1 	0.321409  1  2903.52  2169
O16 	14895.1 	1.40599  1  1579.54  3533
O16 	14895.1 	0.212901  1  -237.1  5453
O16 	14895.1 	0.662103  1  -1178.32  6456
O16 	14895.1 	0.375918  1  3230.61  1904
O16 	14895.1 	5.44727  1  -818.781  5886
O16 	14895.1 	0.772595  1  2557.86  2539
O16 	14895.1 	0.285848  1  262.827  4906
O16 	14895.1 	0.66779  1  3199.63  1918
O16 	14895.1 	0.254942  1  3328.72  1707
O16 	14895.1 	0.219964  1  -1670.18  7042
O16 	14895.1 	0.335383  1  1118.68  3992
O16 	14895.1 	0.247818  1  980.462  4209
O16 	14895.1 	0.191217  1  -4638.46  10183
O16 	14895.1 	0.496912  1  3928.71  1080
O16 	14895.1 	0.23031  1  860.565  4421
O16 	14895.1 	0.660411  1  4982.69  19
O16 	14895.1 	0.258829  1  -3410.34  8779
O16 	14895.1 	0.47369  1  -259.338  5599
O16 	14895.1 	0.304613  1  1886.75  3308
O16 	14895.1 	0.477773  1  -264.151  5427
O16 	14895.1 	0.198112  1  4936.36  62
O16 	14895.1 	0.338373  1  4889.62  118
O16 	14895.1 	0.235348  1  -3213.65  8639
O16 	14895.1 	0.596706  1  -2627.42  7988
O16 	14895.1 	0.7727  1  -1343.63  6649
O16 	14895.1 	2.48594  1  -1062.83  6351
O16 	14895.1 	0.412182  1  -3918.23  9244
O16 	14895.1 	0.203054  1  -4942.74  10369
O16 	14895.1 	1.71933  1  4230.3  824
O16 	14895.1 	0.29818  1  843.205  4278
O16 	14895.1 	0.241792  1  681.13  4540
O16 	14895.1 	0.288581  1  -2152.62  7491
O16 	14895.1 	0.251902  1  -1057.19  6325
O16 	14895.1 	0.206547  1  3657.32  1408
O16 	14895.1 	0.43028  1  -4392.32  9645
O16 	14895.1 	0.349694  1  -3574.01  8943
O16 	14895.1 	0.365045  1  1010.35  4160
O16 	14895.1 	0.20648  1  -2550.22  7943
O16 	14895.1 	0.283332  1  4581.93  471
O16 	14895.1 	0.846921  1  -673.877  6039
O16 	14895.1 	0.232791  1  -3521.5  9090
O16 	14895.1 	0.19555  1  -3055.98  8499
O16 	14895.1 	0.216968  1  -2809.96  8166
O16 	14895.1 	0.343022  1  -1723.61  6985
O16 	14895.1 	0.191165  1  4458.47  554
O16 	14895.1 	0.21253  1  -3055.26  8371
O16 	14895.1 	0.195544  1  -441.615  5901
O16 	14895.1 	0.29047  1  4119.28  888
O16 	14895.1 	0.206375  1  1023.54  4287
O16 	14895.1 	0.211846  1  -1092.5  6305
O16 	14895.1 	1.69257  1  2103.57  3064
O16 	14895.1 	0.257656  1  4231.6  844
O16 	14895.1 	0.278717  1  -3848.28  9361
O16 	14895.1 	0.224924  1  -1594.41  7009
O16 	14895.1 	0.225274  1  -4911.83  10537
O16 	14895.1 	16.721  1  1476.07  3727
O16 	14895.1 	0.266375  1  -2553.05  7988
O16 	14895.1 	0.444522  1  784.705  4447
O16 	14895.1 	0.202966  1  -157.183  5473
O16 	14895.1 	0.383643  1  1831.44  3286
O16 	14895.1 	0.829219  1  1721.36  3516
O16 	14895.1 	0.405485  1  -414.809  5780
O16 	14895.1 	0.454194  1  1982.71  3159
O16 	14895.1 	0.201807  1  125.476  5088
O16 	14895.1 	0.351502  1  -167.596  5394
O16 	14895.1 	0.448177  1  -987.044  6281
O16 	14895.1 	1.86903  1  -3351.44  8780
O16 	14895.1 	0.375214  1  4626.69  404
O16 	14895.1 	0.496643  1  3770.7  1344
O16 	14895.1 	0.339404  1  3241.9  1789
O16 	14895.1 	0.203894  1  1438.38  3868
O16 	14895.1 	0.338691  1  -4551.43  10173
O16 	14895.1 	0.204033  1  -248.686  5467
O16 	14895.1 	0.589364  1  797.346  4444
O16 	14895.1 	0.198619  1  800.66  4405
O16 	14895.1 	0.590007  1  -4253.92  9667
O16 	14895.1 	0.424206  1  44.66  5298
O16 	14895.1 	0.603897  1  4045.41  1038
O16 	14895.1 	0.229178  1  -1659.17  6883
O16 	14895.1 	0.675951  1  -4855.35  10293
O16 	14895.1 	0.846424  1  4166.33  850
O16 	14895.1 	0.203632  1  -3547.4  8962
O16 	14895.1 	0.511377  1  4490.71  556
O16 	14895.1 	0.32063  1  -1133.32  6476
O16 	14895.1 	0.459479  1  -2990.8  8390
O16 	14895.1 	4.55383  1  659.923  4557
O16 	14895.1 	0.310696  1  -3092.46  8581
O16 	14895.1 	0.202077  1  3894.02  1128
O16 	14895.1 	0.191448  1  -3778.19  9191
O16 	14895.1 	0.493652  1  -2096.15  7455
O16 	14895.1 	0.241475  1  -587.662  5877
O16 	14895.1 	0.66266  1  4923.31  78
O16 	14895.1 	0.304217  1  595.227  4688
O16 	14895.1 	0.342929  1  3982.85  1079
O16 	14895.1 	0.229467  1  -4168.13  9678
O16 	14895.1 	0.569875  1  3023.67  2100
O16 	14895.1 	0.822999  1  2116.2  3099
O16 	14895.1 	0.713108  1  212.946  5006
O16 	14895.1 	0.2642  1  480.149  4816
O16 	14895.1 	0.751802  1  3333.26  1808
O16 	14895.1 	0.355802  1  2775.1  2397
O16 	14895.1 	0.804719  1  -314.613  5644
O16 	14895.1 	0.348408  1  -1408.13  6831
O16 	14895.1 	0.481184  1  -1309.22  6609
O16 	14895.1 	0.820419  1  -1590.37  6965
O16 	14895.1 	0.464449  1  4137.76  922
O16 	14895.1 	0.528801  1  3044.86  1996
O16 	14895.1 	0.26704  1  3384.6  1693
O16 	14895.1 	0.270972  1  -3276.48  8676
O16 	14895.1 	0.203691  1  1510.42  3774
O16 	14895.1 	0.232082  1  -657.079  5966
O16 	14895.1 	0.288088  1  2125.91  2964
O16 	14895.1 	0.287  1  -4072.12  9506
O16 	14895.1 	0.395624  1  -126.101  5434
O16 	14895.1 	1.18398  1  2229.3  2938
O16 	14895.1 	0.223135  1  -3522.91  9055
O16 	14895.1 	0.327699  1  858.27  4327
O16 	14895.1 	0.322045  1  3865.01  1242
O16 	14895.1 	0.236417  1  2799.1  2334
O16 	14895.1 	0.422724  1  -2838.23  8278
O16 	14895.1 	0.398463  1  -1066.3  6479
O16 	14895.1 	0.448524  1  2275.14  2766
O16 	14895.1 	0.290846  1  1903.16  3169
O16 	14895.1 	0.206793  1  3775.82  1310
O16 	14895.1 	0.220614  1  -437.052  5727
O16 	14895.1 	0.222556  1  -2513.42  7862
O16 	14895.1 	0.553957  1  79.972  5154
O16 	14895.1 	0.317569  1  -36.8418  5302
O16 	14895.1 	0.334918  1  -804.007  6164
O16 	14895.1 	0.365503  1  -793.192  6142
O16 	14895.1 	0.306324  1  2013.17  3214
O16 	14895.1 	0.228842  1  3152.03  1983
O16 	14895.1 	1.30023  1  -3988.46  9466
O16 	14895.1 	0.347188  1  -2337.88  7887
O16 	14895.1 	0.516264  1  2543.21  2526
O16 	14895.1 	0.760764  1  3096.99  2063
O16 	14895.1 	6.52031  1  -1235.09  6641
O16 	14895.1 	0.194748  1  -3738.47  9211
O16 	14895.1 	0.264719  1  1576.94  3669
O16 	14895.1 	0.226062  1  -3937.45  9404
O16 	14895.1 	0.380303  1  -4994.99  10462
O16 	14895.1 	0.708772  1  -604.669  5968
O16 	14895.1 	0.550075  1  -3049.29  8567
O16 	14895.1 	0.287517  1  1259.9  3946
O16 	14895.1 	0.208451  1  -1033.19  6406
O16 	14895.1 	0.19042  1  -4303.4  9962
O16 	14895.1 	1.03502  1  4755.29  235
O16 	14895.1 	0.36219  1  -812.765  6152
O16 	14895.1 	0.298504  1  3251.92  1921
O16 	14895.1 	0.305633  1  2284.03  2815
O16 	14895.1 	0.241191  1  -81.4912  5406
O16 	14895.1 	0.282535  1  3931.69  1110
O16 	14895.1 	0.301369  1  -3050.69  8426
O16 	14895.1 	0.25926  1  4176.96  889
O16 	14895.1 	0.546816  1  -1495.23  6694
O16 	14895.1 	0.431242  1  -3847.86  9261
O16 	14895.1 	0.461676  1  -3313.22  8755
O16 	14895.1 	0.662812  1  -2947.75  8301
O16 	14895.1 	1.67847  1  -3886.48  9322
O16 	14895.1 	0.543442  1  -1837.29  7121
O16 	14895.1 	0.424698  1  4673.18  366
O16 	14895.1 	0.212387  1  3582.43  1498
O16 	14895.1 	0.887193  1  2976.5  2150
O16 	14895.1 	0.210893  1  -2022.05  7298
O16 	14895.1 	0.556229  1  -970.069  6291
O16 	14895.1 	0.266514  1  3882.43  1164
O16 	14895.1 	0.193541  1  -2933.79  8438
O16 	14895.1 	0.285941  1  2176.01  2981
O16 	14895.1 	0.221055  1  380.877  4841
O16 	14895.1 	0.673536  1  1754.07  3420
O16 	14895.1 	0.801534  1  522.018  4715
