O16 	14895.1 	4.91265  1  -3080.77  8565
O16 	14895.1 	0.702711  1  3399.52  1694
O16 	14895.1 	0.808808  1  -2340.1  7754
O16 	14895.1 	0.193742  1  2275.87  2928
O16 	14895.1 	0.241425  1  792.462  4472
O16 	14895.1 	0.220733  1  2357.94  2744
O16 	14895.1 	0.457307  1  -2956.01  8387
O16 	14895.1 	0.228182  1  -2836.65  8376
O16 	14895.1 	0.207264  1  4488.88  495
O16 	14895.1 	0.483586  1  -1102.3  6332
O16 	14895.1 	0.303406  1  3929.92  1101
O16 	14895.1 	1.45429  1  -2578.28  8194
O16 	14895.1 	0.25353  1  -667.455  6000
O16 	14895.1 	0.468814  1  3522.85  1668
O16 	14895.1 	1.96155  1  -2648.83  8215
O16 	14895.1 	0.460865  1  3253.66  1829
O16 	14895.1 	0.307015  1  -2635.98  7979
O16 	14895.1 	0.236175  1  -953.131  6316
O16 	14895.1 	0.697153  1  1206.9  3979
O16 	14895.1 	0.278488  1  139.969  5001
O16 	14895.1 	0.204938  1  -48.3783  5288
O16 	14895.1 	0.552015  1  -529.956  5882
O16 	14895.1 	0.357461  1  3709.78  1380
O16 	14895.1 	0.401286  1  1262.57  3849
O16 	14895.1 	0.23122  1  4489.59  509
O16 	14895.1 	1.4189  1  2013.74  3061
O16 	14895.1 	0.28674  1  -1363.62  6750
O16 	14895.1 	0.188503  1  2147.46  3013
O16 	14895.1 	0.907419  1  4453.16  597
O16 	14895.1 	0.313667  1  -1821.13  7065
O16 	14895.1 	0.313143  1  -861.09  5982
O16 	14895.1 	1.5092  1  -2897.68  8308
O16 	14895.1 	0.916618  1  965.953  4190
O16 	14895.1 	0.303511  1  -2337.2  7668
O16 	14895.1 	0.362843  1  4759.54  284
O16 	14895.1 	0.198851  1  4426.1  608
O16 	14895.1 	0.188602  1  817.03  4366
O16 	14895.1 	3.03723  1  -3036.47  8552
O16 	14895.1 	0.336856  1  -2217.88  7640
O16 	14895.1 	0.238791  1  -763.577  6128
O16 	14895.1 	0.558009  1  2303.73  2813
O16 	14895.1 	0.348262  1  -1361.72  6552
O16 	14895.1 	0.338392  1  2065.86  3147
O16 	14895.1 	0.228993  1  2165.51  2944
O16 	14895.1 	0.210673  1  -1480.2  6899
O16 	14895.1 	1.75372  1  4830.25  184
O16 	14895.1 	0.194084  1  544.372  4681
O16 	14895.1 	0.243968  1  2323.05  2897
O16 	14895.1 	0.353213  1  959.421  4214
O16 	14895.1 	1.47596  1  951.929  4222
O16 	14895.1 	0.478024  1  -1212.49  6523
O16 	14895.1 	0.230738  1  4008.27  1057
O16 	14895.1 	0.877213  1  3555.35  1483
O16 	14895.1 	0.249246  1  -617.686  5945
O16 	14895.1 	0.196012  1  4892.98  118
O16 	14895.1 	0.545634  1  4780.18  202
O16 	14895.1 	0.257284  1  -2615.95  7954
O16 	14895.1 	0.107709  1  -3236.26  8998
O16 	14895.1 	0.25212  1  -1195.27  6410
O16 	14895.1 	0.609118  1  2699.6  2436
O16 	14895.1 	0.275636  1  3852.78  1243
O16 	14895.1 	0.242541  1  -1664  6961
O16 	14895.1 	0.391672  1  -278.814  5528
O16 	14895.1 	1.62227  1  -131.963  5258
O16 	14895.1 	0.227594  1  4515.32  507
O16 	14895.1 	0.210915  1  874.15  4354
O16 	14895.1 	0.262295  1  -2125.57  7444
O16 	14895.1 	0.21159  1  3643.58  1361
O16 	14895.1 	0.235239  1  3453.38  1641
O16 	14895.1 	0.564719  1  2735.79  2301
O16 	14895.1 	2.57959  1  -2795.38  8365
O16 	14895.1 	0.491391  1  1431.06  3644
O16 	14895.1 	0.468917  1  -1986.29  7468
O16 	14895.1 	1.19988  1  2821.41  2283
O16 	14895.1 	0.331245  1  3887.64  1107
O16 	14895.1 	0.196134  1  -3299.77  8683
O16 	14895.1 	0.463846  1  3081.93  2041
O16 	14895.1 	0.37858  1  -1442.54  6687
O16 	14895.1 	3.53192  1  -2971.56  8576
O16 	14895.1 	0.483726  1  -1927.23  7198
O16 	14895.1 	0.403828  1  4629.66  385
O16 	14895.1 	0.21469  1  738.436  4464
O16 	14895.1 	0.286108  1  3002.76  2122
O16 	14895.1 	0.664352  1  -14.2353  5336
O16 	14895.1 	0.793296  1  -1002.14  6229
O16 	14895.1 	0.22365  1  -2231.62  7673
O16 	14895.1 	0.526765  1  1662.91  3512
O16 	14895.1 	0.240348  1  -2589.22  8127
O16 	14895.1 	0.259308  1  -650.952  5839
O16 	14895.1 	0.240961  1  562.492  4543
O16 	14895.1 	0.601733  1  143.473  5065
O16 	14895.1 	0.221928  1  -2467.87  7926
O16 	14895.1 	0.52997  1  853.261  4320
O16 	14895.1 	0.566741  1  2687.17  2337
O16 	14895.1 	0.195042  1  -2319.92  7817
O16 	14895.1 	0.202116  1  420.652  4743
O16 	14895.1 	0.350129  1  -2229.16  7505
O16 	14895.1 	0.61885  1  -2960.97  8391
O16 	14895.1 	0.269391  1  -855.798  6102
O16 	14895.1 	0.193107  1  -2224.82  7425
O16 	14895.1 	0.19124  1  -2177.4  7455
O16 	14895.1 	0.205893  1  -2236.27  7484
O16 	14895.1 	0.761201  1  -1102.11  6286
O16 	14895.1 	0.19455  1  -835.889  6096
O16 	14895.1 	0.24128  1  2787.62  2292
O16 	14895.1 	0.730114  1  -1786.4  7121
O16 	14895.1 	0.621762  1  2960.1  2066
O16 	14895.1 	0.210897  1  -995.822  6199
O16 	14895.1 	0.199042  1  -273.749  5477
O16 	14895.1 	0.435777  1  1587.17  3683
O16 	14895.1 	0.421052  1  4906.58  112
O16 	14895.1 	0.394116  1  4372.1  661
O16 	14895.1 	1.48697  1  -1856.77  7201
O16 	14895.1 	0.352448  1  3135.29  1936
O16 	14895.1 	0.253435  1  622.204  4499
O16 	14895.1 	0.476381  1  -86.96  5256
O16 	14895.1 	0.529467  1  4015.49  997
O16 	14895.1 	0.586432  1  2612.94  2557
O16 	14895.1 	0.232909  1  -1357.94  6799
O16 	14895.1 	0.303536  1  -2655.03  8044
O16 	14895.1 	0.341573  1  -2576.42  7908
O16 	14895.1 	0.269559  1  -2267.78  7537
O16 	14895.1 	0.611648  1  3162.2  1915
O16 	14895.1 	0.53827  1  3446.27  1639
O16 	14895.1 	0.240152  1  -61.0878  5283
O16 	14895.1 	0.512359  1  -2623.72  7897
O16 	14895.1 	0.202245  1  453.465  4717
O16 	14895.1 	0.223553  1  3400.05  1658
O16 	14895.1 	0.333874  1  -78.6039  5293
O16 	14895.1 	0.815868  1  1305.66  3822
O16 	14895.1 	0.349316  1  -956.857  6267
O16 	14895.1 	0.260547  1  -1510.91  6821
O16 	14895.1 	1.75776  1  -1350.9  6644
O16 	14895.1 	0.200112  1  323.394  4788
O16 	14895.1 	0.601455  1  -2829.73  8215
O16 	14895.1 	0.454041  1  -339.903  5550
O16 	14895.1 	0.378665  1  4395.27  666
O16 	14895.1 	0.570013  1  2905.77  2201
O16 	14895.1 	0.392125  1  3921.14  1147
O16 	14895.1 	1.51457  1  2090.86  3095
O16 	14895.1 	0.213082  1  3139.18  1934
O16 	14895.1 	1.97495  1  -3119.09  8619
O16 	14895.1 	1.46616  1  2424.25  2772
O16 	14895.1 	0.209019  1  -428.284  5720
O16 	14895.1 	0.39654  1  678.045  4565
O16 	14895.1 	0.27363  1  883.47  4327
O16 	14895.1 	1.81881  1  -1022.63  6407
O16 	14895.1 	0.225615  1  959.656  4183
O16 	14895.1 	0.251427  1  1561.75  3523
O16 	14895.1 	0.439695  1  2674.33  2365
O16 	14895.1 	0.244775  1  -2378.74  7803
O16 	14895.1 	0.350518  1  2794.95  2323
O16 	14895.1 	0.305414  1  894.658  4413
O16 	14895.1 	0.559089  1  3540.53  1538
O16 	14895.1 	0.490095  1  -304.323  5599
O16 	14895.1 	0.26513  1  3546.19  1505
O16 	14895.1 	0.231458  1  3871.63  1146
O16 	14895.1 	0.598167  1  924.685  4278
O16 	14895.1 	0.223377  1  3057.3  2051
O16 	14895.1 	1.04143  1  -2924.4  8231
O16 	14895.1 	0.190522  1  3661.55  1450
O16 	14895.1 	0.216135  1  -2682.82  8152
O16 	14895.1 	0.251396  1  2318.47  2795
O16 	14895.1 	0.369019  1  2557.31  2505
O16 	14895.1 	0.432413  1  -1366.57  6558
O16 	14895.1 	0.357142  1  -256.616  5484
O16 	14895.1 	0.748363  1  -737.119  5870
O16 	14895.1 	1.52126  1  -1913.72  7345
O16 	14895.1 	3.40111  1  -2194.88  7656
O16 	14895.1 	0.874303  1  -1078.19  6475
O16 	14895.1 	0.411611  1  -2984.74  8351
O16 	14895.1 	0.226887  1  3580.93  1428
O16 	14895.1 	0.330763  1  4623.38  421
O16 	14895.1 	0.328272  1  1903.04  3207
O16 	14895.1 	0.196537  1  1386.75  3850
O16 	14895.1 	0.261236  1  4600.39  399
O16 	14895.1 	3.03581  1  -2375.16  7934
O16 	14895.1 	2.51061  1  -1105.07  6213
O16 	14895.1 	0.199277  1  1136.84  4038
O16 	14895.1 	0.463175  1  -1827.5  7274
O16 	14895.1 	0.449753  1  1299.58  3831
O16 	14895.1 	0.68724  1  2790.97  2315
O16 	14895.1 	0.212363  1  1178.05  3989
O16 	14895.1 	0.196457  1  4509.58  490
O16 	14895.1 	0.341226  1  -1903.22  7342
O16 	14895.1 	1.91882  1  -3184.75  8918
O16 	14895.1 	0.19143  1  -217.011  5477
O16 	14895.1 	0.257876  1  -1219.24  6625
O16 	14895.1 	0.925964  1  -3064.35  8434
O16 	14895.1 	14.109  1  2884.5  2213
O16 	14895.1 	0.221972  1  298.517  4971
O16 	14895.1 	0.711823  1  -2843.43  8188
O16 	14895.1 	0.254128  1  1515.9  3641
O16 	14895.1 	0.295122  1  -55.9033  5344
O16 	14895.1 	0.231634  1  4170.42  854
O16 	14895.1 	0.331461  1  2873.23  2177
O16 	14895.1 	0.195398  1  -258.584  5520
O16 	14895.1 	0.338842  1  -2708.11  8023
O16 	14895.1 	0.23787  1  2944.64  2174
O16 	14895.1 	0.233987  1  1516.42  3725
O16 	14895.1 	0.200467  1  -1953.47  7461
O16 	14895.1 	0.619947  1  2288.57  2811
O16 	14895.1 	0.30302  1  -1941.84  7233
O16 	14895.1 	0.362647  1  -426.476  5697
O16 	14895.1 	0.202161  1  -2757.06  8090
O16 	14895.1 	0.195905  1  1938.1  3197
O16 	14895.1 	0.747949  1  -1314.77  6631
O16 	14895.1 	0.18932  1  4938.51  65
O16 	14895.1 	0.228409  1  1838.51  3307
O16 	14895.1 	0.359539  1  -1745.76  7086
O16 	14895.1 	0.277774  1  1109.87  4044
O16 	14895.1 	0.191093  1  3393.09  1624
O16 	14895.1 	0.694324  1  -2679.71  7992
O16 	14895.1 	0.489714  1  3200.78  1899
O16 	14895.1 	0.452185  1  3853.11  1165
O16 	14895.1 	0.198327  1  2210.84  2849
O16 	14895.1 	0.335965  1  2192.08  2880
O16 	14895.1 	0.28087  1  2961.73  2118
O16 	14895.1 	0.67381  1  -1680.48  6975
O16 	14895.1 	0.36518  1  3086.7  2038
O16 	14895.1 	0.636667  1  -945.841  6254
O16 	14895.1 	0.257091  1  -1698.45  7056
O16 	14895.1 	0.229656  1  -102.278  5377
O16 	14895.1 	0.609516  1  752.668  4452
O16 	14895.1 	0.193535  1  3429.48  1648
O16 	14895.1 	0.296191  1  -1255.87  6581
O16 	14895.1 	0.317225  1  -867.441  6101
O16 	14895.1 	0.249427  1  -3224.73  8960
O16 	14895.1 	0.255035  1  -853.827  6107
O16 	14895.1 	0.202581  1  426.874  4761
O16 	14895.1 	0.709597  1  2066.02  3011
O16 	14895.1 	1.08616  1  2882.93  2203
O16 	14895.1 	0.338881  1  -1765.25  7088
O16 	14895.1 	0.773653  1  -1903.31  7392
O16 	14895.1 	0.430907  1  2592.99  2572
O16 	14895.1 	0.20131  1  -3086.32  8490
O16 	14895.1 	0.226297  1  -1817.9  7097
O16 	14895.1 	0.200108  1  3067.61  2042
O16 	14895.1 	0.391755  1  2373.66  2723
O16 	14895.1 	0.932352  1  1799.16  3316
O16 	14895.1 	0.203002  1  3564.32  1470
O16 	14895.1 	0.328466  1  2660.68  2408
O16 	14895.1 	0.259298  1  345.254  4986
O16 	14895.1 	0.21494  1  237.407  5078
O16 	14895.1 	0.288974  1  4514.16  522
O16 	14895.1 	0.297999  1  -1587.55  6947
O16 	14895.1 	1.76273  1  -1366.14  6714
O16 	14895.1 	0.241317  1  2038.56  3157
O16 	14895.1 	0.256512  1  410.725  4893
O16 	14895.1 	0.307017  1  -13.9583  5248
O16 	14895.1 	0.475584  1  1123.2  4036
O16 	14895.1 	0.853189  1  2385.36  2709
O16 	14895.1 	0.202213  1  1108.67  4007
O16 	14895.1 	0.430525  1  -1332.39  6567
O16 	14895.1 	0.22734  1  8.65366  5128
O16 	14895.1 	0.222484  1  -63.9466  5253
O16 	14895.1 	0.425216  1  905.765  4258
O16 	14895.1 	0.541051  1  -2436.63  7985
O16 	14895.1 	0.493123  1  3717.55  1333
O16 	14895.1 	0.316787  1  2211.65  2896
O16 	14895.1 	0.35189  1  -1027.1  6175
O16 	14895.1 	0.210414  1  3529.22  1553
O16 	14895.1 	0.530209  1  3410.36  1616
O16 	14895.1 	0.428346  1  4.7331  5239
O16 	14895.1 	0.244032  1  -1545.85  6748
O16 	14895.1 	0.297958  1  2490.82  2674
O16 	14895.1 	0.202438  1  3801.55  1271
O16 	14895.1 	0.249167  1  -1699.19  6974
O16 	14895.1 	1.2886  1  3495.97  1520
O16 	14895.1 	0.210107  1  -2681.18  8135
O16 	14895.1 	0.52273  1  3251.76  1805
O16 	14895.1 	0.662273  1  747.121  4348
O16 	14895.1 	0.449636  1  -2738.61  8267
O16 	14895.1 	0.277113  1  3199.65  1853
O16 	14895.1 	0.217186  1  454.931  4766
O16 	14895.1 	0.281205  1  4425.44  584
O16 	14895.1 	0.428569  1  2394.99  2681
O16 	14895.1 	0.793115  1  145.767  5116
O16 	14895.1 	0.302251  1  4291.35  739
O16 	14895.1 	0.282777  1  -162.767  5355
O16 	14895.1 	0.273579  1  -1727.54  7039
O16 	14895.1 	0.240583  1  -960.697  6254
O16 	14895.1 	0.198319  1  2279.27  2866
O16 	14895.1 	0.189905  1  3325.03  1759
O16 	14895.1 	0.218196  1  4053.94  967
O16 	14895.1 	1.71174  1  737.681  4493
O16 	14895.1 	0.747338  1  1572.4  3505
O16 	14895.1 	0.223467  1  -442.096  5748
O16 	14895.1 	0.27242  1  3437.69  1687
O16 	14895.1 	0.659069  1  4242.51  763
O16 	14895.1 	0.24937  1  33.9147  5271
O16 	14895.1 	0.455089  1  4998.02  3
O16 	14895.1 	0.424144  1  -2051.59  7412
O16 	14895.1 	0.281423  1  2253.43  2858
O16 	14895.1 	4.89623  1  -3285.82  8963
O16 	14895.1 	0.218721  1  2473.65  2676
O16 	14895.1 	0.213909  1  -1127.86  6424
O16 	14895.1 	0.243103  1  211.2  4899
O16 	14895.1 	0.439697  1  3538.01  1508
O16 	14895.1 	1.89817  1  387.767  4873
O16 	14895.1 	0.281882  1  -3200.72  8760
O16 	14895.1 	0.21178  1  1952  3171
O16 	14895.1 	0.432594  1  2969.64  2177
O16 	14895.1 	0.578089  1  1874.12  3253
O16 	14895.1 	1.26347  1  3573.56  1442
O16 	14895.1 	0.268512  1  -2512.43  7915
O16 	14895.1 	1.44244  1  357.249  4979
O16 	14895.1 	0.76749  1  2288.34  2978
O16 	14895.1 	0.418732  1  0.801107  5240
O16 	14895.1 	0.320676  1  -363.057  5568
O16 	14895.1 	0.20676  1  3900.87  1078
O16 	14895.1 	0.58014  1  -1166.15  6475
O16 	14895.1 	0.275159  1  4858.45  160
O16 	14895.1 	0.246658  1  971.806  4182
O16 	14895.1 	0.757894  1  4930.96  64
O16 	14895.1 	0.273056  1  4301.15  734
O16 	14895.1 	0.242903  1  1614.2  3439
O16 	14895.1 	0.476923  1  1883.15  3244
O16 	14895.1 	0.72478  1  -2436.68  7725
O16 	14895.1 	0.351471  1  -1139.37  6344
O16 	14895.1 	1.38606  1  3877.09  1186
O16 	14895.1 	0.340522  1  3995.92  1059
O16 	14895.1 	0.193126  1  775.096  4414
O16 	14895.1 	0.391632  1  -2404.59  7644
O16 	14895.1 	0.221804  1  -1189.39  6536
O16 	14895.1 	0.211896  1  1426.1  3636
O16 	14895.1 	0.238496  1  3965.27  1073
O16 	14895.1 	0.293522  1  -1513.36  6972
O16 	14895.1 	0.19932  1  -2894.5  8584
O16 	14895.1 	0.384894  1  2369.3  2763
O16 	14895.1 	0.319774  1  4330.19  680
O16 	14895.1 	0.25882  1  3233.97  1791
O16 	14895.1 	0.538016  1  -84.0554  5299
O16 	14895.1 	0.716376  1  -1162.03  6499
O16 	14895.1 	0.646845  1  1411.9  3715
O16 	14895.1 	0.710342  1  942.437  4247
O16 	14895.1 	0.821361  1  -145.808  5381
O16 	14895.1 	0.849981  1  2268.02  2862
O16 	14895.1 	0.709462  1  -1379.55  6550
O16 	14895.1 	0.215301  1  -1030.8  6302
O16 	14895.1 	0.286748  1  -725.719  5981
O16 	14895.1 	0.380036  1  -1867.03  7174
O16 	14895.1 	0.433676  1  4690.6  329
O16 	14895.1 	0.880349  1  -909.942  6230
O16 	14895.1 	0.206819  1  -409.148  5600
O16 	14895.1 	0.674591  1  -1466.39  6822
O16 	14895.1 	0.19047  1  -2767.56  8098
O16 	14895.1 	0.221208  1  2383.5  2668
O16 	14895.1 	0.240148  1  -359.228  5473
O16 	14895.1 	0.407095  1  -1305.58  6632
O16 	14895.1 	1.20914  1  3714.62  1315
O16 	14895.1 	0.190288  1  2065.62  3099
O16 	14895.1 	0.230616  1  -1713.07  7163
O16 	14895.1 	0.253822  1  664.485  4476
O16 	14895.1 	0.248628  1  143.459  5088
O16 	14895.1 	0.442768  1  -1399.94  6649
O16 	14895.1 	0.533657  1  1140.83  3938
O16 	14895.1 	0.288811  1  -948.992  6276
O16 	14895.1 	0.835928  1  3473.22  1569
O16 	14895.1 	0.433365  1  3298.04  1769
O16 	14895.1 	1.05116  1  -3538.42  8999
O16 	14895.1 	0.224725  1  4161.8  862
O16 	14895.1 	2.03098  1  2899.27  2119
O16 	14895.1 	0.201038  1  666.77  4563
O16 	14895.1 	0.20093  1  3954.92  1111
O16 	14895.1 	0.390105  1  -195.441  5443
O16 	14895.1 	0.216925  1  1375.73  3747
O16 	14895.1 	0.278407  1  2298.63  2871
O16 	14895.1 	0.390965  1  4928.49  79
O16 	14895.1 	0.580316  1  -1764.8  6982
O16 	14895.1 	0.635366  1  -3035.42  8404
O16 	14895.1 	1.18643  1  817.884  4377
O16 	14895.1 	0.517414  1  -2969.58  8294
O16 	14895.1 	0.364313  1  3144.84  1922
O16 	14895.1 	0.212207  1  2876.2  2222
O16 	14895.1 	0.22946  1  -1364.6  6665
O16 	14895.1 	0.415227  1  3595.5  1450
O16 	14895.1 	0.217897  1  3336.33  1814
O16 	14895.1 	0.333901  1  -2129.38  7551
O16 	14895.1 	0.301132  1  -1918.76  7322
O16 	14895.1 	1.19522  1  -2802.58  8340
O16 	14895.1 	0.767235  1  -1185.08  6581
O16 	14895.1 	0.229293  1  1384.48  3790
O16 	14895.1 	0.493816  1  1074.8  4092
O16 	14895.1 	0.239291  1  4830.44  173
O16 	14895.1 	0.204876  1  1936.57  3143
O16 	14895.1 	0.193475  1  2795.37  2408
O16 	14895.1 	0.298625  1  3156.84  1953
O16 	14895.1 	0.362505  1  1053.84  4113
O16 	14895.1 	0.266041  1  -1357.62  6707
O16 	14895.1 	0.388576  1  1826.65  3409
O16 	14895.1 	0.264202  1  -1941.75  7291
O16 	14895.1 	0.227847  1  -1405.51  6581
O16 	14895.1 	0.52864  1  -1655.13  7017
O16 	14895.1 	0.201931  1  4853.12  133
O16 	14895.1 	0.269769  1  -308.081  5462
O16 	14895.1 	0.59851  1  -2947.3  8293
O16 	14895.1 	2.48479  1  -3193.97  8645
O16 	14895.1 	0.411401  1  4277.05  788
O16 	14895.1 	0.426228  1  -520.149  5755
O16 	14895.1 	0.221988  1  3950.16  1107
O16 	14895.1 	0.283203  1  1831.79  3244
O16 	14895.1 	0.433  1  -383.758  5429
O16 	14895.1 	0.516283  1  -3.36448  5109
O16 	14895.1 	0.221067  1  1034.81  4136
O16 	14895.1 	0.230261  1  1635.34  3523
O16 	14895.1 	1.74071  1  -2129.7  7230
O16 	14895.1 	3.25476  1  -3351.81  8877
O16 	14895.1 	0.218621  1  1357.33  3759
O16 	14895.1 	0.530244  1  -2966.15  8645
O16 	14895.1 	0.317146  1  -1436.62  6570
O16 	14895.1 	0.287142  1  304.734  4854
O16 	14895.1 	0.253929  1  398.208  4876
O16 	14895.1 	0.236454  1  -1713.48  6949
O16 	14895.1 	0.219672  1  -375.731  5706
O16 	14895.1 	0.270652  1  3683.54  1402
O16 	14895.1 	0.246782  1  -2512.93  7915
O16 	14895.1 	0.240716  1  1025.9  4124
O16 	14895.1 	0.273453  1  1281.78  3831
O16 	14895.1 	0.653431  1  -3274.46  8785
O16 	14895.1 	1.34305  1  -299.758  5366
O16 	14895.1 	0.389036  1  2782.13  2355
O16 	14895.1 	0.293302  1  2636.04  2466
O16 	14895.1 	0.266169  1  2301.99  2853
O16 	14895.1 	0.217274  1  -363.644  5668
O16 	14895.1 	0.206537  1  2280.01  2955
O16 	14895.1 	2.57026  1  3773.71  1301
O16 	14895.1 	0.24787  1  4842.7  169
O16 	14895.1 	0.618808  1  869.451  4297
O16 	14895.1 	0.199595  1  3766  1281
O16 	14895.1 	0.353164  1  1461.53  3826
O16 	14895.1 	0.854331  1  4105.28  889
O16 	14895.1 	0.272394  1  -351.069  5635
O16 	14895.1 	0.240826  1  -1627.37  7013
O16 	14895.1 	0.257962  1  -70.5157  5233
O16 	14895.1 	0.293769  1  4043.23  1052
O16 	14895.1 	0.18966  1  -995.583  6306
O16 	14895.1 	0.245454  1  -2385.13  7789
O16 	14895.1 	0.395416  1  926.559  4195
O16 	14895.1 	0.534814  1  111.34  5089
O16 	14895.1 	0.189404  1  2584.55  2500
O16 	14895.1 	0.312817  1  -326.417  5725
O16 	14895.1 	0.235035  1  1685.87  3501
O16 	14895.1 	0.380342  1  -1423.22  6814
O16 	14895.1 	0.205906  1  2489.83  2661
O16 	14895.1 	0.228487  1  1848.6  3270
O16 	14895.1 	0.3537  1  4080.54  941
O16 	14895.1 	1.82593  1  532.81  4685
O16 	14895.1 	4.22975  1  -1468.89  6722
O16 	14895.1 	0.585035  1  3932.95  1175
O16 	14895.1 	0.418115  1  2208.64  3055
O16 	14895.1 	0.229308  1  3131.28  1951
O16 	14895.1 	2.13463  1  1079.56  4070
O16 	14895.1 	0.268295  1  2882.16  2123
O16 	14895.1 	0.222505  1  3471.49  1581
O16 	14895.1 	1.12629  1  3259.8  1793
O16 	14895.1 	0.608955  1  -1504.36  6884
O16 	14895.1 	0.196984  1  -733.291  6048
O16 	14895.1 	0.216129  1  3102.71  2036
O16 	14895.1 	1.19461  1  -1593.85  6846
O16 	14895.1 	0.357688  1  271.054  4892
O16 	14895.1 	0.265977  1  3434.88  1690
O16 	14895.1 	0.195998  1  4514.57  537
O16 	14895.1 	0.280217  1  2938.38  2114
O16 	14895.1 	0.615383  1  1312.14  3628
O16 	14895.1 	0.567262  1  -2294.93  7348
O16 	14895.1 	0.233773  1  636.876  4674
O16 	14895.1 	1.44318  1  3.18101  5261
O16 	14895.1 	0.214507  1  3105.6  1997
O16 	14895.1 	0.258855  1  -1627.43  7105
O16 	14895.1 	1.09029  1  1276.89  3748
O16 	14895.1 	0.215417  1  1150.28  3983
O16 	14895.1 	0.815985  1  -1407.02  6603
O16 	14895.1 	0.302326  1  -2199.64  7582
O16 	14895.1 	0.243776  1  2976.65  2088
O16 	14895.1 	0.223429  1  2550.43  2636
O16 	14895.1 	0.282991  1  -109.634  5368
O16 	14895.1 	0.216592  1  -820.431  5982
O16 	14895.1 	0.418068  1  762.005  4556
O16 	14895.1 	0.214152  1  4615.91  403
O16 	14895.1 	0.305626  1  -1753.29  7187
O16 	14895.1 	1.05906  1  1261.06  3880
O16 	14895.1 	0.311614  1  4576.46  424
O16 	14895.1 	0.624836  1  4581.97  406
O16 	14895.1 	0.198743  1  3258.75  1783
O16 	14895.1 	0.546816  1  -2188.76  7595
O16 	14895.1 	0.601371  1  -2810.98  8241
O16 	14895.1 	0.531669  1  -3321.92  8848
O16 	14895.1 	0.311406  1  1088.84  4121
O16 	14895.1 	0.306039  1  4824.91  190
O16 	14895.1 	0.239022  1  4771.18  240
O16 	14895.1 	0.23499  1  -1052.44  6255
O16 	14895.1 	0.239425  1  -2647.74  7988
O16 	14895.1 	0.286251  1  2160.73  2922
O16 	14895.1 	0.321848  1  487.618  4812
O16 	14895.1 	0.784377  1  4926.87  84
O16 	14895.1 	0.20089  1  1443.68  3759
O16 	14895.1 	0.325393  1  246.66  5028
O16 	14895.1 	0.34043  1  3094.39  2083
O16 	14895.1 	0.228291  1  -1514.95  6792
O16 	14895.1 	0.270429  1  139.054  5084
O16 	14895.1 	0.298811  1  2635.02  2470
O16 	14895.1 	0.212977  1  -43.7962  5209
O16 	14895.1 	0.380983  1  1922.74  3176
O16 	14895.1 	0.691241  1  4938.55  51
O16 	14895.1 	0.543576  1  741.554  4509
O16 	14895.1 	0.225242  1  -1.50858  5225
O16 	14895.1 	1.81253  1  3129.09  2047
O16 	14895.1 	0.228076  1  4249.64  804
O16 	14895.1 	0.241393  1  1364.1  3856
O16 	14895.1 	1.654  1  4021.22  993
O16 	14895.1 	0.596324  1  2214.47  2886
O16 	14895.1 	0.96207  1  1428.64  3726
O16 	14895.1 	0.803536  1  2065.43  2998
O16 	14895.1 	0.252336  1  1359.26  3807
O16 	14895.1 	0.195656  1  -1300.3  6364
O16 	14895.1 	0.248632  1  131.988  4953
O16 	14895.1 	0.195321  1  2739  2417
O16 	14895.1 	0.471969  1  853.495  4407
O16 	14895.1 	0.393423  1  3071.69  2021
O16 	14895.1 	0.212113  1  1270.69  3855
O16 	14895.1 	0.246171  1  4469.71  564
O16 	14895.1 	3.62376  1  -3219.01  8805
O16 	14895.1 	0.414661  1  2709.58  2454
O16 	14895.1 	0.629577  1  -1308.17  6541
O16 	14895.1 	0.222595  1  543.323  4710
O16 	14895.1 	0.241288  1  -2371  7755
O16 	14895.1 	0.287786  1  1541.78  3576
O16 	14895.1 	0.355122  1  3767.19  1221
O16 	14895.1 	0.261112  1  -2531.03  8146
O16 	14895.1 	0.240957  1  -2948.2  8247
O16 	14895.1 	0.244618  1  2840.92  2276
O16 	14895.1 	0.482521  1  3457.21  1676
O16 	14895.1 	0.285935  1  -788.315  6044
O16 	14895.1 	0.193079  1  3030.7  2056
O16 	14895.1 	0.215384  1  4117.03  938
O16 	14895.1 	0.228472  1  4607.8  395
O16 	14895.1 	0.210381  1  -1565.63  6886
O16 	14895.1 	0.213777  1  -1295.4  6666
O16 	14895.1 	0.208635  1  2654.7  2543
O16 	14895.1 	0.191946  1  4226.58  767
O16 	14895.1 	0.449861  1  -2973.73  8395
O16 	14895.1 	0.257948  1  -1474.75  6901
O16 	14895.1 	0.483051  1  3686.42  1365
O16 	14895.1 	0.321169  1  4368.47  657
O16 	14895.1 	0.221811  1  -1916.95  7194
O16 	14895.1 	0.251935  1  -635.213  5924
O16 	14895.1 	0.192759  1  12.3117  5216
O16 	14895.1 	3.09732  1  646.076  4559
O16 	14895.1 	0.686278  1  -1759.82  6858
O16 	14895.1 	0.518845  1  3704.1  1400
O16 	14895.1 	0.273356  1  -422.455  5600
O16 	14895.1 	0.56054  1  3876.33  1229
O16 	14895.1 	0.322046  1  -2190.39  7387
O16 	14895.1 	0.252409  1  2689.47  2362
O16 	14895.1 	0.192448  1  -519.787  5814
O16 	14895.1 	0.373271  1  2043.36  3046
O16 	14895.1 	0.278597  1  -2671.27  8187
O16 	14895.1 	0.257936  1  -2613.09  8037
O16 	14895.1 	0.730245  1  4336.78  698
O16 	14895.1 	0.418143  1  3380.63  1676
O16 	14895.1 	0.311153  1  2970.24  2183
O16 	14895.1 	0.673822  1  4796.06  214
O16 	14895.1 	0.231703  1  1684.66  3389
O16 	14895.1 	0.303135  1  4752.91  252
O16 	14895.1 	0.595427  1  -2920.94  8357
O16 	14895.1 	0.286215  1  2722.97  2350
O16 	14895.1 	0.275932  1  26.2823  5230
O16 	14895.1 	0.198174  1  1322.08  3892
O16 	14895.1 	1.73945  1  -3205.93  8860
O16 	14895.1 	0.857263  1  2807.75  2346
O16 	14895.1 	0.252661  1  -1496.28  6780
O16 	14895.1 	0.198706  1  2298.38  2854
O16 	14895.1 	0.745254  1  -2928.02  8470
O16 	14895.1 	0.342551  1  29.133  5138
O16 	14895.1 	1.2193  1  2180.24  2988
O16 	14895.1 	0.490782  1  -2884.74  8333
O16 	14895.1 	0.210876  1  1866.51  3358
O16 	14895.1 	0.237209  1  -412.754  5587
O16 	14895.1 	0.252991  1  4882.22  114
O16 	14895.1 	1.55288  1  -1459.46  6824
O16 	14895.1 	1.11037  1  231.874  5000
O16 	14895.1 	0.221991  1  -2703.16  8237
O16 	14895.1 	0.209022  1  3295.28  1761
O16 	14895.1 	0.242983  1  3622.82  1448
O16 	14895.1 	0.635803  1  2111.7  3041
O16 	14895.1 	0.243712  1  4716.76  328
O16 	14895.1 	0.478151  1  4422.77  551
O16 	14895.1 	0.203832  1  -2120.54  7463
O16 	14895.1 	0.218787  1  313.755  4894
O16 	14895.1 	0.229576  1  3853.02  1273
O16 	14895.1 	0.28755  1  2173.57  2927
O16 	14895.1 	0.456567  1  4905.99  122
O16 	14895.1 	0.207747  1  3541.43  1485
O16 	14895.1 	1.49538  1  -2091.5  7490
O16 	14895.1 	3.1428  1  -2803.73  8518
O16 	14895.1 	0.726381  1  867.58  4318
O16 	14895.1 	0.239317  1  -2007.3  7350
O16 	14895.1 	0.192735  1  3506.96  1568
O16 	14895.1 	0.330896  1  1033.42  4201
O16 	14895.1 	0.326502  1  -571.28  5782
O16 	14895.1 	0.250544  1  517.077  4723
O16 	14895.1 	0.295031  1  -1031.73  6324
O16 	14895.1 	0.380998  1  4959.8  39
O16 	14895.1 	0.207169  1  280.522  4990
O16 	14895.1 	0.326913  1  -194.356  5379
O16 	14895.1 	0.229499  1  2571.28  2613
O16 	14895.1 	0.25463  1  -2627.71  8122
O16 	14895.1 	2.86016  1  -2926.4  8554
O16 	14895.1 	0.211708  1  2698.53  2444
O16 	14895.1 	0.367897  1  4921.18  79
O16 	14895.1 	1.70119  1  318.568  4814
O16 	14895.1 	0.416436  1  1623.19  3542
O16 	14895.1 	0.247843  1  1075.94  4120
O16 	14895.1 	0.417478  1  4100.76  933
O16 	14895.1 	0.236741  1  -607.637  5907
O16 	14895.1 	0.537246  1  2181.86  2954
O16 	14895.1 	0.430752  1  2894.68  2245
O16 	14895.1 	0.188227  1  4819.99  206
O16 	14895.1 	0.390569  1  2962  2126
O16 	14895.1 	0.49126  1  819.019  4597
O16 	14895.1 	5.93997  1  -2751.04  8265
O16 	14895.1 	0.554497  1  3271.42  1778
O16 	14895.1 	0.634711  1  4572.76  473
O16 	14895.1 	0.197557  1  3269.95  1820
O16 	14895.1 	0.708229  1  708.625  4496
O16 	14895.1 	0.195221  1  718.646  4384
O16 	14895.1 	0.438342  1  1670.82  3483
O16 	14895.1 	0.254684  1  1058.53  4178
O16 	14895.1 	0.848518  1  2172.01  3011
O16 	14895.1 	0.262375  1  -2168.7  7636
O16 	14895.1 	0.771972  1  -2783.73  8383
O16 	14895.1 	0.188764  1  -809.055  6144
O16 	14895.1 	1.23802  1  2362.81  2697
O16 	14895.1 	0.552353  1  1404.88  3749
O16 	14895.1 	0.319034  1  -2089.42  7377
O16 	14895.1 	0.566512  1  2850.63  2300
O16 	14895.1 	0.191891  1  4491.21  524
O16 	14895.1 	1.007  1  536.87  4776
O16 	14895.1 	0.293478  1  3192.86  1897
O16 	14895.1 	0.309916  1  -2668.18  8172
O16 	14895.1 	0.251088  1  -1325.87  6738
O16 	14895.1 	0.229865  1  2858.97  2175
O16 	14895.1 	0.688678  1  -585.746  5849
O16 	14895.1 	0.241553  1  1843.3  3272
O16 	14895.1 	0.199643  1  1379.51  3800
O16 	14895.1 	0.565526  1  -925.984  6246
O16 	14895.1 	0.197719  1  -811.127  6069
O16 	14895.1 	0.19981  1  3127.65  1952
O16 	14895.1 	0.277631  1  -2350.6  7724
O16 	14895.1 	0.387367  1  -2518.37  7818
O16 	14895.1 	0.190076  1  2422.7  2678
O16 	14895.1 	0.204112  1  3110.71  2019
O16 	14895.1 	0.225695  1  2843  2294
O16 	14895.1 	0.693548  1  4130.94  919
O16 	14895.1 	0.247726  1  -1330.6  6659
O16 	14895.1 	0.308543  1  -321.803  5672
O16 	14895.1 	0.500769  1  1533.13  3570
O16 	14895.1 	0.323172  1  1673.47  3476
O16 	14895.1 	0.331206  1  -2258.97  7707
O16 	14895.1 	0.189114  1  -73.1877  5366
O16 	14895.1 	0.230291  1  4993.36  12
O16 	14895.1 	0.284489  1  2576.93  2569
O16 	14895.1 	0.286667  1  4710.77  315
O16 	14895.1 	0.210131  1  -2382.08  7853
O16 	14895.1 	0.381833  1  -1363.15  6617
O16 	14895.1 	0.399943  1  2476.97  2684
O16 	14895.1 	0.197028  1  -1843.45  7139
O16 	14895.1 	0.402659  1  1756.27  3290
O16 	14895.1 	0.710432  1  -2235.45  7634
O16 	14895.1 	0.203561  1  3278.75  1760
O16 	14895.1 	0.236347  1  2033.95  3074
O16 	14895.1 	0.333214  1  -2441.74  7876
O16 	14895.1 	0.422962  1  237.842  5054
O16 	14895.1 	0.55593  1  -1934.22  7408
O16 	14895.1 	0.406795  1  1632.23  3573
O16 	14895.1 	0.27236  1  2111.33  2948
O16 	14895.1 	0.425266  1  -2226.1  7592
O16 	14895.1 	0.226289  1  1713.11  3453
O16 	14895.1 	0.882486  1  2811.3  2293
O16 	14895.1 	0.386633  1  476.91  4705
O16 	14895.1 	1.33652  1  -501.982  5784
O16 	14895.1 	0.689511  1  -2488.42  7663
O16 	14895.1 	0.437149  1  -461.746  5614
O16 	14895.1 	0.452202  1  3921.93  1110
O16 	14895.1 	5.32106  1  -3004.8  8547
O16 	14895.1 	1.04952  1  2473.28  2589
O16 	14895.1 	0.203611  1  -203.312  5530
O16 	14895.1 	0.245509  1  -512.34  5833
O16 	14895.1 	0.294284  1  3941.28  1097
O16 	14895.1 	0.329962  1  -2178.44  7456
O16 	14895.1 	0.239122  1  24.9476  5163
O16 	14895.1 	0.239302  1  3089.74  1959
O16 	14895.1 	0.293664  1  154.007  4997
O16 	14895.1 	0.373176  1  -558.265  5874
O16 	14895.1 	0.195349  1  577.099  4561
O16 	14895.1 	0.840964  1  518.137  4796
O16 	14895.1 	0.312022  1  2265.52  2917
O16 	14895.1 	0.349105  1  -2537.62  7877
O16 	14895.1 	3.73639  1  2828.48  2190
O16 	14895.1 	4.76132  1  -2592.74  8274
O16 	14895.1 	0.470198  1  -1222.41  6541
O16 	14895.1 	0.318973  1  4642.66  389
O16 	14895.1 	0.713223  1  -1713.28  6994
O16 	14895.1 	0.23874  1  3899.31  1155
O16 	14895.1 	0.943386  1  4756.08  243
O16 	14895.1 	0.209525  1  -1070.09  6399
O16 	14895.1 	0.238738  1  3441.64  1621
O16 	14895.1 	0.317099  1  2646.38  2514
O16 	14895.1 	0.317292  1  2240.62  2820
O16 	14895.1 	0.221225  1  -194.585  5369
O16 	14895.1 	4.40652  1  -1391.91  6781
O16 	14895.1 	0.256101  1  1139.8  4093
O16 	14895.1 	0.221916  1  -216.777  5456
O16 	14895.1 	0.262532  1  -334.64  5569
O16 	14895.1 	5.73466  1  -3041.46  8671
O16 	14895.1 	0.204432  1  891.319  4299
O16 	14895.1 	0.472076  1  -2277.63  7605
O16 	14895.1 	0.193678  1  -1057.69  6311
O16 	14895.1 	0.405896  1  2169.39  2846
O16 	14895.1 	0.357341  1  4716.51  288
O16 	14895.1 	0.247354  1  -1452.4  6750
O16 	14895.1 	0.324677  1  -1648.63  6848
O16 	14895.1 	0.242239  1  -1858.89  7211
O16 	14895.1 	0.194339  1  -2343.14  7666
O16 	14895.1 	0.319869  1  4607.86  376
O16 	14895.1 	0.23944  1  -2502.87  7989
O16 	14895.1 	0.365731  1  -2319  7592
O16 	14895.1 	0.202042  1  -1712.25  7062
O16 	14895.1 	0.846518  1  -890.842  6121
O16 	14895.1 	0.286441  1  -335.235  5626
O16 	14895.1 	0.342803  1  -2068.21  7463
O16 	14895.1 	1.94558  1  1085.99  4062
O16 	14895.1 	0.361191  1  144.843  5089
O16 	14895.1 	0.218713  1  -1557.27  6799
O16 	14895.1 	1.08895  1  3434.17  1597
O16 	14895.1 	0.213049  1  125.371  5239
O16 	14895.1 	0.254647  1  -317.227  5551
O16 	14895.1 	0.243356  1  1907.72  3231
O16 	14895.1 	0.275226  1  384.844  4878
O16 	14895.1 	0.26548  1  2953.3  2243
O16 	14895.1 	0.307942  1  3317.98  1815
O16 	14895.1 	0.358796  1  -1688.93  6825
O16 	14895.1 	0.43091  1  3305.2  1819
O16 	14895.1 	0.570299  1  2384.88  2719
O16 	14895.1 	0.481728  1  4367.32  675
O16 	14895.1 	0.404312  1  4189.46  819
O16 	14895.1 	2.00599  1  -2611.58  7921
O16 	14895.1 	0.259952  1  -2248.28  7565
O16 	14895.1 	0.719029  1  -2091.58  7520
O16 	14895.1 	0.192185  1  1222.64  3925
O16 	14895.1 	0.891018  1  1779.41  3414
O16 	14895.1 	0.361904  1  -25.1776  5227
O16 	14895.1 	0.759931  1  -2094.61  7360
O16 	14895.1 	0.55905  1  2853.04  2270
O16 	14895.1 	0.469266  1  -138.581  5258
O16 	14895.1 	0.22681  1  -1464.73  6835
O16 	14895.1 	2.0952  1  -3044.05  8597
O16 	14895.1 	0.211109  1  -1836.63  7181
O16 	14895.1 	0.684513  1  4144.19  944
O16 	14895.1 	0.200192  1  3017.73  2026
O16 	14895.1 	0.373127  1  -1231.16  6424
O16 	14895.1 	1.05691  1  1629.28  3561
O16 	14895.1 	0.492266  1  3934.48  1149
O16 	14895.1 	0.231623  1  -123.321  5300
O16 	14895.1 	0.662193  1  2909.59  2171
O16 	14895.1 	0.876755  1  -2840.13  8261
O16 	14895.1 	0.191028  1  2764.78  2298
O16 	14895.1 	0.265093  1  2682.97  2384
O16 	14895.1 	0.851975  1  4345.3  758
O16 	14895.1 	0.366044  1  917.474  4387
O16 	14895.1 	0.341962  1  3473.39  1651
O16 	14895.1 	0.386922  1  3385.92  1737
O16 	14895.1 	0.33373  1  2000.13  3051
O16 	14895.1 	0.346224  1  -2133.21  7388
O16 	14895.1 	0.295653  1  -1319.26  6568
O16 	14895.1 	0.300477  1  -1157.87  6546
O16 	14895.1 	0.247084  1  -1420.26  6661
O16 	14895.1 	0.611987  1  272.917  4937
O16 	14895.1 	0.334497  1  -1847.09  7211
O16 	14895.1 	0.193067  1  487.811  4748
O16 	14895.1 	0.965553  1  145.364  5113
O16 	14895.1 	1.36425  1  738.451  4581
O16 	14895.1 	0.344963  1  -735.8  6133
O16 	14895.1 	0.255322  1  2227.66  2865
O16 	14895.1 	2.6878  1  -1938.3  7151
O16 	14895.1 	0.343632  1  1848.21  3223
O16 	14895.1 	0.257323  1  -1117.05  6606
O16 	14895.1 	0.220654  1  4814.48  200
O16 	14895.1 	0.348989  1  3971.18  1102
O16 	14895.1 	0.402536  1  3451.05  1594
O16 	14895.1 	0.666706  1  -1580.08  6974
O16 	14895.1 	0.356655  1  -251.23  5328
O16 	14895.1 	0.464155  1  2221.47  2914
O16 	14895.1 	0.228526  1  4309.65  727
O16 	14895.1 	0.838398  1  -2762.4  8305
O16 	14895.1 	0.232692  1  1716.83  3471
O16 	14895.1 	0.520258  1  2986.7  2028
O16 	14895.1 	0.31541  1  3402.13  1630
O16 	14895.1 	0.499732  1  3756.25  1283
O16 	14895.1 	0.293557  1  -1470.82  6766
O16 	14895.1 	0.198478  1  4505.9  489
O16 	14895.1 	0.266287  1  255.178  4978
O16 	14895.1 	0.477785  1  -155.363  5505
O16 	14895.1 	0.507749  1  -1878.63  7219
O16 	14895.1 	0.417791  1  3896.96  1098
O16 	14895.1 	0.258688  1  3948.93  1091
O16 	14895.1 	1.29005  1  -1375.23  6799
O16 	14895.1 	0.368335  1  1672.76  3578
O16 	14895.1 	0.687472  1  3115.1  1946
O16 	14895.1 	0.325431  1  1743.6  3367
O16 	14895.1 	0.64619  1  1241.93  3952
O16 	14895.1 	0.733783  1  2429.91  2669
O16 	14895.1 	0.360808  1  964.09  4178
O16 	14895.1 	0.310862  1  -3301.09  8801
O16 	14895.1 	0.373099  1  4991.34  15
O16 	14895.1 	0.247814  1  3145.1  1931
O16 	14895.1 	0.407358  1  -234.39  5484
O16 	14895.1 	0.309124  1  3566.62  1494
O16 	14895.1 	0.262553  1  4576.04  463
O16 	14895.1 	0.385849  1  4398.93  610
O16 	14895.1 	5.02173  1  -2622.7  8208
O16 	14895.1 	0.297868  1  1465.86  3777
O16 	14895.1 	4.26258  1  -3227.23  8848
O16 	14895.1 	0.28478  1  -1057.61  6313
O16 	14895.1 	0.289677  1  -1940.32  7270
O16 	14895.1 	0.299994  1  925.737  4249
O16 	14895.1 	0.341553  1  3534.01  1546
O16 	14895.1 	0.295507  1  2738.27  2316
O16 	14895.1 	0.213642  1  37.4384  5145
O16 	14895.1 	0.276706  1  1367.17  3731
O16 	14895.1 	0.337805  1  1251.25  3892
O16 	14895.1 	5.63716  1  -75.8741  5288
O16 	14895.1 	0.369223  1  372.932  4912
O16 	14895.1 	1.09465  1  -785.998  5975
O16 	14895.1 	0.334611  1  -2218.8  7518
O16 	14895.1 	0.305658  1  4057.06  977
O16 	14895.1 	0.403656  1  1288.54  3820
O16 	14895.1 	0.772522  1  -715.284  6001
O16 	14895.1 	1.28359  1  3162.33  1886
O16 	14895.1 	0.234497  1  3616.54  1517
O16 	14895.1 	0.30339  1  -909.177  6194
O16 	14895.1 	0.24314  1  4881.19  140
O16 	14895.1 	1.11617  1  -3335.52  8794
O16 	14895.1 	0.363919  1  2100.69  2915
O16 	14895.1 	1.6302  1  -749.882  5941
O16 	14895.1 	0.192398  1  2539.61  2554
O16 	14895.1 	1.41411  1  3076.59  1948
O16 	14895.1 	1.42419  1  -3033.26  8538
O16 	14895.1 	0.210237  1  69.3502  5133
O16 	14895.1 	0.672063  1  -1087.9  6256
O16 	14895.1 	2.09049  1  -2833.09  8488
O16 	14895.1 	0.214975  1  -2522.73  7894
O16 	14895.1 	0.214508  1  4741.05  269
O16 	14895.1 	0.362976  1  4451.51  568
O16 	14895.1 	0.338037  1  1815.45  3231
O16 	14895.1 	0.198186  1  653.008  4532
O16 	14895.1 	0.574429  1  4616.02  404
O16 	14895.1 	0.433096  1  3806.85  1266
O16 	14895.1 	0.296899  1  3114.12  2028
O16 	14895.1 	3.74166  1  -3079.07  8637
O16 	14895.1 	0.320308  1  471.779  4847
O16 	14895.1 	0.351004  1  1212.22  3952
O16 	14895.1 	0.245648  1  3626.87  1398
O16 	14895.1 	0.566855  1  -2677.95  8104
O16 	14895.1 	0.886482  1  -2274.86  7446
O16 	14895.1 	0.419903  1  2313.94  2822
O16 	14895.1 	0.234687  1  -1879.72  7265
O16 	14895.1 	0.728436  1  3679.95  1341
O16 	14895.1 	0.198505  1  1892.58  3335
O16 	14895.1 	0.317279  1  2558.87  2582
O16 	14895.1 	0.309783  1  2507.82  2622
O16 	14895.1 	0.228702  1  -2140.23  7508
O16 	14895.1 	0.254514  1  897.28  4302
O16 	14895.1 	2.1953  1  -519.403  5644
O16 	14895.1 	1.74228  1  4324.18  688
O16 	14895.1 	0.226477  1  -1027.41  6428
O16 	14895.1 	0.337233  1  -2353  7656
O16 	14895.1 	0.364568  1  -2473.25  7789
O16 	14895.1 	0.471468  1  1861.05  3315
O16 	14895.1 	0.240506  1  1292.12  3917
O16 	14895.1 	0.968737  1  4601.54  404
O16 	14895.1 	0.315619  1  -1055.12  6340
O16 	14895.1 	0.840751  1  4482.74  582
O16 	14895.1 	0.254773  1  2082.98  2927
O16 	14895.1 	0.203206  1  -935.519  6227
O16 	14895.1 	0.20944  1  2822.02  2258
O16 	14895.1 	0.317343  1  -81.6627  5371
O16 	14895.1 	0.287492  1  55.7168  5137
O16 	14895.1 	0.195061  1  70.4157  5002
O16 	14895.1 	0.26425  1  4496.79  520
O16 	14895.1 	0.245159  1  917.967  4164
O16 	14895.1 	0.496589  1  -2690.42  8096
O16 	14895.1 	2.3273  1  4914.92  90
O16 	14895.1 	0.462129  1  -824.861  6076
O16 	14895.1 	1.75512  1  1706.5  3476
O16 	14895.1 	0.445027  1  2540.46  2562
O16 	14895.1 	0.454333  1  614.994  4604
O16 	14895.1 	0.219726  1  -327.981  5532
O16 	14895.1 	0.782327  1  -3460.5  8927
O16 	14895.1 	0.89363  1  3841.14  1211
O16 	14895.1 	0.614393  1  -919.474  6269
O16 	14895.1 	0.306727  1  4411.47  572
O16 	14895.1 	1.59649  1  4082.52  954
O16 	14895.1 	0.275272  1  2045.25  3130
O16 	14895.1 	0.616705  1  1097.63  4197
O16 	14895.1 	0.244685  1  4890.47  111
O16 	14895.1 	0.20664  1  -62.7761  5117
O16 	14895.1 	0.555994  1  2771.89  2345
O16 	14895.1 	0.592419  1  -2855.86  8085
O16 	14895.1 	0.419919  1  952.052  4215
O16 	14895.1 	0.219757  1  -266.073  5477
O16 	14895.1 	0.208728  1  -162.819  5343
O16 	14895.1 	0.272525  1  3256.05  1840
O16 	14895.1 	0.255194  1  -468.916  5843
O16 	14895.1 	0.640323  1  1662.04  3497
O16 	14895.1 	0.454751  1  4679.35  327
O16 	14895.1 	0.222901  1  4898.96  116
O16 	14895.1 	0.277219  1  1335.96  3885
O16 	14895.1 	0.221915  1  2111.73  3067
O16 	14895.1 	0.285388  1  4075.16  985
O16 	14895.1 	0.218726  1  2782.17  2299
O16 	14895.1 	0.23468  1  -1652.45  7140
O16 	14895.1 	0.219559  1  -1290.62  6530
O16 	14895.1 	0.211146  1  1625.69  3576
O16 	14895.1 	0.252525  1  4557.37  457
O16 	14895.1 	0.281151  1  4291.07  745
O16 	14895.1 	0.227788  1  -717.047  5900
O16 	14895.1 	0.402928  1  3880.18  1128
O16 	14895.1 	0.988508  1  1913.72  3152
O16 	14895.1 	0.230541  1  1281.08  3843
O16 	14895.1 	0.190397  1  -1083.8  6377
O16 	14895.1 	0.470154  1  -1719.25  7052
O16 	14895.1 	3.87918  1  -2350.39  7832
O16 	14895.1 	0.198744  1  3566.59  1543
O16 	14895.1 	0.512235  1  3627.97  1424
O16 	14895.1 	0.416609  1  -2782.96  8290
O16 	14895.1 	0.347804  1  3086.85  1973
O16 	14895.1 	0.217368  1  -1112.43  6525
O16 	14895.1 	0.397889  1  -2341.2  7740
O16 	14895.1 	3.54168  1  -3229.05  8617
O16 	14895.1 	0.209371  1  -2371  7660
O16 	14895.1 	0.41798  1  3399.03  1673
O16 	14895.1 	1.35216  1  3264.21  1796
O16 	14895.1 	3.31825  1  -3061.81  8767
O16 	14895.1 	0.247897  1  -2139.69  7496
O16 	14895.1 	0.22567  1  -1590.58  6793
O16 	14895.1 	0.206525  1  4243.14  810
O16 	14895.1 	0.713723  1  4.41702  5143
O16 	14895.1 	0.390346  1  4657.34  357
O16 	14895.1 	0.229118  1  -2938.36  8221
O16 	14895.1 	0.200584  1  -111.352  5273
O16 	14895.1 	0.2165  1  805.214  4464
O16 	14895.1 	2.51718  1  -1286.69  6515
O16 	14895.1 	0.271947  1  4579.23  444
O16 	14895.1 	0.894538  1  -946.88  6184
O16 	14895.1 	0.511772  1  -1600.84  7031
O16 	14895.1 	0.264851  1  3220.77  1819
O16 	14895.1 	0.377156  1  -2884.93  8330
O16 	14895.1 	1.96752  1  -1992.94  7318
O16 	14895.1 	0.270634  1  -2393.2  7773
O16 	14895.1 	0.28966  1  2272.84  2917
O16 	14895.1 	0.219423  1  1563.07  3613
O16 	14895.1 	0.297315  1  2004.48  3087
O16 	14895.1 	0.303478  1  2105.97  3053
O16 	14895.1 	0.222771  1  -2420.38  7852
O16 	14895.1 	0.51209  1  2677.49  2314
O16 	14895.1 	1.01577  1  -1677.18  7013
O16 	14895.1 	0.239425  1  4352.41  667
O16 	14895.1 	0.4602  1  163.772  5179
O16 	14895.1 	0.270205  1  -869.742  6269
O16 	14895.1 	0.34965  1  -312.255  5586
O16 	14895.1 	0.369009  1  -173.067  5323
O16 	14895.1 	3.41912  1  -2377.76  7921
O16 	14895.1 	2.32284  1  -2535.75  7740
O16 	14895.1 	0.869074  1  1578.34  3553
O16 	14895.1 	0.475303  1  -60.0157  5331
O16 	14895.1 	0.50234  1  156.926  4985
O16 	14895.1 	1.83653  1  -3324.35  8906
O16 	14895.1 	2.46602  1  -2724.91  8063
O16 	14895.1 	0.18836  1  -761.633  6052
O16 	14895.1 	0.804418  1  3680.63  1386
O16 	14895.1 	0.344122  1  2351.56  2695
O16 	14895.1 	0.51051  1  -1281.91  6574
O16 	14895.1 	0.214663  1  1234.29  3895
O16 	14895.1 	0.451243  1  1656.21  3618
O16 	14895.1 	0.531374  1  60.5464  5194
O16 	14895.1 	0.355376  1  3751.59  1278
O16 	14895.1 	0.402376  1  414.83  4734
O16 	14895.1 	0.465365  1  -2927.74  8329
O16 	14895.1 	0.250111  1  1113.42  3969
O16 	14895.1 	0.833902  1  3391.08  1744
O16 	14895.1 	0.666974  1  2379.53  2799
O16 	14895.1 	0.199758  1  107.848  5083
O16 	14895.1 	0.795167  1  -224.041  5369
O16 	14895.1 	0.41188  1  -1851.94  6960
O16 	14895.1 	0.201441  1  4339.27  710
O16 	14895.1 	0.238019  1  4011.71  1001
O16 	14895.1 	0.316214  1  845.096  4375
O16 	14895.1 	0.4269  1  -626.975  5967
O16 	14895.1 	0.528549  1  -1020.33  6396
O16 	14895.1 	0.315455  1  3272.63  1730
O16 	14895.1 	0.22783  1  -1479.76  6857
O16 	14895.1 	0.272418  1  4011.04  1013
O16 	14895.1 	0.434724  1  4515.11  465
O16 	14895.1 	0.611388  1  586.029  4540
O16 	14895.1 	0.434592  1  3970.99  1034
O16 	14895.1 	0.289239  1  4760.91  263
O16 	14895.1 	0.236545  1  853.915  4347
O16 	14895.1 	0.299006  1  1262.33  3879
O16 	14895.1 	0.226958  1  -678.847  5932
O16 	14895.1 	0.477512  1  1124.08  4068
O16 	14895.1 	0.193691  1  -791.661  6107
O16 	14895.1 	0.189493  1  41.2721  5213
O16 	14895.1 	0.625022  1  405.99  4686
O16 	14895.1 	0.480355  1  1769.88  3381
O16 	14895.1 	0.339674  1  -404.224  5732
O16 	14895.1 	0.199916  1  3245.53  1744
O16 	14895.1 	0.926923  1  1648.12  3481
O16 	14895.1 	0.549163  1  380.527  4806
O16 	14895.1 	0.558709  1  4951.81  53
O16 	14895.1 	0.305372  1  165.002  4943
O16 	14895.1 	0.27723  1  -990.325  6339
O16 	14895.1 	1.05005  1  3685.74  1383
O16 	14895.1 	0.761004  1  1295.25  3873
O16 	14895.1 	1.76541  1  -3123.89  8565
O16 	14895.1 	0.219626  1  4928.85  76
O16 	14895.1 	0.216553  1  -1717.86  7118
O16 	14895.1 	0.207138  1  544.377  4841
O16 	14895.1 	1.07701  1  -2594.41  7893
O16 	14895.1 	0.242106  1  2928.47  2143
O16 	14895.1 	0.3996  1  -240.763  5468
O16 	14895.1 	0.293969  1  3881.48  1188
O16 	14895.1 	0.251598  1  311.763  4997
O16 	14895.1 	0.192106  1  -1119.26  6301
O16 	14895.1 	2.30204  1  -2943.04  8346
O16 	14895.1 	0.323913  1  1440.41  3762
O16 	14895.1 	0.194393  1  2069.43  3054
O16 	14895.1 	0.386896  1  526.906  4682
O16 	14895.1 	0.189847  1  -12.7965  5274
O16 	14895.1 	0.558014  1  2630.37  2481
O16 	14895.1 	0.23782  1  2457.16  2607
O16 	14895.1 	0.339401  1  -483.233  5765
O16 	14895.1 	0.199651  1  1717.75  3446
O16 	14895.1 	0.278788  1  -3038.16  8410
O16 	14895.1 	0.340573  1  -79.5613  5296
O16 	14895.1 	0.239182  1  900.605  4223
O16 	14895.1 	0.346393  1  3131.57  1910
O16 	14895.1 	3.34847  1  -2586.99  8046
O16 	14895.1 	0.334649  1  2179.93  2930
O16 	14895.1 	0.20477  1  -1844.19  7042
O16 	14895.1 	0.242756  1  -1514.98  6820
O16 	14895.1 	0.251168  1  -383.744  5525
O16 	14895.1 	0.322153  1  1503.27  3565
O16 	14895.1 	0.224399  1  -1407.07  6630
O16 	14895.1 	1.30144  1  1682.14  3572
O16 	14895.1 	0.314156  1  -190.871  5366
O16 	14895.1 	0.212919  1  3545.01  1448
O16 	14895.1 	0.245599  1  -1719.04  7274
O16 	14895.1 	0.207268  1  -1104.92  6405
O16 	14895.1 	0.223644  1  507.58  4695
O16 	14895.1 	0.202823  1  1222.23  3937
O16 	14895.1 	0.517027  1  3122.12  1911
O16 	14895.1 	0.273992  1  -2505.82  7905
O16 	14895.1 	0.329629  1  4496.26  549
O16 	14895.1 	0.441367  1  -2416.28  7647
O16 	14895.1 	1.00661  1  1484.9  3627
O16 	14895.1 	0.213973  1  1539.78  3592
O16 	14895.1 	0.221392  1  -0.757799  5428
O16 	14895.1 	0.836092  1  21.3639  5255
O16 	14895.1 	0.202919  1  -1634.48  6918
O16 	14895.1 	0.244022  1  -1508.76  6742
O16 	14895.1 	2.12215  1  -2311.37  7844
O16 	14895.1 	0.192923  1  -608.876  5808
O16 	14895.1 	0.228271  1  1330.82  3676
O16 	14895.1 	0.322831  1  -2974.85  8451
O16 	14895.1 	0.884865  1  -2911.43  8274
O16 	14895.1 	0.198411  1  -2297.37  7863
O16 	14895.1 	0.214921  1  -2578.71  7856
O16 	14895.1 	0.624324  1  2892.57  2172
O16 	14895.1 	0.388442  1  1243.59  3926
O16 	14895.1 	0.815093  1  2470.33  2629
O16 	14895.1 	7.46065  1  -2634.6  8164
O16 	14895.1 	0.252874  1  3512.88  1504
O16 	14895.1 	0.315183  1  4726.81  284
O16 	14895.1 	0.37223  1  4642.62  374
O16 	14895.1 	0.27876  1  -533.937  5819
O16 	14895.1 	0.447941  1  4249.55  783
O16 	14895.1 	0.276688  1  187.902  5007
O16 	14895.1 	0.332726  1  -1061.47  6366
O16 	14895.1 	0.195676  1  3949.82  1083
O16 	14895.1 	0.192602  1  -1148.14  6566
O16 	14895.1 	0.246309  1  -1392.58  6709
O16 	14895.1 	0.22879  1  3230.61  1883
O16 	14895.1 	0.404767  1  1885.25  3191
O16 	14895.1 	0.231208  1  -186.543  5391
O16 	14895.1 	0.804651  1  -496.813  5783
O16 	14895.1 	0.309646  1  2914.33  2211
O16 	14895.1 	0.251653  1  4822.08  169
O16 	14895.1 	0.299649  1  1574  3692
O16 	14895.1 	0.29157  1  2027.12  3097
O16 	14895.1 	0.605682  1  -1668.64  6936
O16 	14895.1 	0.691003  1  -2684.96  8153
O16 	14895.1 	0.372805  1  -2380.17  7491
O16 	14895.1 	1.17632  1  -2168.95  7535
O16 	14895.1 	0.260543  1  3465.08  1587
O16 	14895.1 	0.35868  1  824.005  4260
O16 	14895.1 	0.213527  1  2452.48  2654
O16 	14895.1 	0.42359  1  2667.06  2392
O16 	14895.1 	0.25175  1  2733.37  2416
O16 	14895.1 	0.295679  1  2390.19  2708
O16 	14895.1 	0.991774  1  2311.1  2799
O16 	14895.1 	0.454976  1  1945.43  3025
O16 	14895.1 	0.251215  1  -1035.62  6186
O16 	14895.1 	0.421769  1  4906.07  103
O16 	14895.1 	0.204405  1  3741.93  1254
O16 	14895.1 	0.683611  1  707.837  4448
O16 	14895.1 	0.224207  1  -1479.41  6759
O16 	14895.1 	0.196901  1  4605.03  430
O16 	14895.1 	0.225579  1  1781.01  3338
O16 	14895.1 	0.195658  1  637.251  4522
O16 	14895.1 	0.22373  1  3144.33  1905
O16 	14895.1 	0.311218  1  1997.58  3160
O16 	14895.1 	0.214974  1  3887.51  1182
O16 	14895.1 	0.632441  1  -14.9437  5212
O16 	14895.1 	0.216736  1  2530.16  2563
O16 	14895.1 	0.382854  1  832.81  4332
O16 	14895.1 	0.215596  1  -2277.45  7658
O16 	14895.1 	0.205859  1  2657.63  2438
O16 	14895.1 	0.343572  1  -2438.05  7735
O16 	14895.1 	0.233192  1  4756.16  299
O16 	14895.1 	0.741989  1  -1185.31  6518
O16 	14895.1 	0.20381  1  106.777  5248
O16 	14895.1 	2.22217  1  3862.5  1200
O16 	14895.1 	0.219403  1  -768.243  5928
O16 	14895.1 	0.353767  1  -920.512  6211
O16 	14895.1 	0.258307  1  1331.81  3868
O16 	14895.1 	0.410666  1  3775.87  1297
O16 	14895.1 	0.266177  1  1742.35  3382
O16 	14895.1 	0.280799  1  -2549.59  7982
O16 	14895.1 	0.237463  1  -2883.36  8128
O16 	14895.1 	0.280439  1  2781.56  2337
O16 	14895.1 	0.311735  1  465.696  4837
O16 	14895.1 	0.389527  1  -1605.08  6924
O16 	14895.1 	0.258773  1  815.872  4464
O16 	14895.1 	0.219507  1  3414.55  1672
O16 	14895.1 	0.398106  1  1955.01  3197
O16 	14895.1 	0.333542  1  -2507.33  7964
O16 	14895.1 	0.810452  1  -3422.84  9031
O16 	14895.1 	0.623187  1  -1816.43  7155
O16 	14895.1 	1.45083  1  3940.6  1130
O16 	14895.1 	0.441699  1  30.0522  5311
O16 	14895.1 	0.212175  1  -296.222  5562
O16 	14895.1 	0.346526  1  -1743.76  7156
O16 	14895.1 	0.37197  1  1530.62  3581
O16 	14895.1 	6.15871  1  -2232.01  7662
O16 	14895.1 	0.224562  1  -1246.87  6629
O16 	14895.1 	0.211399  1  -1523.65  6790
O16 	14895.1 	0.201521  1  -390.423  5648
O16 	14895.1 	0.195694  1  2677.34  2393
O16 	14895.1 	0.324625  1  -1256.43  6598
O16 	14895.1 	0.308467  1  986.137  4213
O16 	14895.1 	0.295227  1  174.001  5024
O16 	14895.1 	0.543928  1  2199.11  2814
O16 	14895.1 	0.362189  1  119.868  5141
O16 	14895.1 	1.1324  1  -2650.29  7995
O16 	14895.1 	0.202728  1  -2800.95  8165
O16 	14895.1 	0.463864  1  4382.32  634
O16 	14895.1 	0.232554  1  1612.29  3524
O16 	14895.1 	0.199442  1  -644.383  5979
O16 	14895.1 	1.0929  1  -3100.82  8793
O16 	14895.1 	0.238917  1  2156.42  3015
O16 	14895.1 	0.259564  1  2958.63  2130
O16 	14895.1 	0.235006  1  1015.66  4142
O16 	14895.1 	0.210095  1  3668.53  1362
O16 	14895.1 	0.193095  1  967.827  4244
O16 	14895.1 	2.3722  1  -2753.95  8331
O16 	14895.1 	0.24035  1  -993.696  6200
O16 	14895.1 	0.224603  1  -1395.92  6508
O16 	14895.1 	0.507028  1  2282.42  2805
O16 	14895.1 	0.594539  1  787.367  4393
O16 	14895.1 	0.376293  1  3046.84  1983
O16 	14895.1 	0.193955  1  1412.49  3816
O16 	14895.1 	0.201619  1  4869.57  136
O16 	14895.1 	0.210309  1  4487.22  527
O16 	14895.1 	0.71218  1  810.401  4472
O16 	14895.1 	0.273292  1  3320.75  1859
O16 	14895.1 	0.354382  1  -1595.42  6924
O16 	14895.1 	0.252268  1  -1568.08  6839
O16 	14895.1 	0.567385  1  2877.59  2162
O16 	14895.1 	0.332929  1  1306.6  3735
O16 	14895.1 	0.202679  1  3900.02  1099
O16 	14895.1 	0.987462  1  1828.15  3209
O16 	14895.1 	2.40372  1  -2891.96  8410
O16 	14895.1 	0.23044  1  4969.56  30
O16 	14895.1 	0.265912  1  -1447.32  6769
O16 	14895.1 	0.201155  1  -1685.64  7206
O16 	14895.1 	0.980341  1  3913.19  1214
O16 	14895.1 	0.212698  1  747.843  4367
O16 	14895.1 	0.320105  1  1699.72  3386
O16 	14895.1 	0.382569  1  -206.701  5389
O16 	14895.1 	0.240063  1  -216.939  5458
O16 	14895.1 	1.49774  1  3034.23  2036
O16 	14895.1 	0.373423  1  3991.55  1037
O16 	14895.1 	1.18903  1  4172.97  916
O16 	14895.1 	0.55677  1  -610.277  5905
O16 	14895.1 	0.612405  1  -96.1237  5452
O16 	14895.1 	0.661339  1  2086.98  3071
O16 	14895.1 	0.207527  1  2523.19  2490
O16 	14895.1 	1.13981  1  -2170.08  7735
O16 	14895.1 	0.372143  1  2364.17  2686
O16 	14895.1 	0.826002  1  -590.139  5813
O16 	14895.1 	0.406275  1  4242.02  780
O16 	14895.1 	0.272021  1  1436.65  3734
O16 	14895.1 	0.30579  1  599.772  4629
O16 	14895.1 	1.58116  1  4095.41  933
O16 	14895.1 	0.273247  1  2217.85  2922
O16 	14895.1 	0.208045  1  -2068.25  7422
O16 	14895.1 	0.191571  1  -644.621  5887
O16 	14895.1 	2.4173  1  4964.37  38
O16 	14895.1 	0.205693  1  -337.589  5668
O16 	14895.1 	0.306987  1  -1209.91  6522
O16 	14895.1 	0.224132  1  799.664  4439
O16 	14895.1 	0.330511  1  4344.23  675
O16 	14895.1 	0.215446  1  -551.305  5871
O16 	14895.1 	0.195979  1  2720.57  2382
O16 	14895.1 	0.308392  1  -1813.09  7035
O16 	14895.1 	0.980801  1  2691.81  2448
O16 	14895.1 	2.42817  1  -2867.53  8486
O16 	14895.1 	1.5032  1  836.554  4380
O16 	14895.1 	0.425858  1  1637.78  3513
O16 	14895.1 	1.23566  1  -20.504  5231
O16 	14895.1 	0.216594  1  -747.299  5919
O16 	14895.1 	0.249146  1  1877.68  3315
O16 	14895.1 	0.429899  1  -1098.8  6492
O16 	14895.1 	2.0781  1  -366.669  5535
O16 	14895.1 	0.387605  1  3095.6  2000
O16 	14895.1 	0.676576  1  -2312.47  7554
O16 	14895.1 	0.541285  1  1640.83  3608
O16 	14895.1 	0.670213  1  2035.3  3111
O16 	14895.1 	1.21969  1  2905.84  2184
O16 	14895.1 	0.382879  1  1201.34  3926
O16 	14895.1 	0.203393  1  171.987  4942
O16 	14895.1 	0.822596  1  1671.76  3489
O16 	14895.1 	0.329564  1  -1829.75  7116
O16 	14895.1 	0.245006  1  -1394.81  6625
O16 	14895.1 	0.241139  1  -1195.15  6543
O16 	14895.1 	0.364954  1  -2423.18  7809
O16 	14895.1 	0.236613  1  -1023.07  6376
O16 	14895.1 	0.431898  1  4155.16  914
