O16 	14895.1 	0.373564  1  1728.7  3285
O16 	14895.1 	0.547802  1  -3809.58  9138
O16 	14895.1 	0.530295  1  -2754.31  8064
O16 	14895.1 	0.366718  1  1364.5  3837
O16 	14895.1 	0.225658  1  4868.3  155
O16 	14895.1 	0.863188  1  1784.74  3312
O16 	14895.1 	0.24294  1  -3575.88  8859
O16 	14895.1 	0.43786  1  3244.48  1896
O16 	14895.1 	0.229274  1  1627.61  3542
O16 	14895.1 	0.216087  1  4097.45  913
O16 	14895.1 	1.1912  1  2382.41  2778
O16 	14895.1 	0.190315  1  -1584.41  6823
O16 	14895.1 	0.547991  1  -3794.38  9199
O16 	14895.1 	0.216912  1  -3106.25  8528
O16 	14895.1 	0.40608  1  -3094.91  8481
O16 	14895.1 	0.201335  1  4262.88  806
O16 	14895.1 	1.07259  1  3370.27  1701
O16 	14895.1 	0.54698  1  254.827  4995
O16 	14895.1 	0.202547  1  -4714.99  10065
O16 	14895.1 	0.213785  1  595.826  4606
O16 	14895.1 	0.452704  1  3717.32  1328
O16 	14895.1 	0.282927  1  1836.73  3283
O16 	14895.1 	0.378466  1  -1533.43  6863
O16 	14895.1 	0.189467  1  3421.43  1678
O16 	14895.1 	0.469373  1  -4338.94  9711
O16 	14895.1 	0.354862  1  -3411.95  8758
O16 	14895.1 	0.225455  1  -1081.91  6368
O16 	14895.1 	0.414735  1  -3399.48  8943
O16 	14895.1 	0.218142  1  4771.98  254
O16 	14895.1 	0.315352  1  2757.61  2417
O16 	14895.1 	0.198156  1  2732.33  2316
O16 	14895.1 	0.362305  1  4316.72  728
O16 	14895.1 	0.377054  1  666.613  4447
O16 	14895.1 	0.274989  1  -2182.57  7372
O16 	14895.1 	0.206095  1  3919.79  1090
O16 	14895.1 	0.202421  1  403.799  4782
O16 	14895.1 	0.913846  1  -4848.87  10352
O16 	14895.1 	0.280068  1  3901.94  1183
O16 	14895.1 	0.463221  1  584.331  4745
O16 	14895.1 	0.239462  1  -3407.72  8851
O16 	14895.1 	0.250428  1  -3285.88  8736
O16 	14895.1 	0.262503  1  -3870.17  9362
O16 	14895.1 	0.414079  1  -262.984  5405
O16 	14895.1 	0.493498  1  1834.65  3271
O16 	14895.1 	0.204023  1  -3036.65  8337
O16 	14895.1 	1.93297  1  245.664  4898
O16 	14895.1 	0.404401  1  4329.89  676
O16 	14895.1 	0.527001  1  3657.61  1387
O16 	14895.1 	0.212991  1  3774.54  1312
O16 	14895.1 	0.303782  1  -986.115  6178
O16 	14895.1 	0.718531  1  4936.86  57
O16 	14895.1 	0.319385  1  3813.81  1242
O16 	14895.1 	0.34963  1  -4146.02  9651
O16 	14895.1 	0.915005  1  3864.49  1180
O16 	14895.1 	0.208948  1  -3993.21  9398
O16 	14895.1 	0.31287  1  2918.5  2165
O16 	14895.1 	0.469563  1  1361.17  3799
O16 	14895.1 	0.222331  1  -4967.49  10283
O16 	14895.1 	0.637252  1  2842.43  2229
O16 	14895.1 	0.515983  1  -4013.84  9277
O16 	14895.1 	0.507059  1  3731.98  1279
O16 	14895.1 	0.233799  1  -828.595  6082
O16 	14895.1 	0.754226  1  4609.25  400
O16 	14895.1 	0.400044  1  -4102.97  9573
O16 	14895.1 	0.195774  1  220.333  4907
O16 	14895.1 	0.270836  1  -1247.02  6355
O16 	14895.1 	0.189892  1  2327.21  2895
O16 	14895.1 	0.209124  1  3787.55  1248
O16 	14895.1 	0.601525  1  -3096.33  8377
O16 	14895.1 	0.248931  1  2839.65  2220
O16 	14895.1 	0.288199  1  -4591.16  9830
O16 	14895.1 	0.223078  1  -913.847  6200
O16 	14895.1 	0.193337  1  2627.28  2471
O16 	14895.1 	0.199616  1  -4140.63  9464
O16 	14895.1 	0.330481  1  -177.108  5430
O16 	14895.1 	1.48347  1  -292.874  5587
O16 	14895.1 	0.29165  1  1685.23  3504
O16 	14895.1 	0.24419  1  -1509.85  6775
O16 	14895.1 	0.411546  1  3270.49  1795
O16 	14895.1 	0.585028  1  -2210.62  7603
O16 	14895.1 	0.28636  1  4400.97  608
O16 	14895.1 	0.245078  1  -3881.17  9257
O16 	14895.1 	0.985316  1  495.71  4760
O16 	14895.1 	0.212036  1  759.613  4355
O16 	14895.1 	0.226008  1  -4814.48  10091
O16 	14895.1 	0.675057  1  -2076  7407
O16 	14895.1 	0.233051  1  3287.82  1820
O16 	14895.1 	0.259929  1  1386.19  3793
O16 	14895.1 	0.512673  1  -2202.95  7639
O16 	14895.1 	0.260892  1  4296.61  765
O16 	14895.1 	0.262411  1  2818.21  2324
O16 	14895.1 	0.879491  1  1740.76  3434
O16 	14895.1 	0.313465  1  3740.86  1345
O16 	14895.1 	0.402913  1  2512.34  2581
O16 	14895.1 	0.234593  1  -2006.23  7383
O16 	14895.1 	0.33534  1  -4587.5  9930
O16 	14895.1 	0.305406  1  -155.322  5309
O16 	14895.1 	0.483225  1  -373.146  5531
O16 	14895.1 	0.218545  1  2904.08  2139
O16 	14895.1 	0.30492  1  470.304  4709
O16 	14895.1 	0.871287  1  -763.969  5988
O16 	14895.1 	0.192613  1  3553.78  1481
O16 	14895.1 	1.79635  1  -2104.95  7560
O16 	14895.1 	0.289999  1  -1457.45  6778
O16 	14895.1 	0.260617  1  -2977.89  8342
O16 	14895.1 	0.296741  1  4278.63  767
O16 	14895.1 	0.25509  1  -2524.93  7895
O16 	14895.1 	0.372701  1  1628.23  3574
O16 	14895.1 	0.282731  1  3416.97  1669
O16 	14895.1 	0.46425  1  4314.06  703
O16 	14895.1 	0.826004  1  4651.5  373
O16 	14895.1 	0.197297  1  -967.561  6243
O16 	14895.1 	0.287314  1  1685.38  3451
O16 	14895.1 	0.414318  1  2785.19  2357
O16 	14895.1 	0.616686  1  4140.8  874
O16 	14895.1 	0.259467  1  1440.12  3704
O16 	14895.1 	0.192739  1  3025.97  2052
O16 	14895.1 	0.188682  1  -3618.95  8953
O16 	14895.1 	0.221115  1  -1557.99  6749
O16 	14895.1 	0.209802  1  3223.02  1843
O16 	14895.1 	0.497358  1  -1479.34  6765
O16 	14895.1 	0.544538  1  -2884.89  8300
O16 	14895.1 	0.29592  1  -2923.93  8205
O16 	14895.1 	0.467027  1  3667.23  1412
O16 	14895.1 	0.541071  1  -2423.88  7789
O16 	14895.1 	0.22717  1  -3098.55  8381
O16 	14895.1 	0.284957  1  -4384.63  9942
O16 	14895.1 	0.276884  1  -5.71222  5160
O16 	14895.1 	4.18084  1  -3159  8490
O16 	14895.1 	0.20006  1  2824.69  2301
O16 	14895.1 	0.260981  1  -2346.58  7684
O16 	14895.1 	0.841752  1  4655.81  383
O16 	14895.1 	0.210368  1  -1642.41  6941
O16 	14895.1 	2.47923  1  879.247  4298
O16 	14895.1 	0.256984  1  601.422  4570
O16 	14895.1 	0.32139  1  -3715.89  9167
O16 	14895.1 	0.264959  1  -4883.63  10280
O16 	14895.1 	0.565909  1  1876.11  3277
O16 	14895.1 	0.256687  1  3282.34  1772
O16 	14895.1 	0.285869  1  -2920.62  8043
O16 	14895.1 	1.58903  1  -4641.64  10056
O16 	14895.1 	0.326545  1  -3388.73  8785
O16 	14895.1 	0.231767  1  -3296.73  8706
O16 	14895.1 	0.244248  1  311.375  4978
O16 	14895.1 	0.390932  1  -223.515  5428
O16 	14895.1 	0.419243  1  1328.42  3735
O16 	14895.1 	0.40408  1  4352.14  670
O16 	14895.1 	0.331509  1  -1394.3  6579
O16 	14895.1 	0.497998  1  -2385.86  7644
O16 	14895.1 	0.288177  1  -1072.01  6322
O16 	14895.1 	0.310942  1  -1901.47  7277
O16 	14895.1 	0.321931  1  4749.58  250
O16 	14895.1 	0.236303  1  3606.2  1501
O16 	14895.1 	0.262323  1  3227.54  1887
O16 	14895.1 	0.274143  1  -3739.8  9136
O16 	14895.1 	0.253941  1  -71.9229  5207
O16 	14895.1 	0.222567  1  -4211.91  9546
O16 	14895.1 	0.326134  1  2174.83  3101
O16 	14895.1 	0.344673  1  4598.16  367
O16 	14895.1 	0.704509  1  -2590.13  7940
O16 	14895.1 	0.613479  1  -3955.96  9399
O16 	14895.1 	0.575951  1  1268.11  3914
O16 	14895.1 	0.21093  1  -3239.45  8721
O16 	14895.1 	1.1464  1  -893.445  6175
O16 	14895.1 	0.38671  1  -4690.54  10137
O16 	14895.1 	0.328115  1  4426.45  603
O16 	14895.1 	0.280952  1  -3306.75  8662
O16 	14895.1 	0.201866  1  3655.68  1481
O16 	14895.1 	0.253461  1  1503.76  3656
O16 	14895.1 	0.469365  1  -336.922  5640
O16 	14895.1 	0.249115  1  -4553.65  9891
O16 	14895.1 	0.548952  1  368.576  4839
O16 	14895.1 	0.188967  1  -1064.25  6196
O16 	14895.1 	0.209398  1  -2901.92  8211
O16 	14895.1 	0.746883  1  4690.34  308
O16 	14895.1 	0.264752  1  4059.23  1037
O16 	14895.1 	0.228115  1  2461.92  2647
O16 	14895.1 	0.383402  1  697.99  4491
O16 	14895.1 	0.193081  1  4273.58  745
O16 	14895.1 	0.451371  1  3649.72  1355
O16 	14895.1 	0.271435  1  -4986.04  10383
O16 	14895.1 	0.301898  1  -4574.45  9993
O16 	14895.1 	0.202048  1  -3785.86  9187
O16 	14895.1 	0.431046  1  -63.4299  5294
O16 	14895.1 	0.22076  1  4518.58  508
O16 	14895.1 	0.1948  1  -3127.94  8459
O16 	14895.1 	0.245983  1  2664.52  2483
O16 	14895.1 	0.254847  1  -158.688  5367
O16 	14895.1 	0.245443  1  4359.69  657
O16 	14895.1 	0.268053  1  858.926  4302
O16 	14895.1 	0.354351  1  1024.52  4240
O16 	14895.1 	0.374375  1  -1260.55  6694
O16 	14895.1 	0.556563  1  3160.88  1886
O16 	14895.1 	0.565545  1  256.809  4993
O16 	14895.1 	0.258636  1  -2045.07  7321
O16 	14895.1 	0.195347  1  -3.57322  5224
O16 	14895.1 	0.328275  1  4528.19  486
O16 	14895.1 	0.203355  1  -1351.85  6637
O16 	14895.1 	0.670867  1  -2125.22  7416
O16 	14895.1 	0.539963  1  2073.54  3130
O16 	14895.1 	0.264552  1  1970.79  3196
O16 	14895.1 	0.268032  1  975.962  4098
O16 	14895.1 	0.281212  1  -4528.65  9890
O16 	14895.1 	0.202841  1  658.739  4482
O16 	14895.1 	0.201759  1  1233.01  3909
O16 	14895.1 	0.316064  1  -1330.46  6817
O16 	14895.1 	0.886687  1  1904.61  3244
O16 	14895.1 	0.38989  1  -3026.33  8332
O16 	14895.1 	0.355165  1  -3709.73  8982
O16 	14895.1 	0.233969  1  -4871.79  10374
O16 	14895.1 	0.193888  1  2458.14  2711
O16 	14895.1 	0.388244  1  687.993  4419
O16 	14895.1 	0.385621  1  -4065.78  9546
O16 	14895.1 	0.201153  1  -2075.08  7384
O16 	14895.1 	0.39029  1  -1168.13  6498
O16 	14895.1 	3.00745  1  -1782.57  7148
O16 	14895.1 	0.228732  1  -160.437  5423
O16 	14895.1 	0.288088  1  -2295.26  7635
O16 	14895.1 	0.68839  1  1368.51  3792
O16 	14895.1 	0.225399  1  -650.083  5927
O16 	14895.1 	0.509061  1  -1586.68  6958
O16 	14895.1 	0.4323  1  -1670.25  6781
O16 	14895.1 	0.310271  1  4888.68  127
O16 	14895.1 	0.651805  1  -3359.24  8827
O16 	14895.1 	0.544639  1  859.479  4306
O16 	14895.1 	0.290515  1  4547.76  442
O16 	14895.1 	0.207156  1  -2487.56  7783
O16 	14895.1 	0.558871  1  -211.021  5360
O16 	14895.1 	0.290856  1  2164.76  2994
O16 	14895.1 	0.478522  1  -4202.68  9736
O16 	14895.1 	0.218612  1  3203.45  1817
O16 	14895.1 	0.372366  1  1204.92  4011
O16 	14895.1 	0.418684  1  4820.87  182
O16 	14895.1 	5.70814  1  -206.923  5466
O16 	14895.1 	0.668146  1  1787.49  3361
O16 	14895.1 	0.335615  1  2151.88  2977
O16 	14895.1 	0.233298  1  -4410.24  9693
O16 	14895.1 	0.234599  1  1471.1  3637
O16 	14895.1 	0.374711  1  446.597  4571
O16 	14895.1 	0.212253  1  -3111.95  8531
O16 	14895.1 	0.80941  1  4319.72  710
O16 	14895.1 	0.260579  1  -3940.04  9412
O16 	14895.1 	0.239298  1  -4431.34  9797
O16 	14895.1 	1.57301  1  2020.35  3153
O16 	14895.1 	0.241623  1  2812.44  2244
O16 	14895.1 	0.32598  1  3559.32  1556
O16 	14895.1 	0.193448  1  -3775.43  9172
O16 	14895.1 	0.486231  1  -3675.58  9085
O16 	14895.1 	0.233762  1  3705.1  1298
O16 	14895.1 	0.262332  1  -3215.68  8532
O16 	14895.1 	0.345649  1  340.501  4969
O16 	14895.1 	0.329474  1  -410.267  5744
O16 	14895.1 	0.376611  1  -1341.93  6629
O16 	14895.1 	0.346256  1  2619.52  2536
O16 	14895.1 	0.243165  1  -3945.25  9217
O16 	14895.1 	0.286354  1  -3726.97  8929
O16 	14895.1 	0.197847  1  1571.4  3659
O16 	14895.1 	0.376067  1  -3544.27  9019
O16 	14895.1 	0.204293  1  -969.145  6287
O16 	14895.1 	0.241198  1  -1822.51  7161
O16 	14895.1 	0.441449  1  -2523.34  7938
O16 	14895.1 	0.232917  1  4652.03  347
O16 	14895.1 	0.453058  1  1344.13  3938
O16 	14895.1 	0.215423  1  -3466.49  8933
O16 	14895.1 	0.304303  1  -1899.5  7174
O16 	14895.1 	0.344101  1  -478.731  5706
O16 	14895.1 	0.351612  1  -253.844  5448
O16 	14895.1 	2.00689  1  -1573.84  6948
O16 	14895.1 	0.195998  1  -1540.2  6781
O16 	14895.1 	0.192759  1  -4013.33  9503
O16 	14895.1 	0.440822  1  -4260.46  9772
O16 	14895.1 	0.649828  1  429.323  4723
O16 	14895.1 	0.217311  1  -1444.94  6754
O16 	14895.1 	1.2628  1  -2997.06  8356
O16 	14895.1 	0.192185  1  1608.5  3527
O16 	14895.1 	0.300842  1  4380.81  660
O16 	14895.1 	0.246038  1  2706.49  2373
O16 	14895.1 	0.229833  1  2972.1  2101
O16 	14895.1 	0.191433  1  -3754.83  9248
O16 	14895.1 	0.19385  1  3649.86  1395
O16 	14895.1 	0.235462  1  2344.36  2822
O16 	14895.1 	0.313836  1  70.5776  5165
O16 	14895.1 	1.13483  1  -669.724  5945
O16 	14895.1 	0.22589  1  -4709.74  10183
O16 	14895.1 	0.782902  1  4403.66  604
O16 	14895.1 	0.282598  1  1587.7  3556
O16 	14895.1 	0.238494  1  -3205.59  8588
O16 	14895.1 	0.878125  1  -36.5106  5287
O16 	14895.1 	0.34265  1  4238.38  774
O16 	14895.1 	0.241825  1  -4175.12  9388
O16 	14895.1 	0.797341  1  -3217.46  8775
O16 	14895.1 	0.212974  1  -4401.39  9921
O16 	14895.1 	0.231367  1  -2062.07  7422
O16 	14895.1 	1.11652  1  -4998.6  10554
O16 	14895.1 	0.255849  1  3649.17  1480
O16 	14895.1 	0.233767  1  -267.601  5512
O16 	14895.1 	0.20762  1  -1194.81  6572
O16 	14895.1 	0.213888  1  2737.64  2386
O16 	14895.1 	0.614448  1  4856  146
O16 	14895.1 	0.227848  1  -440.198  5665
O16 	14895.1 	0.256056  1  3770.31  1312
O16 	14895.1 	0.331139  1  1731.45  3421
O16 	14895.1 	0.237212  1  -177.935  5507
O16 	14895.1 	0.567077  1  3103.73  1973
O16 	14895.1 	0.220461  1  3627.78  1393
O16 	14895.1 	0.190717  1  -4192.05  9525
O16 	14895.1 	0.209026  1  -253.477  5522
O16 	14895.1 	0.256368  1  3474.56  1560
O16 	14895.1 	0.413021  1  4119.67  959
O16 	14895.1 	0.454959  1  -1713.27  6925
O16 	14895.1 	0.280484  1  -296.137  5427
O16 	14895.1 	1.21716  1  895.32  4227
O16 	14895.1 	0.371551  1  2100.93  3095
O16 	14895.1 	0.255036  1  3686.21  1370
O16 	14895.1 	0.196246  1  206.574  5031
O16 	14895.1 	0.388168  1  1618.72  3597
O16 	14895.1 	0.218641  1  4809.89  171
O16 	14895.1 	0.433242  1  -4840.61  10176
O16 	14895.1 	0.262539  1  3002.1  2045
O16 	14895.1 	0.192074  1  4698.8  308
O16 	14895.1 	1.50223  1  -147.227  5325
O16 	14895.1 	0.3802  1  -4205.42  9694
O16 	14895.1 	0.328819  1  4103.5  948
O16 	14895.1 	0.368942  1  -3687.2  9079
O16 	14895.1 	0.239778  1  3677.38  1390
O16 	14895.1 	0.311137  1  170.651  5118
O16 	14895.1 	0.360278  1  1600.52  3507
O16 	14895.1 	1.35142  1  -397.072  5652
O16 	14895.1 	0.507847  1  -2850.18  8158
O16 	14895.1 	0.519502  1  1414.32  3814
O16 	14895.1 	0.32927  1  2791.3  2348
O16 	14895.1 	0.252907  1  4915.68  117
O16 	14895.1 	0.200927  1  -1220.04  6543
O16 	14895.1 	0.52327  1  -2902.35  8301
O16 	14895.1 	0.27416  1  4773.91  236
O16 	14895.1 	0.211894  1  1225.75  4020
O16 	14895.1 	0.315385  1  1019.98  4022
O16 	14895.1 	0.306446  1  -1043.16  6271
O16 	14895.1 	0.282411  1  1402.89  3657
O16 	14895.1 	1.34161  1  -1611.11  6866
O16 	14895.1 	0.357923  1  -1004.99  6240
O16 	14895.1 	0.192341  1  2881.1  2273
O16 	14895.1 	0.427298  1  2043.17  3161
O16 	14895.1 	0.280151  1  -1486.07  6847
O16 	14895.1 	0.753969  1  1190.29  3848
O16 	14895.1 	0.235511  1  -148.799  5492
O16 	14895.1 	0.232197  1  -2928.15  8370
O16 	14895.1 	0.23091  1  4466.89  552
O16 	14895.1 	2.29206  1  4538.46  449
O16 	14895.1 	0.215346  1  4411.11  628
O16 	14895.1 	0.32962  1  838.87  4434
O16 	14895.1 	0.617552  1  -2962.21  8416
O16 	14895.1 	0.44048  1  -3992.05  9290
O16 	14895.1 	0.653454  1  -3880.54  9216
O16 	14895.1 	0.247221  1  -1594.33  6907
O16 	14895.1 	0.30031  1  -173.262  5334
O16 	14895.1 	0.412414  1  386.937  4752
O16 	14895.1 	0.420077  1  -862.211  6040
O16 	14895.1 	0.251959  1  -2458.31  7828
O16 	14895.1 	0.220332  1  -326.352  5452
O16 	14895.1 	0.661858  1  -4515.98  9849
O16 	14895.1 	0.455789  1  -3143.95  8544
O16 	14895.1 	1.65923  1  -3320.24  8623
O16 	14895.1 	0.191329  1  -4633.95  10054
O16 	14895.1 	0.390914  1  4282.18  765
O16 	14895.1 	0.214975  1  -689.253  5975
O16 	14895.1 	0.692919  1  2873.66  2151
O16 	14895.1 	0.338862  1  2487.14  2606
O16 	14895.1 	0.928504  1  791.168  4342
O16 	14895.1 	0.257359  1  2758.16  2299
O16 	14895.1 	0.19739  1  -1292.48  6486
O16 	14895.1 	0.262454  1  2007.23  3143
O16 	14895.1 	0.582728  1  -4436.38  9918
O16 	14895.1 	0.196139  1  -1284.52  6634
O16 	14895.1 	0.572247  1  1941.17  3067
O16 	14895.1 	1.60782  1  -1376.46  6594
O16 	14895.1 	0.24137  1  1663.37  3508
O16 	14895.1 	0.61001  1  -1352.01  6510
O16 	14895.1 	0.535156  1  4955.88  45
O16 	14895.1 	0.192872  1  -522.911  5754
O16 	14895.1 	0.226749  1  2799.18  2443
O16 	14895.1 	0.278697  1  4670.41  330
O16 	14895.1 	0.643031  1  4609.48  405
O16 	14895.1 	0.204627  1  2132.65  3036
O16 	14895.1 	0.23541  1  365.413  5038
O16 	14895.1 	0.274518  1  -50.2157  5259
O16 	14895.1 	0.326817  1  -791.729  6109
O16 	14895.1 	0.252965  1  -633.808  5854
O16 	14895.1 	0.264459  1  -2481.1  7878
O16 	14895.1 	0.257483  1  -4636.11  10027
O16 	14895.1 	0.346549  1  4197.37  799
O16 	14895.1 	0.348906  1  4397.14  630
O16 	14895.1 	1.83663  1  773.468  4488
O16 	14895.1 	0.467886  1  -3641.97  8962
O16 	14895.1 	0.188816  1  -1264.8  6515
O16 	14895.1 	0.937725  1  -2401.28  7824
O16 	14895.1 	0.221114  1  1733.31  3435
O16 	14895.1 	0.249296  1  -2826.78  8171
O16 	14895.1 	0.788105  1  -1622.3  7005
O16 	14895.1 	0.19727  1  -1336.25  6601
O16 	14895.1 	3.92292  1  -3317.25  8477
O16 	14895.1 	0.234467  1  3778.69  1304
O16 	14895.1 	0.294355  1  -3140.62  8500
O16 	14895.1 	0.343385  1  -201.916  5369
O16 	14895.1 	0.498121  1  -4741.97  10085
O16 	14895.1 	1.08263  1  -1837.41  7164
O16 	14895.1 	0.823458  1  -2128.96  7454
O16 	14895.1 	0.215494  1  -2298.86  7721
O16 	14895.1 	0.633983  1  -132.676  5347
O16 	14895.1 	0.540717  1  -3860.46  9251
O16 	14895.1 	0.521115  1  3202.19  1866
O16 	14895.1 	0.23143  1  3920.28  1120
O16 	14895.1 	0.314594  1  1766.36  3527
O16 	14895.1 	0.329627  1  -3095.19  8679
O16 	14895.1 	0.245062  1  4117.41  904
O16 	14895.1 	0.21495  1  2846.43  2201
O16 	14895.1 	0.640513  1  -4843.19  10121
O16 	14895.1 	0.584659  1  -328.361  5520
O16 	14895.1 	0.237969  1  4262.29  786
O16 	14895.1 	0.197069  1  4100.55  970
O16 	14895.1 	0.221256  1  2442.71  2658
O16 	14895.1 	3.35477  1  2227.16  2894
O16 	14895.1 	0.268563  1  271.439  4881
O16 	14895.1 	0.562706  1  -2710.5  7972
O16 	14895.1 	0.200512  1  2661.46  2490
O16 	14895.1 	0.526189  1  1858.32  3328
O16 	14895.1 	0.36037  1  1464.82  3839
O16 	14895.1 	0.235459  1  -1456.25  6855
O16 	14895.1 	0.290093  1  -4860.26  10348
O16 	14895.1 	0.366324  1  1022.97  4101
O16 	14895.1 	0.207666  1  -2337.98  7613
O16 	14895.1 	0.223429  1  1778.04  3418
O16 	14895.1 	0.245845  1  2823.26  2313
O16 	14895.1 	1.41115  1  244.124  5040
O16 	14895.1 	0.252436  1  3767.18  1305
O16 	14895.1 	0.416101  1  474.489  4728
O16 	14895.1 	0.216227  1  4454.44  555
O16 	14895.1 	0.558572  1  145.027  5207
O16 	14895.1 	0.321981  1  -4442.57  9934
O16 	14895.1 	0.409624  1  -2628.61  8015
O16 	14895.1 	0.407714  1  4502.72  499
O16 	14895.1 	0.245915  1  -4121.44  9467
O16 	14895.1 	0.214627  1  -2375.8  7603
O16 	14895.1 	0.525771  1  -4007.03  9273
O16 	14895.1 	0.295432  1  2351.59  2767
O16 	14895.1 	0.349474  1  686.177  4462
O16 	14895.1 	0.264793  1  4392.56  646
O16 	14895.1 	0.459357  1  4298.07  735
O16 	14895.1 	0.746138  1  2301.43  2784
O16 	14895.1 	0.547728  1  -336.314  5571
O16 	14895.1 	0.927144  1  4608.95  414
O16 	14895.1 	0.342522  1  4695.49  321
O16 	14895.1 	0.371356  1  4539.52  467
O16 	14895.1 	0.31471  1  3419.87  1606
O16 	14895.1 	0.644947  1  -635.37  5811
O16 	14895.1 	0.199942  1  -4822.32  10254
O16 	14895.1 	3.04884  1  1607.79  3541
O16 	14895.1 	0.326774  1  -3937.53  9419
O16 	14895.1 	2.3611  1  1988.58  3151
O16 	14895.1 	0.281508  1  -1641.72  7084
O16 	14895.1 	0.242726  1  1553.68  3586
O16 	14895.1 	0.209955  1  3919.25  1117
O16 	14895.1 	0.240872  1  1080.02  4025
O16 	14895.1 	0.20933  1  -4115.31  9585
O16 	14895.1 	0.282952  1  -331.367  5553
O16 	14895.1 	1.04102  1  3717.94  1316
O16 	14895.1 	0.251918  1  3246.75  1870
O16 	14895.1 	0.710468  1  4262.26  732
O16 	14895.1 	0.255329  1  -824.8  6131
O16 	14895.1 	2.56906  1  -2050.74  7331
O16 	14895.1 	0.919816  1  2277.12  2922
O16 	14895.1 	0.296853  1  -0.160667  5332
O16 	14895.1 	0.231626  1  -4064.64  9651
O16 	14895.1 	0.230135  1  -4889.22  10270
O16 	14895.1 	0.928603  1  1649.59  3486
O16 	14895.1 	0.42634  1  -1212.22  6382
O16 	14895.1 	0.383149  1  -4009.7  9511
O16 	14895.1 	0.301424  1  -4117.63  9444
O16 	14895.1 	0.837607  1  1089.5  4125
O16 	14895.1 	0.230972  1  -3422.91  8813
O16 	14895.1 	0.394698  1  -1765.21  7002
O16 	14895.1 	0.626364  1  4281.93  733
O16 	14895.1 	0.188727  1  1695.8  3533
O16 	14895.1 	0.194118  1  -1811.9  7123
O16 	14895.1 	0.208646  1  -2236.24  7567
O16 	14895.1 	0.25993  1  -1801.83  7142
O16 	14895.1 	0.208586  1  1268.46  3777
O16 	14895.1 	0.750959  1  4330.03  733
O16 	14895.1 	0.208097  1  -375.565  5609
O16 	14895.1 	0.250983  1  -2678.11  8031
O16 	14895.1 	0.597088  1  3846.99  1193
O16 	14895.1 	0.237467  1  2947.58  2090
O16 	14895.1 	0.283674  1  2809.57  2242
O16 	14895.1 	0.198582  1  -644.145  6029
O16 	14895.1 	0.818068  1  4266.01  785
O16 	14895.1 	0.229366  1  4050.61  997
O16 	14895.1 	0.188385  1  2799.4  2355
O16 	14895.1 	0.353236  1  3509.44  1569
O16 	14895.1 	2.13971  1  2229.45  2928
O16 	14895.1 	2.66676  1  -4949.68  10513
O16 	14895.1 	0.366979  1  -3064.68  8361
O16 	14895.1 	0.204935  1  3647.77  1420
O16 	14895.1 	0.789445  1  4101.21  930
O16 	14895.1 	0.719808  1  2213.18  2898
O16 	14895.1 	0.207343  1  -1605.62  6906
O16 	14895.1 	0.264867  1  3318.28  1679
O16 	14895.1 	0.384883  1  -54.7022  5229
O16 	14895.1 	0.747334  1  2760.86  2361
O16 	14895.1 	0.211133  1  -2640.73  7853
O16 	14895.1 	0.395496  1  -3463.55  8683
O16 	14895.1 	0.258328  1  1074.34  4219
O16 	14895.1 	0.339592  1  -3486.48  8831
O16 	14895.1 	0.201839  1  4885.48  130
O16 	14895.1 	0.287118  1  -2928.2  8311
O16 	14895.1 	0.326012  1  4759.93  256
O16 	14895.1 	0.500415  1  -870.005  6245
O16 	14895.1 	0.525034  1  4905.05  97
O16 	14895.1 	0.279039  1  -2912.23  8173
O16 	14895.1 	0.951018  1  -1894.71  7164
O16 	14895.1 	0.373456  1  1141.27  3998
O16 	14895.1 	2.87531  1  -256.051  5481
O16 	14895.1 	1.68965  1  -229.731  5420
O16 	14895.1 	0.215431  1  3328.42  1788
O16 	14895.1 	0.429469  1  -19.6936  5261
O16 	14895.1 	0.199356  1  3873.08  1189
O16 	14895.1 	0.537536  1  3776.2  1286
O16 	14895.1 	0.199571  1  825.94  4370
O16 	14895.1 	0.347508  1  2253.57  2852
O16 	14895.1 	0.4929  1  2079.67  3110
O16 	14895.1 	2.64019  1  -3100.95  8437
O16 	14895.1 	0.951804  1  1091.96  4079
O16 	14895.1 	0.243034  1  2882.97  2265
O16 	14895.1 	0.206587  1  4867.77  138
O16 	14895.1 	0.867039  1  4830.42  164
O16 	14895.1 	0.966383  1  1187.48  4006
O16 	14895.1 	0.193159  1  -429.813  5704
O16 	14895.1 	0.305156  1  -1032.2  6325
O16 	14895.1 	0.420032  1  4534.06  499
O16 	14895.1 	0.490005  1  4730.25  317
O16 	14895.1 	0.356028  1  -314.758  5508
O16 	14895.1 	0.269359  1  -4848.02  10245
O16 	14895.1 	0.189247  1  -375.953  5434
O16 	14895.1 	0.191668  1  -3959.71  9425
O16 	14895.1 	0.447162  1  1308.16  3910
O16 	14895.1 	0.674737  1  -3281.14  8678
O16 	14895.1 	0.210038  1  4217.22  811
O16 	14895.1 	0.31495  1  -198.743  5523
O16 	14895.1 	0.443737  1  377.134  4880
O16 	14895.1 	0.278119  1  -1306.16  6620
O16 	14895.1 	0.770139  1  -2205.75  7643
O16 	14895.1 	0.377707  1  -487.373  5787
O16 	14895.1 	1.75981  1  -1441.75  6614
O16 	14895.1 	0.244682  1  -2871.22  7990
O16 	14895.1 	0.199926  1  -3287.38  8893
O16 	14895.1 	0.274276  1  -4106.58  9728
O16 	14895.1 	1.82726  1  1320.89  3925
O16 	14895.1 	0.262678  1  3004.08  2064
O16 	14895.1 	0.26995  1  -2630.75  8051
O16 	14895.1 	0.329308  1  -3918.04  9400
O16 	14895.1 	0.415071  1  892.984  4369
O16 	14895.1 	0.422176  1  -3429.07  8778
O16 	14895.1 	0.214909  1  -169.994  5460
O16 	14895.1 	0.194475  1  2458.62  2592
O16 	14895.1 	0.809314  1  -1409.77  6628
O16 	14895.1 	0.256085  1  -4271.06  9868
O16 	14895.1 	1.49686  1  -2388.25  7705
O16 	14895.1 	0.338044  1  1523.24  3644
O16 	14895.1 	0.232798  1  4032.32  1039
O16 	14895.1 	0.62133  1  2808.97  2338
O16 	14895.1 	0.201291  1  2014.13  3142
O16 	14895.1 	0.27068  1  1871.97  3288
O16 	14895.1 	0.74903  1  1702.98  3445
O16 	14895.1 	0.25305  1  2821.79  2169
O16 	14895.1 	0.323908  1  4419.68  583
O16 	14895.1 	0.207758  1  4916.49  95
O16 	14895.1 	0.269558  1  4188.54  836
O16 	14895.1 	0.33069  1  -1091.47  6384
O16 	14895.1 	0.349602  1  2267.68  2769
O16 	14895.1 	0.211412  1  -3783.11  9045
O16 	14895.1 	0.545877  1  2931.29  2172
O16 	14895.1 	0.197188  1  -4281.57  9711
O16 	14895.1 	0.687816  1  -720.823  6037
O16 	14895.1 	0.189238  1  -357.533  5597
O16 	14895.1 	0.208245  1  -4066.2  9518
O16 	14895.1 	0.383162  1  3875.09  1156
O16 	14895.1 	0.320424  1  -210.977  5505
O16 	14895.1 	0.281647  1  -2942.02  8246
O16 	14895.1 	1.33568  1  1855.99  3253
O16 	14895.1 	0.272353  1  457.136  4596
O16 	14895.1 	0.215899  1  403.381  4757
O16 	14895.1 	0.246237  1  -1493.1  6867
O16 	14895.1 	0.277307  1  -2882.55  8147
O16 	14895.1 	0.569832  1  229.355  5058
O16 	14895.1 	0.557207  1  1992.32  3133
O16 	14895.1 	0.55584  1  -1681.78  6882
O16 	14895.1 	0.360843  1  4617.44  369
O16 	14895.1 	0.196217  1  -1551.81  6669
O16 	14895.1 	0.925158  1  3199.55  1874
O16 	14895.1 	0.213925  1  -660.291  5916
O16 	14895.1 	0.446346  1  -2090.95  7423
O16 	14895.1 	0.416981  1  3868.68  1221
O16 	14895.1 	0.251852  1  2668.09  2491
O16 	14895.1 	0.321928  1  -90.3168  5323
O16 	14895.1 	0.258925  1  -1676.85  6849
O16 	14895.1 	0.210458  1  -1473.47  6838
O16 	14895.1 	0.312742  1  -4035.85  9499
O16 	14895.1 	0.296531  1  -2955.4  8231
O16 	14895.1 	0.19837  1  2096.7  2960
O16 	14895.1 	0.227306  1  -1120.38  6254
O16 	14895.1 	0.605  1  -4275.45  9770
O16 	14895.1 	1.36463  1  3623.94  1484
O16 	14895.1 	0.308017  1  -167.386  5356
O16 	14895.1 	0.3051  1  4890.35  117
O16 	14895.1 	0.331483  1  -4399.03  9580
O16 	14895.1 	0.276369  1  98.4958  5085
O16 	14895.1 	0.195157  1  -2902.76  8148
O16 	14895.1 	0.274214  1  921.54  4162
O16 	14895.1 	0.302132  1  130.871  5092
O16 	14895.1 	0.557507  1  -3366.2  8847
O16 	14895.1 	0.214145  1  -1216.46  6463
O16 	14895.1 	0.281972  1  1776.05  3401
O16 	14895.1 	0.366525  1  35.7989  5071
O16 	14895.1 	0.322  1  2377.12  2680
O16 	14895.1 	0.34815  1  2672.55  2453
O16 	14895.1 	0.234898  1  338.943  4864
O16 	14895.1 	0.404397  1  -4539.59  9907
O16 	14895.1 	0.238898  1  2953.76  2149
O16 	14895.1 	0.192559  1  -4773.55  10126
O16 	14895.1 	0.474736  1  -3187.29  8633
O16 	14895.1 	0.361718  1  -3272.95  8505
O16 	14895.1 	0.723777  1  -4719.95  10093
O16 	14895.1 	0.254014  1  2734.7  2389
O16 	14895.1 	0.691743  1  -923.871  6144
O16 	14895.1 	0.203974  1  -3135.39  8421
O16 	14895.1 	0.312993  1  -3436.19  8828
O16 	14895.1 	0.20838  1  3148.93  1876
O16 	14895.1 	0.211675  1  -145.257  5372
O16 	14895.1 	0.531148  1  -3004.05  8600
O16 	14895.1 	0.225778  1  1798.18  3377
O16 	14895.1 	0.633794  1  376.053  4850
O16 	14895.1 	0.192406  1  -4688.78  10116
O16 	14895.1 	0.225689  1  -2924.75  8338
O16 	14895.1 	0.266257  1  3169.11  1936
O16 	14895.1 	0.380529  1  775.161  4532
O16 	14895.1 	0.817836  1  -2582.77  8059
O16 	14895.1 	0.282684  1  3361.66  1726
O16 	14895.1 	0.19552  1  2478.11  2607
O16 	14895.1 	0.602806  1  839.421  4320
O16 	14895.1 	2.49819  1  4667.47  331
O16 	14895.1 	0.455256  1  -4958.64  10250
O16 	14895.1 	0.228923  1  -3436.63  8822
O16 	14895.1 	0.195556  1  42.8407  5184
O16 	14895.1 	0.206511  1  3911.16  1111
O16 	14895.1 	0.293901  1  1157.91  3927
O16 	14895.1 	0.445024  1  3203.72  1844
O16 	14895.1 	0.910779  1  1052.63  4166
O16 	14895.1 	0.633022  1  2591.32  2477
O16 	14895.1 	1.49923  1  3530.02  1523
O16 	14895.1 	0.6229  1  -1227.6  6545
O16 	14895.1 	0.538462  1  -3319.98  8677
O16 	14895.1 	1.14811  1  3064.9  2000
O16 	14895.1 	0.360897  1  -1167.12  6425
O16 	14895.1 	0.326057  1  3416.96  1669
O16 	14895.1 	0.397897  1  -498.552  5760
O16 	14895.1 	0.199989  1  4254  792
O16 	14895.1 	0.911363  1  -4128.64  9515
O16 	14895.1 	0.544354  1  -4692.26  10204
O16 	14895.1 	0.324682  1  -2574.51  7925
O16 	14895.1 	0.767734  1  -4272.64  9837
O16 	14895.1 	0.338396  1  121.821  5054
O16 	14895.1 	0.219286  1  293.053  4935
O16 	14895.1 	0.195697  1  2313.81  2740
O16 	14895.1 	3.33668  1  -1944.14  7205
O16 	14895.1 	0.260217  1  1579.31  3576
O16 	14895.1 	0.225466  1  773.815  4480
O16 	14895.1 	0.211337  1  2783.5  2284
O16 	14895.1 	0.907814  1  -2236.62  7523
O16 	14895.1 	0.266975  1  -4040.07  9340
O16 	14895.1 	0.238195  1  -3808.12  9155
O16 	14895.1 	0.499674  1  198.686  5102
O16 	14895.1 	0.196288  1  -4561.08  9874
O16 	14895.1 	1.07645  1  2208.61  2880
O16 	14895.1 	0.803363  1  3869.67  1197
O16 	14895.1 	0.194494  1  -1056.81  6207
O16 	14895.1 	0.207839  1  -141.609  5285
O16 	14895.1 	0.189255  1  -4975.28  10273
O16 	14895.1 	0.230056  1  -3302.78  8781
O16 	14895.1 	2.20723  1  -1382.32  6584
O16 	14895.1 	0.353041  1  641.372  4488
O16 	14895.1 	0.277389  1  -1821.46  7000
O16 	14895.1 	0.229769  1  -3706.39  9063
O16 	14895.1 	0.252128  1  1606.49  3389
O16 	14895.1 	0.4097  1  2183.85  3045
O16 	14895.1 	1.04965  1  -60.2485  5391
O16 	14895.1 	0.564394  1  4963.59  35
O16 	14895.1 	0.509189  1  -1083.24  6294
O16 	14895.1 	0.459344  1  -3112.47  8414
O16 	14895.1 	0.264885  1  3048.9  2053
O16 	14895.1 	0.725387  1  -1769.24  7011
O16 	14895.1 	0.293436  1  572.7  4585
O16 	14895.1 	0.2302  1  -4366.27  9886
O16 	14895.1 	0.213756  1  1474.86  3748
O16 	14895.1 	0.331417  1  -1375.12  6673
O16 	14895.1 	0.41976  1  -4971.63  10421
O16 	14895.1 	0.815699  1  -3228.26  8574
O16 	14895.1 	0.247353  1  556.805  4512
O16 	14895.1 	0.677251  1  3172.23  1926
O16 	14895.1 	0.227026  1  -4638.53  10231
O16 	14895.1 	0.353968  1  -2080.16  7367
O16 	14895.1 	0.323267  1  2643.06  2513
O16 	14895.1 	0.373021  1  -1908.83  7238
O16 	14895.1 	0.60396  1  -114.349  5261
O16 	14895.1 	0.826624  1  -3467.76  8883
O16 	14895.1 	0.245575  1  -2249.2  7525
O16 	14895.1 	0.261177  1  -49.3963  5208
O16 	14895.1 	0.306892  1  -4232.72  9708
O16 	14895.1 	0.305845  1  1401.4  3707
O16 	14895.1 	0.96906  1  -3706.78  9055
O16 	14895.1 	0.21908  1  613.839  4645
O16 	14895.1 	0.598107  1  -140.578  5330
O16 	14895.1 	0.199615  1  4497.78  549
O16 	14895.1 	0.511507  1  3484.23  1634
O16 	14895.1 	0.366079  1  -4875.4  10363
O16 	14895.1 	0.285167  1  -4737.16  10063
O16 	14895.1 	0.207897  1  -3572.47  8891
O16 	14895.1 	0.900064  1  2067.01  3059
O16 	14895.1 	0.274859  1  1056.51  4100
O16 	14895.1 	0.188352  1  -2430.88  7729
O16 	14895.1 	0.208095  1  4345.91  703
O16 	14895.1 	0.190943  1  -1426.09  6735
O16 	14895.1 	0.256784  1  3924.59  1178
O16 	14895.1 	0.351656  1  -332.648  5652
O16 	14895.1 	0.600702  1  -1091.03  6320
O16 	14895.1 	0.835318  1  -3195.39  8576
O16 	14895.1 	0.546945  1  2231.26  2900
O16 	14895.1 	0.193243  1  2776.87  2301
O16 	14895.1 	0.806273  1  4851.59  153
O16 	14895.1 	0.63557  1  -1160.76  6422
O16 	14895.1 	0.21942  1  -2286.48  7445
O16 	14895.1 	0.488647  1  1171.75  3970
O16 	14895.1 	0.383432  1  2366.51  2703
O16 	14895.1 	0.2365  1  -4426.99  9896
O16 	14895.1 	0.268493  1  -924.408  6247
O16 	14895.1 	0.228341  1  657.724  4621
O16 	14895.1 	0.20788  1  1866.92  3369
O16 	14895.1 	1.02626  1  641.443  4517
O16 	14895.1 	0.290103  1  -4642.41  9987
O16 	14895.1 	0.523656  1  3554.92  1571
O16 	14895.1 	0.55286  1  2943.31  2188
O16 	14895.1 	0.205431  1  -4573.69  9969
O16 	14895.1 	0.204382  1  -3521.32  8914
O16 	14895.1 	0.19016  1  -3002.49  8300
O16 	14895.1 	0.804696  1  2155.27  2929
O16 	14895.1 	0.266866  1  496.687  4749
O16 	14895.1 	0.228513  1  -1782.31  6969
O16 	14895.1 	0.190247  1  868.806  4264
O16 	14895.1 	0.245603  1  -3697.45  9103
O16 	14895.1 	0.86573  1  -748.173  6019
O16 	14895.1 	0.249809  1  -3104.13  8435
O16 	14895.1 	0.317655  1  -3881.17  9287
O16 	14895.1 	0.335501  1  4365.01  647
O16 	14895.1 	0.239229  1  -2334.51  7735
O16 	14895.1 	0.756982  1  -227.917  5460
O16 	14895.1 	0.241736  1  3712  1386
O16 	14895.1 	0.428601  1  4572.14  476
O16 	14895.1 	0.707632  1  3748.41  1356
O16 	14895.1 	0.43976  1  -3734.37  9251
O16 	14895.1 	0.266775  1  100.858  5155
O16 	14895.1 	0.380306  1  -1886.47  7225
O16 	14895.1 	0.2346  1  -2123.57  7538
O16 	14895.1 	0.81648  1  4346.49  664
O16 	14895.1 	0.224205  1  4389.31  663
O16 	14895.1 	0.507889  1  1914.84  3223
O16 	14895.1 	0.216613  1  -3595.69  8959
O16 	14895.1 	0.270804  1  -4808.82  10035
O16 	14895.1 	0.83216  1  -1574.81  6765
O16 	14895.1 	0.705937  1  -3495.27  8876
O16 	14895.1 	0.341465  1  3480.26  1570
O16 	14895.1 	2.93588  1  -2310.42  7785
O16 	14895.1 	0.295331  1  4427.23  631
O16 	14895.1 	0.467787  1  1268.03  3809
O16 	14895.1 	0.276399  1  -301.458  5513
O16 	14895.1 	0.64222  1  4523.01  494
O16 	14895.1 	0.328807  1  3852.86  1222
O16 	14895.1 	0.504963  1  542.782  4727
O16 	14895.1 	0.194954  1  -3447.15  8773
O16 	14895.1 	0.663002  1  1103.73  4091
O16 	14895.1 	0.345728  1  736.903  4447
O16 	14895.1 	0.190816  1  3248.81  1841
O16 	14895.1 	0.268208  1  2159.34  3016
O16 	14895.1 	0.587326  1  1636.04  3527
O16 	14895.1 	0.383338  1  -2295.08  7564
O16 	14895.1 	0.198593  1  -172.75  5356
O16 	14895.1 	0.29964  1  3704.29  1362
O16 	14895.1 	0.361842  1  -2486.3  7831
O16 	14895.1 	2.83694  1  4155.25  887
O16 	14895.1 	0.20711  1  1359.47  3890
O16 	14895.1 	0.621456  1  3341.34  1708
O16 	14895.1 	0.260115  1  -3931.13  9384
O16 	14895.1 	0.205143  1  -1456.41  6738
O16 	14895.1 	0.541054  1  -3704.13  9081
O16 	14895.1 	0.31193  1  -313.054  5518
O16 	14895.1 	0.304703  1  -872.665  6041
O16 	14895.1 	0.271794  1  4691.7  328
O16 	14895.1 	0.294076  1  -1822.78  7224
O16 	14895.1 	0.245385  1  4140.25  897
O16 	14895.1 	0.20319  1  -846.319  6016
O16 	14895.1 	1.52006  1  4550.18  492
O16 	14895.1 	0.191354  1  2505.1  2619
O16 	14895.1 	0.204137  1  -4358.19  9848
O16 	14895.1 	0.308728  1  -3146.21  8586
O16 	14895.1 	0.223935  1  -4134.63  9615
O16 	14895.1 	0.231114  1  -245.334  5332
O16 	14895.1 	0.362421  1  4260.1  757
O16 	14895.1 	0.263452  1  2207.78  2939
O16 	14895.1 	0.209405  1  -1762.55  7114
O16 	14895.1 	0.688035  1  -2851.26  8229
O16 	14895.1 	0.382605  1  -4478.65  9753
O16 	14895.1 	0.211122  1  2105.76  3049
O16 	14895.1 	0.247144  1  1337.77  3739
O16 	14895.1 	0.661155  1  1144.4  4034
O16 	14895.1 	0.193442  1  -316.319  5547
O16 	14895.1 	0.460938  1  3361.84  1702
O16 	14895.1 	0.21823  1  2618.17  2455
O16 	14895.1 	0.74861  1  -4273.14  9709
O16 	14895.1 	0.310018  1  -3174.09  8577
O16 	14895.1 	0.268312  1  2865.03  2209
O16 	14895.1 	0.286446  1  2360.29  2784
O16 	14895.1 	0.419157  1  -3272.09  8557
O16 	14895.1 	0.25155  1  -4710.17  10053
O16 	14895.1 	0.241129  1  -1540.7  6799
O16 	14895.1 	0.77941  1  4977.64  20
O16 	14895.1 	0.206786  1  -3834.04  9348
O16 	14895.1 	0.233833  1  2528.46  2457
O16 	14895.1 	0.21939  1  -2743.34  8156
O16 	14895.1 	0.645165  1  1228.18  4022
O16 	14895.1 	0.383086  1  4597.2  444
O16 	14895.1 	0.217699  1  2471.49  2652
O16 	14895.1 	0.305826  1  1676.43  3543
O16 	14895.1 	0.649286  1  -2458.29  7798
O16 	14895.1 	0.294774  1  -2684.96  7903
O16 	14895.1 	0.356779  1  2207.85  2871
O16 	14895.1 	0.263517  1  4808.54  187
O16 	14895.1 	0.364223  1  631.408  4518
O16 	14895.1 	0.878185  1  -4259.2  9622
O16 	14895.1 	0.360127  1  -1606.94  6813
O16 	14895.1 	0.191169  1  1064.14  4151
O16 	14895.1 	0.246018  1  1444.14  3650
O16 	14895.1 	0.461336  1  4505.09  512
O16 	14895.1 	0.273512  1  139.093  5102
O16 	14895.1 	0.193113  1  1897.69  3196
O16 	14895.1 	0.453666  1  1000.66  4199
O16 	14895.1 	0.368102  1  -346.064  5553
O16 	14895.1 	0.642642  1  -4363.1  9737
O16 	14895.1 	2.67037  1  -912.421  6128
O16 	14895.1 	0.422648  1  -4160.86  9511
O16 	14895.1 	0.226369  1  -1947.27  7185
O16 	14895.1 	0.592311  1  -4097.63  9487
O16 	14895.1 	0.267884  1  4990.07  11
O16 	14895.1 	0.213021  1  -3586.75  8936
O16 	14895.1 	0.444547  1  -3772.98  9155
O16 	14895.1 	0.440938  1  4097.1  952
O16 	14895.1 	0.400946  1  -4860.71  10337
O16 	14895.1 	0.256752  1  -1018.39  6285
O16 	14895.1 	1.27243  1  923.915  4246
O16 	14895.1 	0.268772  1  -1735.32  7035
O16 	14895.1 	0.279805  1  -4807.3  10268
O16 	14895.1 	0.45218  1  4839.18  185
O16 	14895.1 	0.270158  1  -1692.41  6865
O16 	14895.1 	0.519571  1  771.017  4339
O16 	14895.1 	0.204471  1  -1048  6228
O16 	14895.1 	0.703302  1  3109.42  2014
O16 	14895.1 	0.194941  1  -3685.21  9138
O16 	14895.1 	0.445134  1  2563.94  2546
O16 	14895.1 	0.278189  1  -551.893  5851
O16 	14895.1 	0.95491  1  3636.94  1440
O16 	14895.1 	0.284308  1  2143.01  3018
O16 	14895.1 	0.395852  1  2721.55  2421
O16 	14895.1 	0.237991  1  4891.22  115
O16 	14895.1 	0.302961  1  -28.5801  5080
O16 	14895.1 	0.43499  1  -3089.4  8599
O16 	14895.1 	0.232383  1  2986.91  2133
O16 	14895.1 	0.425794  1  1766.06  3304
O16 	14895.1 	0.666764  1  98.9298  5062
O16 	14895.1 	0.315928  1  -2328.57  7477
O16 	14895.1 	0.327791  1  -4990.79  10509
O16 	14895.1 	0.309068  1  -4430.57  9711
O16 	14895.1 	0.506158  1  -4392.94  9912
O16 	14895.1 	0.203751  1  1450.45  3748
O16 	14895.1 	1.39935  1  -2774.44  7942
O16 	14895.1 	0.527813  1  3855.69  1189
O16 	14895.1 	1.8906  1  -1347.26  6713
O16 	14895.1 	0.23091  1  4906.93  101
O16 	14895.1 	1.49938  1  4632.68  397
O16 	14895.1 	0.194336  1  -936.218  6182
O16 	14895.1 	0.319682  1  -927.566  6164
O16 	14895.1 	0.221302  1  4899.63  101
O16 	14895.1 	0.317487  1  -1677.5  7089
O16 	14895.1 	0.300063  1  -4138.19  9389
O16 	14895.1 	0.34818  1  -1816.12  7128
O16 	14895.1 	0.192494  1  -3181.96  8687
O16 	14895.1 	0.419997  1  -2157.42  7451
O16 	14895.1 	0.239568  1  -1734.16  6943
O16 	14895.1 	0.268471  1  4409.26  657
O16 	14895.1 	0.246734  1  -3539.53  9033
O16 	14895.1 	0.257427  1  -3866.97  9206
O16 	14895.1 	0.253447  1  3143.96  1950
O16 	14895.1 	0.274043  1  -1543.19  6723
O16 	14895.1 	0.272757  1  -121.107  5359
O16 	14895.1 	3.72748  1  -3437.13  8922
O16 	14895.1 	0.228126  1  -104.002  5245
O16 	14895.1 	0.457915  1  2338.95  2833
O16 	14895.1 	0.563631  1  -4976.32  10687
O16 	14895.1 	1.25191  1  -170.689  5432
O16 	14895.1 	0.193778  1  -712.056  5956
O16 	14895.1 	0.272599  1  -413.003  5717
O16 	14895.1 	0.225692  1  4489.23  531
O16 	14895.1 	0.722161  1  -778.934  6096
O16 	14895.1 	0.289526  1  -4017.52  9485
O16 	14895.1 	0.51467  1  -1691.24  7041
O16 	14895.1 	0.956225  1  -1358.85  6705
O16 	14895.1 	0.347542  1  1418.68  3739
O16 	14895.1 	0.385282  1  2899.13  2129
O16 	14895.1 	0.337609  1  -4498.16  9857
O16 	14895.1 	0.714752  1  1245.26  3871
O16 	14895.1 	0.191453  1  -3799.06  9317
O16 	14895.1 	0.262238  1  -4210.86  9534
O16 	14895.1 	0.230354  1  2764.64  2352
O16 	14895.1 	0.238166  1  -2453.73  7640
O16 	14895.1 	0.563738  1  4229.73  756
O16 	14895.1 	0.228232  1  2514.66  2586
O16 	14895.1 	0.365159  1  3229.55  1846
O16 	14895.1 	0.430138  1  4797.57  230
O16 	14895.1 	0.520686  1  1393.21  3775
O16 	14895.1 	0.434502  1  2147.65  2912
O16 	14895.1 	0.247595  1  839.153  4401
O16 	14895.1 	0.219273  1  3259.69  1919
O16 	14895.1 	0.280463  1  327.688  4835
O16 	14895.1 	0.250131  1  -52.9072  5251
O16 	14895.1 	0.371981  1  374.66  4880
O16 	14895.1 	0.281606  1  2443.85  2678
O16 	14895.1 	0.266847  1  -166.156  5423
O16 	14895.1 	1.75217  1  -503.603  5643
O16 	14895.1 	0.376008  1  -2245.9  7602
O16 	14895.1 	0.442027  1  -3134.46  8478
O16 	14895.1 	0.223865  1  4522.2  500
O16 	14895.1 	0.196073  1  73.9924  5117
O16 	14895.1 	2.28371  1  1054.9  4180
O16 	14895.1 	0.284433  1  -1054.45  6292
O16 	14895.1 	0.410933  1  2083.16  3096
O16 	14895.1 	0.351364  1  -4724.57  10097
O16 	14895.1 	0.612739  1  -4836.38  10221
O16 	14895.1 	0.316996  1  -4818.79  10428
O16 	14895.1 	0.201797  1  1974.71  3163
O16 	14895.1 	0.366339  1  1015.03  4268
O16 	14895.1 	1.35425  1  -2775.47  7983
O16 	14895.1 	0.620069  1  3827.6  1201
O16 	14895.1 	0.26671  1  3401.94  1649
O16 	14895.1 	0.612179  1  -3149.21  8499
O16 	14895.1 	0.36089  1  -4793.54  10187
O16 	14895.1 	0.192992  1  1263.04  3943
O16 	14895.1 	0.249269  1  3584.33  1453
O16 	14895.1 	0.356201  1  2468.7  2708
O16 	14895.1 	0.252806  1  948.45  4173
O16 	14895.1 	0.223456  1  3887.15  1236
O16 	14895.1 	0.695491  1  -1812.89  7177
O16 	14895.1 	0.20386  1  -3684.43  9099
O16 	14895.1 	1.87124  1  2096.77  3078
O16 	14895.1 	0.662702  1  718.762  4475
O16 	14895.1 	0.525062  1  -863.494  6092
O16 	14895.1 	0.432647  1  4413.7  639
O16 	14895.1 	0.22153  1  -1573.59  6941
O16 	14895.1 	0.933443  1  1067.07  4116
O16 	14895.1 	0.215849  1  1342.84  3906
O16 	14895.1 	0.523433  1  -3592.08  9063
O16 	14895.1 	0.280631  1  -151.94  5407
O16 	14895.1 	0.272744  1  -1699.23  6862
O16 	14895.1 	0.760354  1  2348.3  2675
O16 	14895.1 	0.294825  1  2582.78  2545
O16 	14895.1 	0.247933  1  1051.4  4154
O16 	14895.1 	0.412403  1  -4762.27  10236
O16 	14895.1 	0.207713  1  -1413.72  6916
O16 	14895.1 	0.450266  1  -2937.89  8256
O16 	14895.1 	0.219189  1  -2135.58  7418
O16 	14895.1 	0.324354  1  -3788.44  9099
O16 	14895.1 	0.581777  1  -1068.6  6423
O16 	14895.1 	0.283272  1  748.06  4469
O16 	14895.1 	0.759137  1  4281  789
O16 	14895.1 	0.318164  1  3875.14  1146
O16 	14895.1 	0.522829  1  -3269.67  8625
O16 	14895.1 	0.773092  1  403.416  4777
O16 	14895.1 	0.225847  1  -4288.5  9751
O16 	14895.1 	0.273075  1  -1574.47  6861
O16 	14895.1 	0.30028  1  -929.546  6124
O16 	14895.1 	0.319239  1  2088.82  3029
O16 	14895.1 	0.787366  1  925.514  4317
O16 	14895.1 	0.341397  1  3683.63  1391
O16 	14895.1 	0.7637  1  -3861.56  9151
O16 	14895.1 	0.208051  1  3401.71  1690
O16 	14895.1 	0.411092  1  -2726.69  7884
O16 	14895.1 	1.20564  1  790.462  4282
O16 	14895.1 	0.239191  1  -1335.38  6550
O16 	14895.1 	0.323373  1  -3262.19  8607
O16 	14895.1 	0.452652  1  -321.172  5522
O16 	14895.1 	0.349195  1  2746.44  2308
O16 	14895.1 	0.679397  1  4060.45  972
O16 	14895.1 	0.213654  1  2698.03  2340
O16 	14895.1 	0.307954  1  4512.21  500
O16 	14895.1 	0.227289  1  -431.134  5741
O16 	14895.1 	0.290943  1  4099.83  947
O16 	14895.1 	0.281294  1  2834.09  2206
O16 	14895.1 	0.412467  1  -4403.38  9660
O16 	14895.1 	0.266313  1  -366.925  5570
O16 	14895.1 	0.499447  1  4903.29  126
O16 	14895.1 	0.350239  1  -4893.87  10315
O16 	14895.1 	0.278991  1  -4628.85  9989
O16 	14895.1 	0.315279  1  -2733.52  7969
O16 	14895.1 	0.324117  1  3018.1  2055
O16 	14895.1 	0.397068  1  -876.132  6255
O16 	14895.1 	1.30526  1  -3937.48  9216
O16 	14895.1 	1.4637  1  2077.1  3061
O16 	14895.1 	0.241104  1  4805.14  200
O16 	14895.1 	0.195144  1  1898.97  3275
O16 	14895.1 	0.60393  1  3465.91  1639
O16 	14895.1 	0.403324  1  -2129.67  7496
O16 	14895.1 	0.227881  1  -234.675  5433
O16 	14895.1 	0.19315  1  -453.636  5795
O16 	14895.1 	0.368811  1  4075.27  1035
O16 	14895.1 	0.572658  1  1914.38  3182
O16 	14895.1 	0.317471  1  -278.85  5557
O16 	14895.1 	0.358166  1  -2280.2  7680
O16 	14895.1 	0.197999  1  301.234  4939
O16 	14895.1 	0.647292  1  4739.42  259
O16 	14895.1 	0.282283  1  -1650.03  6891
O16 	14895.1 	0.293995  1  3602.37  1450
O16 	14895.1 	0.228855  1  1809.65  3389
O16 	14895.1 	0.434755  1  -2582.04  7925
O16 	14895.1 	1.43321  1  -3537.17  8909
O16 	14895.1 	0.297396  1  -2636.02  7935
O16 	14895.1 	0.235568  1  341.743  4862
O16 	14895.1 	0.195474  1  -1210.99  6402
O16 	14895.1 	0.451053  1  3314.33  1760
O16 	14895.1 	0.216821  1  -2862.9  8146
O16 	14895.1 	0.240239  1  1818.57  3334
O16 	14895.1 	0.202744  1  3106.83  1982
O16 	14895.1 	0.215403  1  1537.31  3622
O16 	14895.1 	0.225878  1  2665.63  2410
O16 	14895.1 	0.190146  1  -3673.24  9124
O16 	14895.1 	0.440949  1  393.684  4887
O16 	14895.1 	0.414176  1  -3854.36  9145
O16 	14895.1 	0.485683  1  -1046.74  6322
O16 	14895.1 	0.195968  1  3626.45  1480
O16 	14895.1 	0.279266  1  -2126.82  7411
O16 	14895.1 	0.282292  1  -1799.09  7141
O16 	14895.1 	0.455632  1  -1455.27  6785
O16 	14895.1 	0.298106  1  874.362  4437
O16 	14895.1 	0.275127  1  2330.68  2818
O16 	14895.1 	0.65  1  -2419.99  7760
O16 	14895.1 	0.252217  1  -2381.81  7781
O16 	14895.1 	0.55551  1  581.304  4516
O16 	14895.1 	0.319977  1  1586.9  3616
O16 	14895.1 	0.684209  1  -2382.47  7754
O16 	14895.1 	0.194633  1  -4151.27  9599
O16 	14895.1 	0.245939  1  -3885.28  9150
O16 	14895.1 	0.65905  1  -1085.33  6239
O16 	14895.1 	0.466315  1  -2009.88  7487
O16 	14895.1 	0.334774  1  859.289  4292
O16 	14895.1 	0.207541  1  4709.3  319
O16 	14895.1 	0.388002  1  -4529.64  9962
O16 	14895.1 	0.328061  1  -2722.13  8187
O16 	14895.1 	0.192877  1  -824.158  6179
O16 	14895.1 	0.209485  1  -2305.26  7789
O16 	14895.1 	0.261201  1  747.5  4380
O16 	14895.1 	0.288019  1  -128.443  5354
O16 	14895.1 	0.280497  1  -4104.93  9241
O16 	14895.1 	0.290179  1  2459.29  2620
O16 	14895.1 	0.212795  1  1423.73  3785
O16 	14895.1 	0.983477  1  -3331.62  8748
O16 	14895.1 	0.311966  1  2723.05  2383
O16 	14895.1 	0.718028  1  -3444.38  8692
O16 	14895.1 	0.27011  1  3380.78  1671
O16 	14895.1 	2.28322  1  2149.29  3002
O16 	14895.1 	0.267538  1  1012.1  4190
O16 	14895.1 	0.324177  1  1499.11  3612
O16 	14895.1 	0.756196  1  -4401.9  9920
O16 	14895.1 	0.229586  1  -261.949  5601
O16 	14895.1 	0.785551  1  -2934.37  8254
O16 	14895.1 	0.588477  1  1464.3  3716
O16 	14895.1 	0.237604  1  -4766.02  10290
O16 	14895.1 	0.289365  1  4100.69  918
O16 	14895.1 	0.199788  1  1650.02  3452
O16 	14895.1 	0.236484  1  -1929.61  7166
O16 	14895.1 	0.306893  1  -2094.79  7430
O16 	14895.1 	0.338682  1  1368.5  3750
O16 	14895.1 	0.398488  1  3196.07  1811
O16 	14895.1 	1.22332  1  3609.01  1498
O16 	14895.1 	1.15821  1  2473.75  2676
O16 	14895.1 	1.87473  1  3317.77  1764
O16 	14895.1 	0.282234  1  -3334.92  8710
O16 	14895.1 	0.268399  1  -122.099  5342
O16 	14895.1 	0.567165  1  1715.35  3433
O16 	14895.1 	0.542242  1  -2742.32  8125
O16 	14895.1 	0.284275  1  -624.659  5784
O16 	14895.1 	0.209287  1  1298.74  3888
O16 	14895.1 	0.189905  1  -2632.44  8064
O16 	14895.1 	0.360977  1  4667.31  332
O16 	14895.1 	0.292054  1  -4680.4  10253
O16 	14895.1 	0.941653  1  4386.78  618
O16 	14895.1 	0.392669  1  -547.418  5862
O16 	14895.1 	0.367343  1  2085.81  3001
O16 	14895.1 	0.392661  1  -1042.15  6346
O16 	14895.1 	0.188318  1  3981.8  1017
O16 	14895.1 	0.281151  1  2343.97  2692
O16 	14895.1 	0.533212  1  -4791.92  10159
O16 	14895.1 	0.499157  1  -3830.58  9067
O16 	14895.1 	0.422236  1  -4845.72  10317
O16 	14895.1 	0.20272  1  -3924.41  9410
O16 	14895.1 	0.321008  1  1677.28  3491
O16 	14895.1 	0.303876  1  -3842.71  9212
O16 	14895.1 	0.71995  1  -1362.32  6680
O16 	14895.1 	0.200172  1  -1782.51  7014
O16 	14895.1 	0.1946  1  -203.561  5421
O16 	14895.1 	0.206599  1  1291.97  3880
O16 	14895.1 	1.5207  1  -4448.05  9778
O16 	14895.1 	0.199925  1  4340.88  697
O16 	14895.1 	0.337856  1  155.622  5049
O16 	14895.1 	0.458115  1  4827.87  204
O16 	14895.1 	0.575045  1  -1257.89  6533
O16 	14895.1 	0.248101  1  -2306.17  7555
O16 	14895.1 	0.249182  1  -1371.3  6736
O16 	14895.1 	0.218507  1  1415.27  3719
O16 	14895.1 	0.219246  1  806.531  4410
O16 	14895.1 	0.263202  1  -4535.53  9967
O16 	14895.1 	0.340614  1  2071.81  2994
O16 	14895.1 	0.370635  1  -447.047  5617
O16 	14895.1 	0.198187  1  -4794.94  10109
O16 	14895.1 	0.505569  1  4311.39  701
O16 	14895.1 	0.34641  1  3980.57  1057
O16 	14895.1 	0.448908  1  1744.4  3319
O16 	14895.1 	0.778524  1  -299.944  5543
O16 	14895.1 	0.473734  1  3478.37  1579
O16 	14895.1 	0.31169  1  -2348.59  7653
O16 	14895.1 	0.291973  1  3808.29  1265
O16 	14895.1 	0.25149  1  -147.443  5277
O16 	14895.1 	0.292915  1  4337.4  656
O16 	14895.1 	0.203937  1  -1164.33  6371
O16 	14895.1 	0.214376  1  -284.098  5547
O16 	14895.1 	0.374903  1  -2609.72  7920
O16 	14895.1 	0.352732  1  183.609  5167
O16 	14895.1 	0.201997  1  -4035  9659
O16 	14895.1 	0.822144  1  -4770.42  10184
O16 	14895.1 	0.402102  1  997.423  4221
O16 	14895.1 	0.244737  1  -1324.29  6582
O16 	14895.1 	0.190565  1  880.323  4371
O16 	14895.1 	0.244514  1  -4619.96  10128
O16 	14895.1 	0.523073  1  -1315.95  6583
O16 	14895.1 	0.535856  1  -4810.57  10385
O16 	14895.1 	2.44738  1  3236.57  1840
O16 	14895.1 	0.485273  1  616.115  4611
O16 	14895.1 	0.206659  1  -2431.82  7656
O16 	14895.1 	0.604217  1  1443.68  3648
O16 	14895.1 	0.816739  1  -935.845  6211
O16 	14895.1 	0.19801  1  -2437.03  7672
O16 	14895.1 	0.430324  1  1901.07  3206
O16 	14895.1 	0.288601  1  1751.91  3405
O16 	14895.1 	0.210581  1  -2055.49  7475
O16 	14895.1 	0.73574  1  4659.91  379
O16 	14895.1 	0.243547  1  -4451.52  9864
O16 	14895.1 	0.229137  1  4215.45  820
O16 	14895.1 	0.218914  1  -1125.24  6459
O16 	14895.1 	0.653895  1  515.054  4634
O16 	14895.1 	0.192987  1  4926.79  79
O16 	14895.1 	0.254682  1  -1240.69  6576
O16 	14895.1 	0.228413  1  -4421.87  9900
O16 	14895.1 	0.26799  1  -1949.52  7271
O16 	14895.1 	0.291434  1  -2661.75  7876
O16 	14895.1 	0.375285  1  1170.17  4031
O16 	14895.1 	0.378618  1  2117.9  3062
O16 	14895.1 	0.315253  1  3686.74  1416
O16 	14895.1 	0.391536  1  -4431.91  9815
O16 	14895.1 	0.21457  1  3150.26  1923
O16 	14895.1 	0.317045  1  989.577  4363
O16 	14895.1 	0.296578  1  -3104.47  8377
O16 	14895.1 	0.235283  1  3968.71  1039
O16 	14895.1 	0.238814  1  2359.9  2699
O16 	14895.1 	0.254637  1  -1752.3  7026
O16 	14895.1 	0.240272  1  2732.48  2447
O16 	14895.1 	0.40553  1  -656.402  6028
O16 	14895.1 	0.563472  1  669.48  4591
O16 	14895.1 	0.207373  1  -2994.69  8517
O16 	14895.1 	0.224921  1  -2385.41  7752
O16 	14895.1 	0.739976  1  -427.333  5570
O16 	14895.1 	0.291792  1  -1807.79  7051
O16 	14895.1 	0.191161  1  4400.89  632
O16 	14895.1 	0.189313  1  -62.5653  5374
O16 	14895.1 	0.229572  1  2540.76  2495
O16 	14895.1 	0.5753  1  -2922.54  8354
O16 	14895.1 	0.30367  1  -2861.91  8280
O16 	14895.1 	0.691162  1  1542.78  3586
O16 	14895.1 	0.225551  1  4537.52  467
O16 	14895.1 	0.293789  1  118.956  5046
O16 	14895.1 	0.611053  1  2603.39  2525
O16 	14895.1 	0.914828  1  655.34  4430
O16 	14895.1 	0.322913  1  -37.3984  5264
O16 	14895.1 	0.519948  1  2967.44  1999
O16 	14895.1 	1.36396  1  2837.67  2205
O16 	14895.1 	0.219607  1  2895.84  2233
O16 	14895.1 	0.208025  1  4520.11  559
O16 	14895.1 	0.202098  1  3300.46  1754
O16 	14895.1 	0.216698  1  227.785  5048
O16 	14895.1 	1.58313  1  2868.64  2182
O16 	14895.1 	0.213452  1  4795.49  225
O16 	14895.1 	0.314293  1  -3400.94  8890
O16 	14895.1 	0.217335  1  -815.033  6186
O16 	14895.1 	0.393025  1  197.412  5074
O16 	14895.1 	0.195494  1  -2600.69  7960
O16 	14895.1 	0.559261  1  4063.41  958
O16 	14895.1 	0.210148  1  4869.37  162
O16 	14895.1 	0.906147  1  -2.98838  5307
O16 	14895.1 	0.325233  1  1374.76  3704
O16 	14895.1 	0.377308  1  -4522.23  9863
O16 	14895.1 	0.47372  1  1529.26  3652
O16 	14895.1 	5.05661  1  -3537.65  9197
O16 	14895.1 	0.309181  1  2954.72  2099
O16 	14895.1 	0.582603  1  1695.76  3559
O16 	14895.1 	0.223324  1  206.748  4944
O16 	14895.1 	0.310151  1  1241.5  3805
O16 	14895.1 	0.77828  1  4259.77  784
O16 	14895.1 	0.619168  1  4040.96  1029
O16 	14895.1 	0.310038  1  4491.21  558
O16 	14895.1 	0.30258  1  -2580.03  7946
O16 	14895.1 	0.96217  1  -4926.16  10246
O16 	14895.1 	0.301458  1  205.603  5071
O16 	14895.1 	0.400807  1  1607.54  3518
O16 	14895.1 	0.190979  1  1423.2  3734
O16 	14895.1 	0.215183  1  -1762.96  6942
O16 	14895.1 	0.253465  1  -2248.84  7629
O16 	14895.1 	0.352679  1  -3866  9064
O16 	14895.1 	0.200226  1  -2421.08  7886
O16 	14895.1 	0.337471  1  -1414.16  6881
O16 	14895.1 	0.388203  1  -4183.73  9643
O16 	14895.1 	0.27493  1  3206.98  1862
O16 	14895.1 	0.230948  1  -4344.57  9665
O16 	14895.1 	0.432112  1  171.013  5118
O16 	14895.1 	0.207387  1  2287.04  2833
O16 	14895.1 	0.412886  1  2091.36  3029
O16 	14895.1 	0.264045  1  -2966.9  8465
O16 	14895.1 	0.700586  1  1426.68  3752
O16 	14895.1 	0.445484  1  2068.94  2970
O16 	14895.1 	0.371498  1  4485.87  541
O16 	14895.1 	0.245989  1  1146.46  3973
O16 	14895.1 	0.254279  1  -2596.22  7956
O16 	14895.1 	5.13047  1  3178.02  1919
O16 	14895.1 	0.23496  1  822.444  4398
O16 	14895.1 	0.27888  1  4943.91  59
O16 	14895.1 	0.204795  1  1990.73  3076
O16 	14895.1 	0.188283  1  3579.15  1515
O16 	14895.1 	0.194522  1  3358.65  1687
O16 	14895.1 	0.302516  1  -394.711  5598
O16 	14895.1 	0.558827  1  -4817.48  10217
O16 	14895.1 	0.192353  1  -4047.98  9380
O16 	14895.1 	0.664727  1  -317.848  5557
O16 	14895.1 	0.973376  1  3341.6  1709
O16 	14895.1 	0.248745  1  -3300.49  8619
O16 	14895.1 	0.339481  1  -4205.43  9571
O16 	14895.1 	1.61726  1  161.693  5107
O16 	14895.1 	0.394346  1  -23.1259  5202
O16 	14895.1 	0.268185  1  -2300.17  7593
O16 	14895.1 	0.279013  1  3774.66  1311
O16 	14895.1 	0.307514  1  -1553.63  6884
O16 	14895.1 	0.772055  1  2859.53  2329
O16 	14895.1 	0.385423  1  3440.24  1619
O16 	14895.1 	0.236008  1  748.239  4669
O16 	14895.1 	0.684141  1  2932.64  2202
O16 	14895.1 	0.40531  1  844.283  4387
O16 	14895.1 	0.218012  1  -1262.44  6523
O16 	14895.1 	0.343866  1  -3108.69  8431
O16 	14895.1 	0.208835  1  1450.34  3754
O16 	14895.1 	0.220722  1  843.968  4391
O16 	14895.1 	0.643354  1  -3392.66  8872
O16 	14895.1 	0.257428  1  2114.64  3043
O16 	14895.1 	0.641282  1  4505.52  483
O16 	14895.1 	0.20357  1  3419.82  1634
O16 	14895.1 	0.332709  1  -2146.6  7515
O16 	14895.1 	0.230694  1  -4666.26  10188
O16 	14895.1 	0.587428  1  -1835.89  7135
O16 	14895.1 	0.292564  1  2452.92  2613
O16 	14895.1 	0.275565  1  2077.57  3076
O16 	14895.1 	0.218426  1  -2913.71  8239
O16 	14895.1 	0.311393  1  -503.353  5733
O16 	14895.1 	0.229056  1  -2808.45  8175
O16 	14895.1 	0.208214  1  3693.92  1329
O16 	14895.1 	0.189316  1  -3551.47  8926
O16 	14895.1 	0.672243  1  3677.82  1412
O16 	14895.1 	0.269625  1  -3777.62  9226
O16 	14895.1 	0.305769  1  -963.28  6303
O16 	14895.1 	0.263918  1  4986.93  19
O16 	14895.1 	0.28676  1  -2015.35  7399
O16 	14895.1 	0.231249  1  1528.17  3689
O16 	14895.1 	0.672829  1  216.159  5070
O16 	14895.1 	0.19882  1  -2498.66  7917
O16 	14895.1 	0.227374  1  1813.86  3391
O16 	14895.1 	0.372207  1  -4822.48  10104
O16 	14895.1 	0.396752  1  3265.77  1881
O16 	14895.1 	0.25227  1  -1697.81  7164
O16 	14895.1 	0.22548  1  2847  2230
O16 	14895.1 	0.519277  1  -4635.93  10110
O16 	14895.1 	0.323567  1  -862.889  6161
O16 	14895.1 	0.218146  1  -230.177  5399
O16 	14895.1 	0.34859  1  2185.01  2977
O16 	14895.1 	0.545976  1  2029  3121
O16 	14895.1 	0.373759  1  1958.53  3046
O16 	14895.1 	0.465776  1  1232.76  3884
O16 	14895.1 	0.283264  1  87.5003  5067
O16 	14895.1 	0.210836  1  2313.3  2804
O16 	14895.1 	0.373429  1  -1378.46  6757
O16 	14895.1 	0.210377  1  -2553.43  7909
O16 	14895.1 	0.391059  1  -736.808  6003
O16 	14895.1 	0.342875  1  -2892.26  8139
O16 	14895.1 	0.204518  1  -4510.46  9885
O16 	14895.1 	0.247746  1  4051.27  978
O16 	14895.1 	0.202597  1  -411.905  5671
O16 	14895.1 	0.217444  1  3393.09  1682
O16 	14895.1 	0.566788  1  2924.32  2162
O16 	14895.1 	0.319575  1  -1770.12  6884
O16 	14895.1 	0.418766  1  4770.75  240
O16 	14895.1 	0.305932  1  -3335.7  8706
O16 	14895.1 	0.650285  1  -168.109  5376
O16 	14895.1 	1.18756  1  697.395  4497
O16 	14895.1 	1.57092  1  -4280.49  9721
O16 	14895.1 	0.264832  1  1522.02  3579
O16 	14895.1 	0.347709  1  4909.01  105
O16 	14895.1 	0.191443  1  -1328.73  6553
O16 	14895.1 	0.480806  1  1298.13  3826
O16 	14895.1 	0.571178  1  3141.94  1921
O16 	14895.1 	0.438129  1  1068.98  4111
O16 	14895.1 	0.229474  1  -181.661  5400
O16 	14895.1 	0.20208  1  -641.915  5813
O16 	14895.1 	0.236982  1  4146.47  883
O16 	14895.1 	0.203763  1  -2113.54  7425
O16 	14895.1 	0.789061  1  467.772  4715
O16 	14895.1 	1.59014  1  2392.67  2680
O16 	14895.1 	0.700092  1  -2500.99  7801
O16 	14895.1 	0.325445  1  -3260.69  8640
O16 	14895.1 	1.23596  1  -2504.03  7769
O16 	14895.1 	0.193413  1  -2184.14  7544
O16 	14895.1 	0.225447  1  4039.76  982
O16 	14895.1 	0.311329  1  4119.23  931
O16 	14895.1 	0.306785  1  129.915  5108
O16 	14895.1 	0.252411  1  -2918.64  8221
O16 	14895.1 	0.534618  1  2319.4  2792
O16 	14895.1 	0.997949  1  -4082.77  9546
O16 	14895.1 	0.341648  1  -2900.9  8061
O16 	14895.1 	0.231944  1  1654.75  3591
O16 	14895.1 	0.202134  1  -4809.48  10170
O16 	14895.1 	0.781337  1  3689.81  1366
O16 	14895.1 	0.312085  1  4957.29  41
O16 	14895.1 	0.248107  1  2471.95  2668
O16 	14895.1 	0.875766  1  -4820.79  10160
O16 	14895.1 	0.429658  1  1983.49  3134
O16 	14895.1 	1.95134  1  1503.07  3638
O16 	14895.1 	0.22275  1  -1489.19  6909
O16 	14895.1 	0.190274  1  162.238  5057
O16 	14895.1 	0.500031  1  -3928.35  9354
O16 	14895.1 	0.254188  1  -782.698  5902
O16 	14895.1 	0.344088  1  -165.865  5428
O16 	14895.1 	1.08713  1  346.541  4887
O16 	14895.1 	0.271713  1  971.286  4270
O16 	14895.1 	0.253161  1  -2679.13  7988
O16 	14895.1 	0.608644  1  3949.42  1106
O16 	14895.1 	0.654274  1  -2240.69  7534
O16 	14895.1 	0.267152  1  -4159.75  9569
O16 	14895.1 	0.188968  1  980.488  4165
O16 	14895.1 	0.470527  1  4737.41  279
O16 	14895.1 	0.55925  1  3279.73  1911
O16 	14895.1 	0.232988  1  -2724.06  8200
O16 	14895.1 	0.284403  1  -3999.04  9654
O16 	14895.1 	0.222705  1  -3028.8  8361
O16 	14895.1 	6.09122  1  577.562  4625
O16 	14895.1 	0.230584  1  4778.98  257
O16 	14895.1 	0.223738  1  -4814.05  10358
O16 	14895.1 	0.319035  1  2102.76  3031
O16 	14895.1 	0.323011  1  -3563.8  9057
O16 	14895.1 	0.231497  1  -4313.15  9789
O16 	14895.1 	0.243971  1  -4281.33  9597
O16 	14895.1 	0.19332  1  565.163  4641
O16 	14895.1 	0.405517  1  3036.72  2111
O16 	14895.1 	0.21633  1  3391.59  1699
O16 	14895.1 	0.31309  1  -1019.55  6260
O16 	14895.1 	0.309019  1  121.588  5099
O16 	14895.1 	0.5615  1  4627.49  416
O16 	14895.1 	0.281791  1  -383.362  5601
O16 	14895.1 	0.217157  1  -2139.54  7445
O16 	14895.1 	0.266377  1  598.672  4638
O16 	14895.1 	0.441531  1  4722.25  304
O16 	14895.1 	1.63039  1  -36.0681  5393
O16 	14895.1 	0.499034  1  465.566  4699
O16 	14895.1 	0.247529  1  1030.53  4137
O16 	14895.1 	0.225309  1  4368.43  655
O16 	14895.1 	0.199751  1  -1799.82  7233
O16 	14895.1 	0.25075  1  -2850.01  8299
O16 	14895.1 	0.637547  1  1565.42  3577
O16 	14895.1 	0.338452  1  4519.11  496
O16 	14895.1 	0.315638  1  2033.68  3089
O16 	14895.1 	0.259542  1  2996.54  2080
O16 	14895.1 	0.225296  1  -4873.89  10238
O16 	14895.1 	0.60133  1  -4035.07  9521
O16 	14895.1 	0.684784  1  2032.95  3133
O16 	14895.1 	0.273415  1  2407.01  2746
O16 	14895.1 	0.23222  1  2546.77  2612
O16 	14895.1 	0.760604  1  821.176  4319
O16 	14895.1 	0.364048  1  665.112  4578
O16 	14895.1 	0.217092  1  -4688.77  10080
O16 	14895.1 	0.24729  1  -4216.46  9532
O16 	14895.1 	0.232081  1  1885.19  3138
O16 	14895.1 	0.219657  1  4287.32  794
O16 	14895.1 	0.204557  1  1008.55  4102
O16 	14895.1 	0.27008  1  -2497.41  7885
O16 	14895.1 	6.56505  1  -883.677  6242
O16 	14895.1 	0.22368  1  3611.7  1397
O16 	14895.1 	0.872936  1  -2497.19  7864
O16 	14895.1 	0.212695  1  -4681.26  10159
O16 	14895.1 	0.405891  1  2253.44  2968
O16 	14895.1 	0.474822  1  -2844.89  8266
O16 	14895.1 	0.216136  1  3008.51  2035
O16 	14895.1 	0.670068  1  4724.36  277
O16 	14895.1 	0.240179  1  4450.47  563
O16 	14895.1 	0.305075  1  4503.25  494
O16 	14895.1 	0.264476  1  3187.27  1965
O16 	14895.1 	0.27727  1  4341.8  655
O16 	14895.1 	0.188725  1  1451.9  3841
O16 	14895.1 	0.554841  1  -1756.18  6987
O16 	14895.1 	0.598102  1  -4422.11  9755
O16 	14895.1 	5.14628  1  852.689  4327
O16 	14895.1 	0.592153  1  3943.7  1085
O16 	14895.1 	0.43864  1  -2544.26  7844
O16 	14895.1 	0.217755  1  -2771.54  8088
O16 	14895.1 	0.215188  1  -1027.7  6204
O16 	14895.1 	0.22977  1  -1174.67  6407
O16 	14895.1 	0.248179  1  -2491.67  7668
O16 	14895.1 	0.198827  1  -4847.72  10264
O16 	14895.1 	0.365462  1  -2919.34  8148
O16 	14895.1 	0.222168  1  -938.35  6171
O16 	14895.1 	0.512229  1  4130.64  926
O16 	14895.1 	0.200332  1  -278.618  5473
O16 	14895.1 	0.590396  1  1992.06  3090
O16 	14895.1 	0.988732  1  -3178.77  8416
O16 	14895.1 	0.232225  1  1190.88  4039
O16 	14895.1 	1.89586  1  644.281  4596
O16 	14895.1 	0.212981  1  1861.11  3380
O16 	14895.1 	2.32468  1  2643.87  2530
O16 	14895.1 	0.271428  1  1205.44  3954
O16 	14895.1 	1.27426  1  -2740.56  7985
O16 	14895.1 	0.222549  1  -3203.32  8750
O16 	14895.1 	0.195035  1  -1289.58  6561
O16 	14895.1 	0.216493  1  2271.39  2905
O16 	14895.1 	0.422404  1  698.344  4560
O16 	14895.1 	0.36168  1  -2923.82  8281
O16 	14895.1 	0.272663  1  -2729.1  8155
O16 	14895.1 	0.207802  1  -1115.15  6444
O16 	14895.1 	0.278068  1  2526.91  2617
O16 	14895.1 	1.76542  1  -2686.4  8045
O16 	14895.1 	0.235043  1  -3953.79  9315
O16 	14895.1 	0.284206  1  131.086  5106
O16 	14895.1 	2.37935  1  -1783.89  7080
O16 	14895.1 	0.489142  1  -1310.58  6548
O16 	14895.1 	0.271203  1  -39.0086  5269
O16 	14895.1 	0.332354  1  -2150.8  7587
O16 	14895.1 	0.249583  1  -1709.31  6995
O16 	14895.1 	0.228465  1  3770.99  1257
O16 	14895.1 	0.361646  1  -1437.54  6855
O16 	14895.1 	0.859152  1  -1873.37  7249
O16 	14895.1 	0.247544  1  -4820.77  10306
O16 	14895.1 	0.322404  1  -1008.63  6113
O16 	14895.1 	0.308412  1  -2143.73  7633
O16 	14895.1 	2.51469  1  2919.03  2179
O16 	14895.1 	1.07812  1  301.74  4784
O16 	14895.1 	0.278608  1  4092.21  945
O16 	14895.1 	5.05699  1  3095.37  1979
O16 	14895.1 	0.215576  1  309.906  4909
O16 	14895.1 	1.08771  1  -2994.54  8295
O16 	14895.1 	0.384689  1  -3703.24  9141
O16 	14895.1 	0.223233  1  1984.05  3244
O16 	14895.1 	0.239563  1  -4250.59  9611
O16 	14895.1 	0.506191  1  3349.2  1675
O16 	14895.1 	0.824447  1  4180.64  851
O16 	14895.1 	0.575052  1  1521.86  3528
O16 	14895.1 	0.220576  1  4630.26  418
O16 	14895.1 	0.209821  1  4643.27  365
O16 	14895.1 	1.27111  1  3039.41  1986
O16 	14895.1 	0.213958  1  -4153.21  9549
O16 	14895.1 	0.572447  1  -4035.76  9305
O16 	14895.1 	0.223506  1  -2409.53  7775
O16 	14895.1 	0.316657  1  2220.19  2876
O16 	14895.1 	0.383691  1  -1408.88  6842
O16 	14895.1 	0.291771  1  2672.26  2442
O16 	14895.1 	0.338312  1  2346  2724
O16 	14895.1 	0.784354  1  -1080.16  6307
O16 	14895.1 	0.487588  1  770.011  4420
O16 	14895.1 	0.259448  1  4693.2  326
O16 	14895.1 	0.372719  1  3056.37  2047
O16 	14895.1 	0.564072  1  -4359.75  9920
O16 	14895.1 	0.420394  1  -455.507  5764
O16 	14895.1 	0.221443  1  4147.97  858
O16 	14895.1 	0.27833  1  -938.107  6170
O16 	14895.1 	0.283856  1  4294.99  789
O16 	14895.1 	0.260865  1  2615.25  2526
O16 	14895.1 	0.208364  1  4788.73  223
O16 	14895.1 	0.373789  1  3883.29  1156
O16 	14895.1 	0.20887  1  -2176.57  7361
O16 	14895.1 	0.252418  1  -659.505  5993
O16 	14895.1 	0.267874  1  3657.9  1396
O16 	14895.1 	0.619665  1  3527.59  1547
O16 	14895.1 	0.205476  1  2221.83  2886
O16 	14895.1 	0.249862  1  -961.342  6196
O16 	14895.1 	0.358736  1  1226.97  3866
O16 	14895.1 	0.320377  1  298.972  4912
O16 	14895.1 	1.08339  1  -967.181  6328
O16 	14895.1 	0.339421  1  -1079.37  6334
O16 	14895.1 	0.737677  1  -171.202  5345
O16 	14895.1 	0.265391  1  2658.63  2468
O16 	14895.1 	1.29821  1  -1114.75  6361
O16 	14895.1 	0.221038  1  -3330.77  8628
O16 	14895.1 	0.257904  1  2983.7  2049
O16 	14895.1 	0.217524  1  -3893.11  9132
O16 	14895.1 	0.232033  1  1226.11  3923
O16 	14895.1 	0.25416  1  1168.26  4028
O16 	14895.1 	0.256421  1  1134.13  3997
O16 	14895.1 	0.408523  1  3439.77  1580
O16 	14895.1 	0.221654  1  -4751.29  10147
O16 	14895.1 	0.475452  1  133.954  5040
O16 	14895.1 	0.334182  1  1650.98  3472
O16 	14895.1 	0.214264  1  -1501.24  6754
O16 	14895.1 	0.226466  1  -1208.4  6430
O16 	14895.1 	0.20386  1  1825.79  3261
O16 	14895.1 	0.320494  1  3260.11  1857
O16 	14895.1 	0.3497  1  58.7833  5260
O16 	14895.1 	0.250312  1  -2925.3  8389
O16 	14895.1 	0.277269  1  -1108.12  6599
O16 	14895.1 	0.502312  1  4209.14  824
O16 	14895.1 	0.308857  1  1282.18  3759
O16 	14895.1 	0.281132  1  2527.1  2659
O16 	14895.1 	0.224427  1  -1296.67  6554
O16 	14895.1 	0.379886  1  -3311.27  8669
O16 	14895.1 	0.240954  1  -2937.27  8297
O16 	14895.1 	0.200709  1  1894.45  3319
O16 	14895.1 	0.365326  1  949.77  4275
O16 	14895.1 	0.204235  1  917.397  4314
O16 	14895.1 	0.254216  1  -2561.88  7963
O16 	14895.1 	0.229257  1  2118.3  2977
O16 	14895.1 	0.751703  1  2733.43  2359
O16 	14895.1 	0.261892  1  -755.969  5982
O16 	14895.1 	0.302349  1  4994.73  4
O16 	14895.1 	0.337371  1  2286.47  2835
O16 	14895.1 	0.233679  1  3350.32  1853
O16 	14895.1 	0.551489  1  -1580.24  7018
O16 	14895.1 	1.57231  1  -4970.99  10494
O16 	14895.1 	0.787648  1  -1219.78  6531
O16 	14895.1 	0.213633  1  2055.52  3044
O16 	14895.1 	0.287234  1  668.294  4427
O16 	14895.1 	0.188959  1  -303.792  5516
O16 	14895.1 	0.304973  1  4030.6  1021
O16 	14895.1 	0.245482  1  -2407.32  7633
O16 	14895.1 	0.473739  1  -829.085  5973
O16 	14895.1 	0.261618  1  -3322.81  8608
O16 	14895.1 	0.236507  1  -3433.47  8856
O16 	14895.1 	0.201962  1  3822.85  1262
O16 	14895.1 	0.201272  1  -2138.5  7496
O16 	14895.1 	0.272098  1  -3261.61  8628
O16 	14895.1 	0.454393  1  2246.58  2831
O16 	14895.1 	0.274712  1  -545.47  5916
O16 	14895.1 	0.255189  1  2008.82  3123
O16 	14895.1 	0.623315  1  3421.92  1661
O16 	14895.1 	0.791441  1  3433.98  1608
O16 	14895.1 	0.373785  1  4096.41  946
O16 	14895.1 	0.558108  1  -1962.31  7323
O16 	14895.1 	0.75133  1  906.172  4294
O16 	14895.1 	0.655638  1  12.9942  5241
O16 	14895.1 	2.73387  1  -2878.01  8258
O16 	14895.1 	0.235361  1  1974  3245
O16 	14895.1 	2.96479  1  3669.76  1371
O16 	14895.1 	0.199151  1  -222.104  5479
O16 	14895.1 	0.421329  1  -2278.18  7701
O16 	14895.1 	0.214377  1  1149.26  3975
O16 	14895.1 	0.228172  1  -2861.28  8091
O16 	14895.1 	0.781151  1  3182.81  1899
O16 	14895.1 	0.203525  1  -2578.47  7930
O16 	14895.1 	0.191986  1  4609.54  393
O16 	14895.1 	0.501241  1  -1762.73  6936
