O16 	14895.1 	0.28507  1  1054.7  4123
O16 	14895.1 	0.801112  1  -3071.47  8575
O16 	14895.1 	1.15623  1  649.344  4554
O16 	14895.1 	0.338193  1  3572.83  1539
O16 	14895.1 	0.286338  1  -2857.38  8059
O16 	14895.1 	0.962712  1  -405.396  5800
O16 	14895.1 	0.201385  1  3182.55  1895
O16 	14895.1 	0.280671  1  2314.2  2891
O16 	14895.1 	0.355191  1  2897.72  2178
O16 	14895.1 	0.296207  1  3705.83  1360
O16 	14895.1 	0.281529  1  -1907.76  7345
O16 	14895.1 	3.45681  1  4035.37  1001
O16 	14895.1 	0.263396  1  -3539.25  8863
O16 	14895.1 	0.377043  1  -3736.67  9061
O16 	14895.1 	0.239467  1  2806.12  2370
O16 	14895.1 	2.29659  1  4797.2  216
O16 	14895.1 	1.67386  1  1489.21  3694
O16 	14895.1 	0.471907  1  -3513.76  8948
O16 	14895.1 	0.66215  1  -2581.59  7912
O16 	14895.1 	0.30878  1  -745.583  5964
O16 	14895.1 	1.03569  1  -132.874  5302
O16 	14895.1 	1.90533  1  -4195.18  9551
O16 	14895.1 	0.21999  1  1891.64  3338
O16 	14895.1 	0.251409  1  3366.84  1679
O16 	14895.1 	0.248702  1  392.339  4866
O16 	14895.1 	0.190065  1  3188.11  1913
O16 	14895.1 	0.440285  1  4155.38  910
O16 	14895.1 	0.303943  1  4624.23  412
O16 	14895.1 	0.285515  1  54.4237  5240
O16 	14895.1 	0.29564  1  3944.48  1111
O16 	14895.1 	0.289208  1  1582.68  3514
O16 	14895.1 	0.377452  1  -2431.49  7867
O16 	14895.1 	0.210355  1  -2191.91  7578
O16 	14895.1 	0.271464  1  2099.86  3082
O16 	14895.1 	1.07655  1  -1104.39  6379
O16 	14895.1 	0.227438  1  -4111.1  9765
O16 	14895.1 	0.248995  1  -3330.7  8589
O16 	14895.1 	0.197801  1  1667.64  3556
O16 	14895.1 	0.287768  1  -1771.87  6983
O16 	14895.1 	0.260361  1  3439.54  1617
O16 	14895.1 	0.231797  1  -2163.23  7627
O16 	14895.1 	0.305129  1  3307.31  1780
O16 	14895.1 	0.208886  1  2020.21  3217
O16 	14895.1 	0.193714  1  2406.37  2674
O16 	14895.1 	0.191942  1  -4422.24  10011
O16 	14895.1 	0.238178  1  2757.34  2398
O16 	14895.1 	0.240975  1  2740.41  2330
O16 	14895.1 	1.05573  1  -2755.47  8045
O16 	14895.1 	0.540012  1  -3123.73  8520
O16 	14895.1 	1.24639  1  2475.03  2748
O16 	14895.1 	0.431769  1  -13.6419  5350
O16 	14895.1 	0.515113  1  -2900.72  8372
O16 	14895.1 	0.200427  1  -3622.33  9103
O16 	14895.1 	0.998401  1  1610.43  3556
O16 	14895.1 	0.649959  1  -2310.7  7707
O16 	14895.1 	0.219365  1  4004.27  1034
O16 	14895.1 	0.215414  1  719.488  4482
O16 	14895.1 	0.422979  1  -3928.83  9459
O16 	14895.1 	0.279739  1  -3548.52  8974
O16 	14895.1 	0.384329  1  -4885.54  10348
O16 	14895.1 	0.23351  1  831.301  4297
O16 	14895.1 	0.226626  1  1098.96  4183
O16 	14895.1 	3.04235  1  -3748.69  9133
O16 	14895.1 	0.193  1  2185.3  2859
O16 	14895.1 	0.221235  1  1406.56  3687
O16 	14895.1 	0.825803  1  -609.451  6021
O16 	14895.1 	0.247753  1  1287.68  3905
O16 	14895.1 	0.263073  1  330.707  4853
O16 	14895.1 	1.54391  1  1510.59  3665
O16 	14895.1 	0.20198  1  2699.09  2394
O16 	14895.1 	0.199163  1  -3149.65  8407
O16 	14895.1 	0.206286  1  -1909.74  7374
O16 	14895.1 	0.403186  1  -296.56  5538
O16 	14895.1 	0.273185  1  1661.23  3561
O16 	14895.1 	0.542595  1  -4822.93  10286
O16 	14895.1 	0.343154  1  2344.64  2803
O16 	14895.1 	0.291656  1  -2491.03  7886
O16 	14895.1 	0.549384  1  3603.97  1467
O16 	14895.1 	0.511223  1  1002.09  4302
O16 	14895.1 	0.228527  1  4350.5  644
O16 	14895.1 	0.211209  1  -1405.98  6844
O16 	14895.1 	0.220073  1  -1208.6  6539
O16 	14895.1 	7.90717  1  3242.15  1815
O16 	14895.1 	0.413407  1  -1283.44  6485
O16 	14895.1 	0.794536  1  -124.219  5373
O16 	14895.1 	0.226422  1  -1463.72  6735
O16 	14895.1 	0.692534  1  -2169.34  7461
O16 	14895.1 	6.06793  1  2016.79  3199
O16 	14895.1 	0.713514  1  3685.36  1429
O16 	14895.1 	0.192956  1  -3601.6  8999
O16 	14895.1 	0.323001  1  4774.39  246
O16 	14895.1 	0.54316  1  -3541.45  8793
O16 	14895.1 	0.321426  1  467.347  4717
O16 	14895.1 	0.552042  1  -3794.98  9305
O16 	14895.1 	0.215962  1  4860.77  160
O16 	14895.1 	0.226281  1  1736.38  3440
O16 	14895.1 	0.227854  1  2271.29  2866
O16 	14895.1 	0.403398  1  3205.97  1893
O16 	14895.1 	0.445209  1  -216.498  5603
O16 	14895.1 	0.581938  1  -2147  7439
O16 	14895.1 	0.366732  1  -2009.42  7483
O16 	14895.1 	1.52851  1  -2579.12  7924
O16 	14895.1 	0.230774  1  2844.65  2181
O16 	14895.1 	0.40058  1  1128.81  3960
O16 	14895.1 	0.269442  1  -1252.4  6605
O16 	14895.1 	0.782936  1  2061.3  3149
O16 	14895.1 	0.253866  1  3607.52  1458
O16 	14895.1 	0.235189  1  4172.59  895
O16 	14895.1 	0.232736  1  2405.22  2664
O16 	14895.1 	0.462568  1  4413.73  609
O16 	14895.1 	0.326461  1  -476.885  5814
O16 	14895.1 	0.473513  1  3760.58  1292
O16 	14895.1 	0.765656  1  4030.6  1114
O16 	14895.1 	0.249787  1  -3973.59  9318
O16 	14895.1 	0.485229  1  -1831.78  7133
O16 	14895.1 	0.842638  1  1959.12  3232
O16 	14895.1 	0.93979  1  1835  3303
O16 	14895.1 	0.832167  1  3630.7  1385
O16 	14895.1 	0.387674  1  1379.99  3828
O16 	14895.1 	0.323288  1  -1905.1  7207
O16 	14895.1 	0.324848  1  599.512  4636
O16 	14895.1 	0.472289  1  1504.43  3606
O16 	14895.1 	0.444512  1  -3431.24  8940
O16 	14895.1 	0.330829  1  -4080.78  9476
O16 	14895.1 	1.20133  1  2067.63  3003
O16 	14895.1 	0.363583  1  377.658  4870
O16 	14895.1 	0.382622  1  -2827.81  8221
O16 	14895.1 	0.264155  1  3338.16  1780
O16 	14895.1 	0.189101  1  -1207.73  6523
O16 	14895.1 	0.70734  1  2104.39  3082
O16 	14895.1 	0.250995  1  -442.619  5776
O16 	14895.1 	0.305961  1  -2460.04  7952
O16 	14895.1 	0.194487  1  1331  3828
O16 	14895.1 	0.271333  1  -610.207  5714
O16 	14895.1 	0.378099  1  -673.157  5942
O16 	14895.1 	0.565369  1  -4567.71  10034
O16 	14895.1 	0.317011  1  -867.983  6262
O16 	14895.1 	0.568729  1  -3956.41  9428
O16 	14895.1 	0.280189  1  1337.8  3855
O16 	14895.1 	0.215654  1  -560.817  5774
O16 	14895.1 	0.315071  1  4868.94  142
O16 	14895.1 	0.277121  1  1164.36  3997
O16 	14895.1 	0.378112  1  -4611.47  9956
O16 	14895.1 	0.395177  1  1951.17  3210
O16 	14895.1 	0.289453  1  819.171  4408
O16 	14895.1 	0.291382  1  -3786.69  9344
O16 	14895.1 	0.736809  1  -3640.11  9129
O16 	14895.1 	0.257508  1  4874.26  131
O16 	14895.1 	1.20144  1  1304.04  3800
O16 	14895.1 	0.392197  1  -1645.35  6825
O16 	14895.1 	0.195498  1  759.297  4455
O16 	14895.1 	0.36555  1  3304.41  1802
O16 	14895.1 	0.209173  1  1382.64  3877
O16 	14895.1 	0.224633  1  1249.39  3924
O16 	14895.1 	0.591184  1  -1602.78  6898
O16 	14895.1 	0.215577  1  2190.27  3007
O16 	14895.1 	0.216753  1  -4048.05  9812
O16 	14895.1 	1.35702  1  -1587.86  6977
O16 	14895.1 	0.36091  1  2319.94  2766
O16 	14895.1 	0.335132  1  495.455  4740
O16 	14895.1 	0.209936  1  -2912.13  8228
O16 	14895.1 	0.318391  1  -4204.64  9625
O16 	14895.1 	0.247194  1  -1880.8  7248
O16 	14895.1 	0.23234  1  2128.22  3010
O16 	14895.1 	0.189255  1  -3542.74  8938
O16 	14895.1 	0.220394  1  3741.96  1343
O16 	14895.1 	0.243317  1  -3014.57  8471
O16 	14895.1 	1.1793  1  4837.91  155
O16 	14895.1 	1.56792  1  2698.91  2386
O16 	14895.1 	0.244419  1  -3374.07  8873
O16 	14895.1 	0.429331  1  -2873.12  8257
O16 	14895.1 	0.292378  1  1442.88  3665
O16 	14895.1 	0.432768  1  -3359.47  8850
O16 	14895.1 	0.37712  1  2644.08  2342
O16 	14895.1 	0.327642  1  -711.64  5955
O16 	14895.1 	0.194215  1  4970.95  25
O16 	14895.1 	0.646117  1  2894.62  2207
O16 	14895.1 	0.856015  1  701.858  4572
O16 	14895.1 	0.644901  1  -2867.57  8290
O16 	14895.1 	0.223958  1  4851.68  148
O16 	14895.1 	0.225408  1  1329.79  3893
O16 	14895.1 	0.300362  1  2329.69  2728
O16 	14895.1 	0.254619  1  -1094.31  6354
O16 	14895.1 	0.278096  1  -2422.07  7859
O16 	14895.1 	0.300205  1  218.503  5152
O16 	14895.1 	0.29276  1  2459.55  2657
O16 	14895.1 	0.197592  1  -583.569  5838
O16 	14895.1 	0.38625  1  -2548.79  7967
O16 	14895.1 	0.344235  1  -2534.54  7999
O16 	14895.1 	0.20408  1  -4457.65  9786
O16 	14895.1 	0.292748  1  4559.43  452
O16 	14895.1 	0.745678  1  -1271.41  6473
O16 	14895.1 	0.420956  1  -1112.48  6352
O16 	14895.1 	0.233807  1  -3426.5  8874
O16 	14895.1 	0.316944  1  2061.18  3080
O16 	14895.1 	0.197356  1  1771.27  3296
O16 	14895.1 	0.217126  1  -1657.75  6868
O16 	14895.1 	0.229916  1  4835.97  152
O16 	14895.1 	0.301501  1  12.952  5209
O16 	14895.1 	0.188385  1  2310.85  2841
O16 	14895.1 	0.213661  1  -658.89  5963
O16 	14895.1 	0.27781  1  3618.86  1410
O16 	14895.1 	0.265071  1  -2239.47  7665
O16 	14895.1 	0.559982  1  1658.86  3460
O16 	14895.1 	0.194878  1  2789.35  2423
O16 	14895.1 	0.281884  1  1025.43  4260
O16 	14895.1 	0.254664  1  3900.59  1145
O16 	14895.1 	1.02937  1  1996.73  3207
O16 	14895.1 	0.288146  1  -265.927  5538
O16 	14895.1 	0.191698  1  -2526.62  7963
O16 	14895.1 	0.268992  1  -3947.09  9441
O16 	14895.1 	0.737051  1  1896.54  3164
O16 	14895.1 	0.522765  1  2964.37  2063
O16 	14895.1 	0.290806  1  1968.06  3193
O16 	14895.1 	0.239547  1  -4592.81  9990
O16 	14895.1 	1.04715  1  -2584.05  7901
O16 	14895.1 	0.316232  1  -4479.98  9847
O16 	14895.1 	0.190444  1  2254.4  2818
O16 	14895.1 	0.611781  1  -16.5255  5199
O16 	14895.1 	0.236231  1  916.736  4360
O16 	14895.1 	0.223096  1  745.891  4495
O16 	14895.1 	0.316068  1  -4177.26  9647
O16 	14895.1 	1.50914  1  3550.08  1562
O16 	14895.1 	0.295092  1  3938.72  1160
O16 	14895.1 	0.243  1  -3579.36  8767
O16 	14895.1 	5.25712  1  4080.83  905
O16 	14895.1 	0.190712  1  3123.24  1963
O16 	14895.1 	2.30976  1  -627.292  5941
O16 	14895.1 	0.508472  1  3769.27  1255
O16 	14895.1 	0.632051  1  -525.938  5958
O16 	14895.1 	0.433926  1  2088.91  3032
O16 	14895.1 	0.225041  1  -3122.62  8513
O16 	14895.1 	0.498748  1  427.232  4799
O16 	14895.1 	0.216364  1  -2014.95  7464
O16 	14895.1 	0.208251  1  404.043  4731
O16 	14895.1 	0.318874  1  -1638.23  6880
O16 	14895.1 	0.55246  1  3945.05  1121
O16 	14895.1 	0.249083  1  -2522.94  7820
O16 	14895.1 	0.305262  1  3316.08  1791
O16 	14895.1 	6.98493  1  4496.88  577
O16 	14895.1 	0.397805  1  -3831.66  9156
O16 	14895.1 	0.212845  1  3933.94  1110
O16 	14895.1 	0.37959  1  4935.87  59
O16 	14895.1 	0.59999  1  -3750.17  9220
O16 	14895.1 	0.251811  1  1219.92  3914
O16 	14895.1 	1.08728  1  1350.28  3902
O16 	14895.1 	0.506555  1  -2035.78  7312
O16 	14895.1 	0.660439  1  -1007.95  6330
O16 	14895.1 	0.209366  1  4863.33  156
O16 	14895.1 	1.25603  1  2682.97  2410
O16 	14895.1 	0.93144  1  1002.39  4238
O16 	14895.1 	0.334352  1  2294.35  2727
O16 	14895.1 	0.331949  1  1628.36  3479
O16 	14895.1 	0.383223  1  -3192.02  8670
O16 	14895.1 	0.215591  1  2459.44  2581
O16 	14895.1 	0.222768  1  -4116.29  9673
O16 	14895.1 	0.379735  1  3607.37  1496
O16 	14895.1 	0.245898  1  -727.129  5952
O16 	14895.1 	0.481019  1  2583.26  2618
O16 	14895.1 	0.232843  1  3460.97  1657
O16 	14895.1 	0.481008  1  2122.57  3092
O16 	14895.1 	0.461753  1  2175.29  2996
O16 	14895.1 	0.498503  1  3707.55  1356
O16 	14895.1 	1.32794  1  4481.3  549
O16 	14895.1 	0.299021  1  608.65  4629
O16 	14895.1 	0.336634  1  -2612.03  7918
O16 	14895.1 	0.218762  1  -2543.08  7779
O16 	14895.1 	0.35213  1  4926.96  93
O16 	14895.1 	0.427103  1  1384.35  3727
O16 	14895.1 	0.428643  1  -3166.28  8750
O16 	14895.1 	0.679168  1  -4707.77  10215
O16 	14895.1 	0.197096  1  -3952.02  9596
O16 	14895.1 	0.383213  1  -344.437  5666
O16 	14895.1 	0.612472  1  204.063  5039
O16 	14895.1 	0.21115  1  4010.37  1003
O16 	14895.1 	0.414061  1  3969.36  1062
O16 	14895.1 	0.592017  1  2919.89  2240
O16 	14895.1 	0.348723  1  -4848.95  10505
O16 	14895.1 	0.577123  1  -3175.85  8483
O16 	14895.1 	0.275368  1  -393.635  5698
O16 	14895.1 	0.397368  1  -2351.07  7722
O16 	14895.1 	0.319786  1  -4923.16  10361
O16 	14895.1 	0.208492  1  155.464  5059
O16 	14895.1 	0.191276  1  4046.33  1053
O16 	14895.1 	0.297814  1  1461.1  3760
O16 	14895.1 	0.542331  1  -3246.87  8710
O16 	14895.1 	0.726018  1  1652.09  3477
O16 	14895.1 	0.529043  1  -110.938  5398
O16 	14895.1 	0.351222  1  3011.41  2090
O16 	14895.1 	0.235958  1  2870.03  2218
O16 	14895.1 	0.254986  1  -1618.4  6870
O16 	14895.1 	0.215947  1  2719.23  2430
O16 	14895.1 	0.209206  1  4938.37  62
O16 	14895.1 	0.771848  1  3611.89  1447
O16 	14895.1 	0.773463  1  -3526.77  9091
O16 	14895.1 	0.608698  1  1817.35  3300
O16 	14895.1 	0.362924  1  -4859.51  10260
O16 	14895.1 	0.261531  1  2418.61  2731
O16 	14895.1 	0.531377  1  -1183.42  6287
O16 	14895.1 	0.368349  1  2148.41  3099
O16 	14895.1 	0.235541  1  -962.605  6503
O16 	14895.1 	0.225839  1  841.456  4321
O16 	14895.1 	0.457798  1  -889.485  6101
O16 	14895.1 	0.249143  1  2994.49  2067
O16 	14895.1 	0.192005  1  1954.71  3258
O16 	14895.1 	0.406159  1  -3008.96  8407
O16 	14895.1 	0.196845  1  480.226  4811
O16 	14895.1 	0.2988  1  -2907.31  8278
O16 	14895.1 	0.196837  1  3735.77  1309
O16 	14895.1 	0.257176  1  -1684.14  6942
O16 	14895.1 	0.339283  1  4618.84  447
O16 	14895.1 	0.24563  1  -4914.5  10551
O16 	14895.1 	0.210544  1  2804.92  2380
O16 	14895.1 	0.401591  1  856.966  4420
O16 	14895.1 	0.419207  1  4968.05  27
O16 	14895.1 	0.221306  1  1370.09  3885
O16 	14895.1 	0.190442  1  2275.62  2697
O16 	14895.1 	0.206816  1  -2544.04  7834
O16 	14895.1 	0.238859  1  -3418.08  8886
O16 	14895.1 	0.351569  1  -1250.62  6526
O16 	14895.1 	0.321671  1  -3530.58  8964
O16 	14895.1 	0.191585  1  2839.37  2234
O16 	14895.1 	0.342587  1  902.508  4438
O16 	14895.1 	0.401503  1  2212.22  2902
O16 	14895.1 	0.23283  1  -851.263  6017
O16 	14895.1 	0.361268  1  -2411.15  7763
O16 	14895.1 	0.215927  1  3846.59  1206
O16 	14895.1 	0.226937  1  -2238.79  7702
O16 	14895.1 	0.740288  1  4037.14  1036
O16 	14895.1 	0.254728  1  -313.238  5638
O16 	14895.1 	0.505815  1  -2606  8180
O16 	14895.1 	0.406927  1  1733.46  3471
O16 	14895.1 	0.227042  1  4526.75  493
O16 	14895.1 	0.213806  1  -4674.88  10158
O16 	14895.1 	0.619572  1  3250.44  1821
O16 	14895.1 	0.285444  1  -4864.68  10288
O16 	14895.1 	0.24136  1  3051.72  1971
O16 	14895.1 	0.305016  1  928.851  4148
O16 	14895.1 	0.42141  1  -1372.16  6798
O16 	14895.1 	0.419453  1  4124.98  891
O16 	14895.1 	0.203169  1  1039.72  4088
O16 	14895.1 	1.55809  1  1577.84  3536
O16 	14895.1 	0.20623  1  1428  3726
O16 	14895.1 	0.321831  1  -384.644  5486
O16 	14895.1 	0.237892  1  -666.294  5907
O16 	14895.1 	0.237261  1  446.751  4716
O16 	14895.1 	0.202711  1  4725.49  280
O16 	14895.1 	0.292478  1  3370.86  1740
O16 	14895.1 	0.259165  1  2433.24  2708
O16 	14895.1 	0.408523  1  -957.694  6278
O16 	14895.1 	0.197406  1  -1697.94  7050
O16 	14895.1 	0.269094  1  -3712.28  9115
O16 	14895.1 	0.201458  1  3616.3  1435
O16 	14895.1 	0.31243  1  -4988.55  10446
O16 	14895.1 	0.839124  1  -3533.23  8991
O16 	14895.1 	0.392627  1  238.098  5071
O16 	14895.1 	0.200166  1  -2797.18  8179
O16 	14895.1 	0.255126  1  2499.31  2591
O16 	14895.1 	0.201604  1  2524.57  2552
O16 	14895.1 	0.280883  1  -2073.31  7419
O16 	14895.1 	0.310823  1  1045.09  4098
O16 	14895.1 	0.273098  1  3081.45  2034
O16 	14895.1 	0.288599  1  -3677.38  9113
O16 	14895.1 	0.419433  1  -1879.66  7152
O16 	14895.1 	0.375754  1  -1198.62  6407
O16 	14895.1 	0.204452  1  -3461.87  8851
O16 	14895.1 	0.285707  1  2504.45  2621
O16 	14895.1 	1.1001  1  -807.494  6022
O16 	14895.1 	0.659844  1  3473.98  1608
O16 	14895.1 	1.45206  1  -4232.27  9712
O16 	14895.1 	0.582957  1  3552.34  1500
O16 	14895.1 	0.200428  1  -1415.44  6844
O16 	14895.1 	0.298643  1  2058.86  3145
O16 	14895.1 	0.532256  1  -4927.09  10379
O16 	14895.1 	0.353626  1  -139.716  5424
O16 	14895.1 	0.435578  1  4323.15  723
O16 	14895.1 	0.329789  1  2619.18  2494
O16 	14895.1 	0.215847  1  -436.179  5726
O16 	14895.1 	0.525243  1  3872.34  1164
O16 	14895.1 	0.234544  1  3978.84  1074
O16 	14895.1 	0.429375  1  4952.52  45
O16 	14895.1 	0.546447  1  4748.83  249
O16 	14895.1 	0.222399  1  -2641.15  7999
O16 	14895.1 	0.232099  1  4534.5  497
O16 	14895.1 	1.25857  1  -4796.03  10389
O16 	14895.1 	0.215136  1  1557.36  3640
O16 	14895.1 	0.261719  1  -177.53  5492
O16 	14895.1 	0.310327  1  361.439  4925
O16 	14895.1 	0.632  1  1909.55  3361
O16 	14895.1 	0.292757  1  -3813.76  9308
O16 	14895.1 	0.208994  1  -2458.61  7851
O16 	14895.1 	0.254105  1  -1600.5  6928
O16 	14895.1 	0.215544  1  -389.928  5828
O16 	14895.1 	0.20473  1  -3748.14  9106
O16 	14895.1 	0.368444  1  388.155  4927
O16 	14895.1 	2.10292  1  3058.37  1954
O16 	14895.1 	0.226254  1  2358.93  2790
O16 	14895.1 	0.259531  1  1287.59  3880
O16 	14895.1 	1.98647  1  2206.52  2883
O16 	14895.1 	0.224804  1  -3390.9  8699
O16 	14895.1 	0.232928  1  -851.637  6177
O16 	14895.1 	0.373574  1  1977.05  3199
O16 	14895.1 	0.346024  1  -3090.53  8454
O16 	14895.1 	0.786153  1  -1294.5  6579
O16 	14895.1 	0.216915  1  -1041.51  6248
O16 	14895.1 	0.249869  1  1938.79  3110
O16 	14895.1 	0.434048  1  -1010.71  6367
O16 	14895.1 	0.862188  1  -3930.2  9426
O16 	14895.1 	0.202408  1  -2259.66  7592
O16 	14895.1 	0.259929  1  -4578.84  9922
O16 	14895.1 	0.45721  1  962.883  4268
O16 	14895.1 	0.441591  1  -1906.17  7319
O16 	14895.1 	0.708023  1  -910.719  6246
O16 	14895.1 	1.15578  1  4162.56  847
O16 	14895.1 	0.496944  1  4723  295
O16 	14895.1 	0.778205  1  2342.01  2862
O16 	14895.1 	0.228264  1  -4312.74  9786
O16 	14895.1 	2.70676  1  -4051.3  9472
O16 	14895.1 	0.327064  1  1970.49  3231
O16 	14895.1 	0.300703  1  4724.3  280
O16 	14895.1 	0.278983  1  -3805.75  9171
O16 	14895.1 	0.962294  1  3886.11  1142
O16 	14895.1 	0.480247  1  2518.34  2677
O16 	14895.1 	0.861867  1  -729.465  6024
O16 	14895.1 	0.331264  1  2024.96  3129
O16 	14895.1 	3.13977  1  1529.21  3681
O16 	14895.1 	0.204382  1  -2392.78  7793
O16 	14895.1 	0.237317  1  526.335  4690
O16 	14895.1 	0.566932  1  -114.153  5317
O16 	14895.1 	0.236639  1  -3076.11  8453
O16 	14895.1 	0.469022  1  2679.68  2417
O16 	14895.1 	0.276792  1  435.151  4873
O16 	14895.1 	0.260749  1  -139.376  5519
O16 	14895.1 	0.329464  1  3245.31  1875
O16 	14895.1 	0.670537  1  779.294  4453
O16 	14895.1 	0.314032  1  4655  369
O16 	14895.1 	0.238938  1  2841.68  2185
O16 	14895.1 	0.429  1  3357.8  1726
O16 	14895.1 	0.22106  1  -2831.78  8096
O16 	14895.1 	0.201788  1  3134.99  2005
O16 	14895.1 	0.207649  1  3927.05  1118
O16 	14895.1 	0.252518  1  -3074.37  8433
O16 	14895.1 	0.269582  1  -1894.36  7266
O16 	14895.1 	0.343329  1  75.3544  5145
O16 	14895.1 	0.254585  1  -151.471  5362
O16 	14895.1 	0.340754  1  -2105.31  7314
O16 	14895.1 	2.70624  1  -4396.29  9919
O16 	14895.1 	0.188363  1  3971.99  1080
O16 	14895.1 	0.41719  1  1788.48  3545
O16 	14895.1 	0.207415  1  -760.606  6241
O16 	14895.1 	0.462977  1  -1082.54  6360
O16 	14895.1 	0.227499  1  -2838.18  8190
O16 	14895.1 	0.24577  1  541.489  4704
O16 	14895.1 	0.371248  1  -476.126  5665
O16 	14895.1 	0.206082  1  -2042.61  7308
O16 	14895.1 	0.225985  1  -3754.69  9182
O16 	14895.1 	0.325707  1  -4038.58  9525
O16 	14895.1 	0.353728  1  -2191.49  7508
O16 	14895.1 	0.195441  1  3132.04  2029
O16 	14895.1 	5.39275  1  -958.961  6412
O16 	14895.1 	0.484628  1  -4980.01  10433
O16 	14895.1 	0.57503  1  -4763.17  10139
O16 	14895.1 	0.668221  1  2703.17  2340
O16 	14895.1 	0.337804  1  3504.52  1558
O16 	14895.1 	0.819432  1  1315.94  3883
O16 	14895.1 	0.264871  1  4233.15  814
O16 	14895.1 	0.195499  1  2306.99  2788
O16 	14895.1 	0.203006  1  3584.73  1508
O16 	14895.1 	0.49406  1  -4427.62  9717
O16 	14895.1 	0.352874  1  -4620.63  9997
O16 	14895.1 	0.276039  1  4370.35  721
O16 	14895.1 	0.253885  1  -4836.34  10301
O16 	14895.1 	0.262849  1  -3629.88  8934
O16 	14895.1 	3.30177  1  3381.87  1649
O16 	14895.1 	0.260944  1  -1780.72  7052
O16 	14895.1 	0.604122  1  -851.212  6245
O16 	14895.1 	0.286475  1  285.529  4820
O16 	14895.1 	0.20145  1  1416.69  3723
O16 	14895.1 	0.235482  1  3972.1  1071
O16 	14895.1 	0.224077  1  2336.38  2725
O16 	14895.1 	0.430144  1  -1854.64  7370
O16 	14895.1 	0.941134  1  1610.4  3564
O16 	14895.1 	0.498666  1  -3142.62  8530
O16 	14895.1 	0.208655  1  -1215.5  6403
O16 	14895.1 	0.252248  1  1228.89  3960
O16 	14895.1 	0.461895  1  3395.53  1681
O16 	14895.1 	0.247913  1  3161.25  1914
O16 	14895.1 	0.843882  1  -6.21071  5214
O16 	14895.1 	0.314528  1  -253.221  5587
O16 	14895.1 	0.202679  1  -1437.01  6671
O16 	14895.1 	0.382488  1  -504.935  5743
O16 	14895.1 	0.196046  1  -4283.67  9656
O16 	14895.1 	0.226081  1  -1566.86  6958
O16 	14895.1 	0.472301  1  -2153.97  7468
O16 	14895.1 	0.225006  1  -2707.66  8002
O16 	14895.1 	0.272329  1  1800.77  3276
O16 	14895.1 	0.298954  1  352.897  4821
O16 	14895.1 	0.266192  1  -3381.08  8800
O16 	14895.1 	0.283697  1  -2472.7  7648
O16 	14895.1 	0.22943  1  2276.48  2860
O16 	14895.1 	0.6893  1  4344.3  667
O16 	14895.1 	1.87677  1  4343.4  722
O16 	14895.1 	0.250299  1  3674.99  1404
O16 	14895.1 	0.205629  1  -4341.52  9689
O16 	14895.1 	0.237433  1  2524.54  2652
O16 	14895.1 	0.285103  1  1530.75  3710
O16 	14895.1 	7.58441  1  -3507.07  9026
O16 	14895.1 	0.277392  1  -830.443  5958
O16 	14895.1 	0.362337  1  887.507  4422
O16 	14895.1 	0.418801  1  -1887.55  7189
O16 	14895.1 	0.245621  1  -1477.87  6713
O16 	14895.1 	0.267224  1  2700.25  2405
O16 	14895.1 	0.939663  1  4338.72  718
O16 	14895.1 	0.413008  1  398.779  4766
O16 	14895.1 	0.967003  1  -1850.01  7228
O16 	14895.1 	0.279842  1  2734.73  2401
O16 	14895.1 	0.214607  1  -1155.25  6407
O16 	14895.1 	0.62564  1  -2737.98  8124
O16 	14895.1 	0.224098  1  -952.7  6237
O16 	14895.1 	0.273509  1  -2726.4  8197
O16 	14895.1 	0.688546  1  3319.75  1734
O16 	14895.1 	0.198869  1  913.223  4362
O16 	14895.1 	0.301333  1  -3036.74  8354
O16 	14895.1 	0.378552  1  4197.83  832
O16 	14895.1 	0.518288  1  -3235.96  8558
O16 	14895.1 	0.987509  1  -3713.85  9098
O16 	14895.1 	1.78744  1  -1248.85  6514
O16 	14895.1 	0.464612  1  -3502.77  8890
O16 	14895.1 	0.286206  1  -4092.71  9509
O16 	14895.1 	0.574682  1  3212.64  1889
O16 	14895.1 	1.76004  1  -19.5394  5245
O16 	14895.1 	0.28696  1  3160.75  1924
O16 	14895.1 	0.237468  1  839.327  4327
O16 	14895.1 	0.269759  1  3017.68  2188
O16 	14895.1 	0.191504  1  -1414.48  6861
O16 	14895.1 	0.290855  1  3608.42  1455
O16 	14895.1 	0.256661  1  1739.35  3358
O16 	14895.1 	0.255562  1  -1674.11  7062
O16 	14895.1 	0.449514  1  -4597.9  10084
O16 	14895.1 	1.20323  1  -1877.36  7209
O16 	14895.1 	0.265429  1  -3529.01  8883
O16 	14895.1 	0.310569  1  -2455.6  7819
O16 	14895.1 	0.330016  1  155.404  5087
O16 	14895.1 	0.319701  1  2115.32  3102
O16 	14895.1 	2.22909  1  -248.153  5518
O16 	14895.1 	0.27906  1  4495.59  545
O16 	14895.1 	0.192112  1  1070.83  4096
O16 	14895.1 	0.58731  1  -4489.04  9795
O16 	14895.1 	0.915201  1  562.485  4555
O16 	14895.1 	0.215388  1  -3037.53  8370
O16 	14895.1 	1.09993  1  1535.76  3679
O16 	14895.1 	0.507005  1  1095.74  4017
O16 	14895.1 	0.476735  1  -2762.88  8096
O16 	14895.1 	0.252373  1  -1538.65  6814
O16 	14895.1 	0.481864  1  -2422.43  7768
O16 	14895.1 	0.191595  1  -2211.54  7585
O16 	14895.1 	0.227644  1  97.8363  5225
O16 	14895.1 	0.34323  1  -3791.31  9262
O16 	14895.1 	0.249155  1  378.986  4857
O16 	14895.1 	0.261924  1  -4673.04  10128
O16 	14895.1 	0.25218  1  1611.88  3380
O16 	14895.1 	0.292469  1  1534.58  3578
O16 	14895.1 	0.675321  1  966.08  4169
O16 	14895.1 	0.240099  1  1839.5  3280
O16 	14895.1 	0.333023  1  2938.36  2100
O16 	14895.1 	0.467161  1  3087.69  2007
O16 	14895.1 	0.251176  1  -2557.41  7974
O16 	14895.1 	0.284852  1  3257.59  1844
O16 	14895.1 	1.24219  1  -1292.17  6607
O16 	14895.1 	0.320558  1  43.7691  5225
O16 	14895.1 	0.58448  1  2227.2  2897
O16 	14895.1 	0.271852  1  -542.631  5771
O16 	14895.1 	0.189022  1  -455.383  5776
O16 	14895.1 	0.216598  1  1752.58  3433
O16 	14895.1 	0.312635  1  -4785.58  10236
O16 	14895.1 	0.287181  1  2056.8  3108
O16 	14895.1 	3.82123  1  -2260.13  7652
O16 	14895.1 	0.339022  1  -4055.84  9406
O16 	14895.1 	0.208454  1  2387.38  2764
O16 	14895.1 	0.226877  1  -1477.48  6752
O16 	14895.1 	0.194555  1  -2663.71  8101
O16 	14895.1 	0.275234  1  -683.73  5989
O16 	14895.1 	0.188766  1  3804.21  1278
O16 	14895.1 	0.766234  1  4834.43  175
O16 	14895.1 	0.305706  1  -746.908  6055
O16 	14895.1 	0.367854  1  -527.094  5784
O16 	14895.1 	0.275722  1  -1584.36  6897
O16 	14895.1 	0.646005  1  -3566.89  9034
O16 	14895.1 	0.652372  1  617.898  4571
O16 	14895.1 	0.332528  1  4054.59  979
O16 	14895.1 	0.200834  1  3768.73  1201
O16 	14895.1 	0.217534  1  -3730.85  8979
O16 	14895.1 	0.494936  1  -4217.26  9742
O16 	14895.1 	0.44114  1  4842.3  172
O16 	14895.1 	0.69572  1  4196  832
O16 	14895.1 	0.203138  1  2534.47  2535
O16 	14895.1 	0.258933  1  -2629.43  8039
O16 	14895.1 	0.534939  1  -4371.63  9718
O16 	14895.1 	0.579113  1  796.766  4404
O16 	14895.1 	0.275127  1  -274.497  5462
O16 	14895.1 	0.24495  1  2201.8  2946
O16 	14895.1 	0.445219  1  4276  778
O16 	14895.1 	0.195359  1  -3382.4  8932
O16 	14895.1 	0.627744  1  -3792.52  9279
O16 	14895.1 	0.212194  1  -4911.69  10487
O16 	14895.1 	0.323385  1  -404.093  5679
O16 	14895.1 	0.456243  1  -1004.52  6329
O16 	14895.1 	2.27729  1  -2267.76  7703
O16 	14895.1 	0.191708  1  4676.61  377
O16 	14895.1 	0.285029  1  3039.96  1967
O16 	14895.1 	0.92062  1  1098.54  4080
O16 	14895.1 	0.388621  1  4610.08  385
O16 	14895.1 	0.689352  1  -4433.82  9913
O16 	14895.1 	0.203681  1  3694.84  1294
O16 	14895.1 	0.217728  1  -1226.22  6613
O16 	14895.1 	0.353231  1  2913.59  2248
O16 	14895.1 	0.253348  1  -2255.7  7666
O16 	14895.1 	0.737876  1  1678.31  3583
O16 	14895.1 	0.333187  1  961.831  4215
O16 	14895.1 	0.933037  1  451.05  4689
O16 	14895.1 	0.42016  1  4410.95  575
O16 	14895.1 	0.26614  1  -4701.58  10120
O16 	14895.1 	0.455797  1  675.608  4633
O16 	14895.1 	0.257993  1  3736.95  1359
O16 	14895.1 	0.28015  1  -2727.05  8077
O16 	14895.1 	0.384831  1  3203.94  1887
O16 	14895.1 	0.211686  1  -3627.78  9070
O16 	14895.1 	0.36656  1  888.057  4355
O16 	14895.1 	1.21707  1  -292.035  5536
O16 	14895.1 	0.520577  1  3245.2  1772
O16 	14895.1 	0.516933  1  2699.44  2359
O16 	14895.1 	0.353512  1  1170.62  4122
O16 	14895.1 	0.289044  1  -4744.97  10292
O16 	14895.1 	1.02753  1  -709.728  5860
O16 	14895.1 	0.412755  1  2072.09  3042
O16 	14895.1 	0.422817  1  -616.22  5873
O16 	14895.1 	1.10212  1  3343.25  1781
O16 	14895.1 	0.284239  1  1864.01  3252
O16 	14895.1 	0.728867  1  -3138.61  8586
O16 	14895.1 	0.305947  1  3103.26  1946
O16 	14895.1 	0.681843  1  -2967.44  8330
O16 	14895.1 	0.202684  1  -1093.73  6339
O16 	14895.1 	0.488361  1  4471.58  559
O16 	14895.1 	0.222643  1  1676.49  3505
O16 	14895.1 	0.272714  1  4786.35  215
O16 	14895.1 	0.74669  1  -2755.43  8008
O16 	14895.1 	0.242762  1  4359.74  699
O16 	14895.1 	0.28099  1  2654.49  2484
O16 	14895.1 	2.12861  1  -2710.72  8181
O16 	14895.1 	0.312975  1  3334.05  1643
O16 	14895.1 	0.300919  1  -1000.35  6391
O16 	14895.1 	0.294145  1  241.785  5017
O16 	14895.1 	0.198081  1  -415.447  5673
O16 	14895.1 	5.1896  1  -3250.43  8576
O16 	14895.1 	0.189523  1  -169.235  5292
O16 	14895.1 	0.566762  1  -1126.02  6433
O16 	14895.1 	0.29071  1  -2654.65  7994
O16 	14895.1 	0.274107  1  480.553  4719
O16 	14895.1 	0.382764  1  -4188.85  9635
O16 	14895.1 	3.20422  1  1491.01  3683
O16 	14895.1 	0.345417  1  4799.61  213
O16 	14895.1 	0.588806  1  2762.4  2440
O16 	14895.1 	0.409259  1  -1306.21  6637
O16 	14895.1 	0.675626  1  3698.42  1362
O16 	14895.1 	0.285668  1  3014.08  2192
O16 	14895.1 	0.52741  1  2447.29  2673
O16 	14895.1 	0.188197  1  1360.46  3869
O16 	14895.1 	0.523829  1  -4001.74  9512
O16 	14895.1 	0.512268  1  -3368.04  8643
O16 	14895.1 	0.373294  1  -4971.76  10295
O16 	14895.1 	0.22743  1  980.909  4261
O16 	14895.1 	0.261066  1  -2911.53  8287
O16 	14895.1 	0.515675  1  4596.75  391
O16 	14895.1 	0.191326  1  2873.97  2229
O16 	14895.1 	0.189315  1  4399.34  661
O16 	14895.1 	1.39172  1  3229.63  1848
O16 	14895.1 	0.258793  1  4205.08  859
O16 	14895.1 	0.246815  1  1035.39  4111
O16 	14895.1 	0.325211  1  4571.34  433
O16 	14895.1 	5.93965  1  -2160.87  7451
O16 	14895.1 	0.285058  1  -1707.91  7037
O16 	14895.1 	0.391361  1  -763.312  5959
O16 	14895.1 	0.444455  1  1159.91  4070
O16 	14895.1 	3.10779  1  4443.43  563
O16 	14895.1 	0.321922  1  4417.36  586
O16 	14895.1 	0.413462  1  4210.28  884
O16 	14895.1 	0.396395  1  3427.71  1704
O16 	14895.1 	0.44979  1  -4885.6  10536
O16 	14895.1 	2.23953  1  -2879.6  8206
O16 	14895.1 	0.197198  1  37.5027  5262
O16 	14895.1 	0.256292  1  -3943.02  9133
O16 	14895.1 	0.240029  1  -4512.68  9999
O16 	14895.1 	0.291012  1  3891.64  1158
O16 	14895.1 	0.234546  1  3532.9  1515
O16 	14895.1 	0.192165  1  -283.888  5504
O16 	14895.1 	0.281327  1  557.153  4649
O16 	14895.1 	0.270813  1  4746.01  258
O16 	14895.1 	0.288651  1  -683.709  5978
O16 	14895.1 	0.501476  1  4308.13  704
O16 	14895.1 	0.257114  1  -3835.84  9368
O16 	14895.1 	0.617486  1  3522.29  1538
O16 	14895.1 	0.621363  1  -537.207  5950
O16 	14895.1 	0.238391  1  -1855.24  7164
O16 	14895.1 	0.465345  1  -2175.63  7441
O16 	14895.1 	0.489798  1  2641.94  2528
O16 	14895.1 	0.340055  1  4729.58  274
O16 	14895.1 	0.239771  1  2309.03  2830
O16 	14895.1 	0.27471  1  -1188.61  6469
O16 	14895.1 	0.208027  1  3783.38  1259
O16 	14895.1 	0.322028  1  1716.43  3392
O16 	14895.1 	0.44687  1  -1115.21  6358
O16 	14895.1 	0.448186  1  1340.12  3794
O16 	14895.1 	0.350672  1  3239.13  1764
O16 	14895.1 	0.296745  1  40.1808  5201
O16 	14895.1 	0.389066  1  3478.45  1560
O16 	14895.1 	0.324519  1  -1406.82  6697
O16 	14895.1 	0.234774  1  -4046.74  9455
O16 	14895.1 	0.236509  1  -2515.05  7944
O16 	14895.1 	0.299177  1  3823.41  1095
O16 	14895.1 	0.34129  1  1812.9  3332
O16 	14895.1 	0.198428  1  -3211.71  8587
O16 	14895.1 	0.50768  1  -1304.44  6699
O16 	14895.1 	0.334395  1  4758.25  271
O16 	14895.1 	0.290942  1  3188.38  1949
O16 	14895.1 	0.260093  1  -2998.03  8326
O16 	14895.1 	0.254159  1  -3173.03  8484
O16 	14895.1 	0.571479  1  -1689.22  7062
O16 	14895.1 	0.341964  1  -248.84  5471
O16 	14895.1 	0.599194  1  3968.95  1061
O16 	14895.1 	0.304238  1  1547.34  3541
O16 	14895.1 	0.661428  1  -1250.33  6612
O16 	14895.1 	0.54608  1  4301.87  745
O16 	14895.1 	0.760683  1  2214.97  2981
O16 	14895.1 	0.464936  1  -1441.17  6667
O16 	14895.1 	0.198995  1  440.324  4721
O16 	14895.1 	0.255568  1  -3046.89  8340
O16 	14895.1 	0.573031  1  599.831  4583
O16 	14895.1 	0.224798  1  -4114.41  9664
O16 	14895.1 	0.342655  1  -1450.44  6752
O16 	14895.1 	0.249595  1  -2811.45  8153
O16 	14895.1 	0.996565  1  -2944.69  8308
O16 	14895.1 	0.297224  1  -1106.27  6488
O16 	14895.1 	0.266831  1  4275.28  821
O16 	14895.1 	7.84897  1  -3028.41  8286
O16 	14895.1 	0.45172  1  -1596.39  7026
O16 	14895.1 	0.560674  1  2147.58  3040
O16 	14895.1 	0.699611  1  -991.956  6308
O16 	14895.1 	0.271212  1  -242.206  5385
O16 	14895.1 	0.952787  1  -2346.43  7667
O16 	14895.1 	0.264554  1  -1692.78  6860
O16 	14895.1 	0.426154  1  -4883.31  10281
O16 	14895.1 	0.201422  1  3393.39  1664
O16 	14895.1 	0.694724  1  -3708.92  9172
O16 	14895.1 	0.202483  1  -4184.93  9689
O16 	14895.1 	0.335752  1  2352.08  2673
O16 	14895.1 	0.25828  1  -4326.05  9865
O16 	14895.1 	0.188651  1  4036.57  985
O16 	14895.1 	0.364712  1  -881.765  6100
O16 	14895.1 	1.32146  1  -11.2134  5199
O16 	14895.1 	0.243468  1  -660.468  5921
O16 	14895.1 	0.530832  1  2963.41  2168
O16 	14895.1 	2.09336  1  -1626.87  6999
O16 	14895.1 	0.206212  1  -4196.72  9550
O16 	14895.1 	0.286222  1  -2234.09  7641
O16 	14895.1 	0.286144  1  -1188.82  6581
O16 	14895.1 	0.292052  1  -4107.89  9444
O16 	14895.1 	0.260697  1  -3579.3  8967
O16 	14895.1 	0.632308  1  2333.85  2747
O16 	14895.1 	0.549001  1  4029.52  1058
O16 	14895.1 	0.36986  1  2691.29  2395
O16 	14895.1 	0.232447  1  -3515.9  8981
O16 	14895.1 	0.190002  1  1315.23  3858
O16 	14895.1 	0.271126  1  -3127.34  8436
O16 	14895.1 	0.48916  1  -753.47  6156
O16 	14895.1 	0.577096  1  -4901.25  10267
O16 	14895.1 	0.442973  1  -4249.03  9733
O16 	14895.1 	0.451112  1  424.814  4734
O16 	14895.1 	0.474504  1  4495.12  567
O16 	14895.1 	0.962399  1  -3434.98  8796
O16 	14895.1 	0.198195  1  -453.397  5627
O16 	14895.1 	0.319026  1  3293.47  1726
O16 	14895.1 	0.309992  1  -4932.29  10228
O16 	14895.1 	0.216631  1  4898.74  111
O16 	14895.1 	1.08373  1  -1458.73  6754
O16 	14895.1 	0.285298  1  -2662.96  8193
O16 	14895.1 	0.272871  1  2657.08  2519
O16 	14895.1 	0.271555  1  4219.21  843
O16 	14895.1 	0.905354  1  -1868.48  7189
O16 	14895.1 	0.241573  1  -2934.71  8347
O16 	14895.1 	0.233519  1  221.617  5099
O16 	14895.1 	0.217261  1  3652.99  1434
O16 	14895.1 	0.330955  1  1871.56  3316
O16 	14895.1 	0.537807  1  471.248  4792
O16 	14895.1 	0.209066  1  -1106.17  6470
O16 	14895.1 	0.198839  1  -1770.75  7123
O16 	14895.1 	0.345352  1  -1726  7108
O16 	14895.1 	0.284033  1  2424.13  2650
O16 	14895.1 	0.191358  1  -3168.64  8456
O16 	14895.1 	0.616131  1  4081.18  995
O16 	14895.1 	0.190481  1  1984.14  3213
O16 	14895.1 	0.528846  1  519.475  4795
O16 	14895.1 	0.211084  1  3472.5  1585
O16 	14895.1 	0.230544  1  -1163.36  6611
O16 	14895.1 	0.659039  1  1290.34  3914
O16 	14895.1 	0.216649  1  -2939.69  8229
O16 	14895.1 	0.230041  1  -1610.06  7063
O16 	14895.1 	1.02803  1  -4664.28  10087
O16 	14895.1 	0.376859  1  1934.35  3246
O16 	14895.1 	0.195953  1  -4103.03  9620
O16 	14895.1 	0.217477  1  4898.63  107
O16 	14895.1 	0.188829  1  4347.04  661
O16 	14895.1 	0.484816  1  2028.49  3125
O16 	14895.1 	0.443446  1  2780.33  2273
O16 	14895.1 	0.225964  1  2701.47  2429
O16 	14895.1 	0.923529  1  2151.01  2932
O16 	14895.1 	0.486668  1  4378.29  661
O16 	14895.1 	0.902966  1  -1657.62  6892
O16 	14895.1 	0.337736  1  3658.67  1433
O16 	14895.1 	1.54851  1  -3163.6  8514
O16 	14895.1 	0.397875  1  1342.54  3706
O16 	14895.1 	0.403328  1  -1669.92  6963
O16 	14895.1 	0.251412  1  4722.06  279
O16 	14895.1 	0.336643  1  -835.5  6204
O16 	14895.1 	0.25865  1  37.3133  5226
O16 	14895.1 	0.311293  1  1087.51  4054
O16 	14895.1 	0.214718  1  -3892.7  9348
O16 	14895.1 	0.321308  1  -193.24  5376
O16 	14895.1 	0.940528  1  3987.49  1050
O16 	14895.1 	0.253167  1  -1077.34  6347
O16 	14895.1 	0.19178  1  4683.25  347
O16 	14895.1 	0.201216  1  1149.4  4042
O16 	14895.1 	0.261625  1  1932.59  3202
O16 	14895.1 	0.275285  1  1610.42  3625
O16 	14895.1 	0.208178  1  -3161.42  8523
O16 	14895.1 	0.440354  1  1706.82  3451
O16 	14895.1 	0.213607  1  -2579.85  7976
O16 	14895.1 	0.326223  1  2732.77  2346
O16 	14895.1 	0.277733  1  1293.89  3825
O16 	14895.1 	0.384137  1  -1551.67  6945
O16 	14895.1 	0.262686  1  -974.823  6325
O16 	14895.1 	0.464195  1  -4129.24  9528
O16 	14895.1 	0.352155  1  3507.17  1560
O16 	14895.1 	0.292879  1  1298.51  3942
O16 	14895.1 	0.45512  1  -795.46  5948
O16 	14895.1 	1.34864  1  819.286  4352
O16 	14895.1 	0.452531  1  2126.74  3015
O16 	14895.1 	0.315223  1  4370.63  626
O16 	14895.1 	1.23918  1  3930.22  1136
O16 	14895.1 	0.23641  1  313.453  4792
O16 	14895.1 	0.459639  1  -351.388  5761
O16 	14895.1 	0.265415  1  3469.6  1619
O16 	14895.1 	0.629466  1  -4626.05  10123
O16 	14895.1 	0.376861  1  -2753.88  8221
O16 	14895.1 	3.92547  1  -3782.41  9257
O16 	14895.1 	0.220761  1  1045.87  4111
O16 	14895.1 	0.225745  1  -3875.15  9186
O16 	14895.1 	0.705973  1  273.782  4966
O16 	14895.1 	0.351527  1  4143.8  932
O16 	14895.1 	0.254577  1  1772.19  3288
O16 	14895.1 	0.31448  1  -3491.7  8919
O16 	14895.1 	0.496746  1  3079.44  2032
O16 	14895.1 	0.357659  1  1546.32  3643
O16 	14895.1 	0.24488  1  338.139  4918
O16 	14895.1 	1.1733  1  -833.813  6207
O16 	14895.1 	0.207582  1  4981.26  18
O16 	14895.1 	0.226904  1  -3666.44  9017
O16 	14895.1 	0.558753  1  4079.98  1001
O16 	14895.1 	0.60384  1  422.863  4944
O16 	14895.1 	0.280848  1  -2640.09  8139
O16 	14895.1 	0.209577  1  2372.24  2792
O16 	14895.1 	0.201424  1  3535.96  1538
O16 	14895.1 	0.279616  1  3042.15  2083
O16 	14895.1 	0.304603  1  -4340.8  9883
O16 	14895.1 	0.401834  1  -2654.53  8197
O16 	14895.1 	0.241292  1  -2807.04  8282
O16 	14895.1 	0.253543  1  4979.27  18
O16 	14895.1 	2.89841  1  4640.8  404
O16 	14895.1 	0.482913  1  -4366.01  9825
O16 	14895.1 	0.260187  1  -244.993  5529
O16 	14895.1 	0.315822  1  -933.563  6204
O16 	14895.1 	0.588408  1  -2624.59  7907
O16 	14895.1 	0.361406  1  2467.11  2543
O16 	14895.1 	0.227434  1  -4490.91  9940
O16 	14895.1 	0.23706  1  963.81  4246
O16 	14895.1 	0.423366  1  -81.0488  5345
O16 	14895.1 	0.525566  1  2475.78  2766
O16 	14895.1 	0.913637  1  -3743.46  9325
O16 	14895.1 	0.476874  1  2367.12  2808
O16 	14895.1 	0.343735  1  1145.59  3943
O16 	14895.1 	0.589464  1  -3122.42  8602
O16 	14895.1 	0.664978  1  2296.69  2777
O16 	14895.1 	0.293446  1  1698.8  3431
O16 	14895.1 	0.201311  1  3830.5  1191
O16 	14895.1 	0.215789  1  -4036.97  9482
O16 	14895.1 	0.240815  1  3568.57  1436
O16 	14895.1 	0.518931  1  -3544.37  8986
O16 	14895.1 	1.27251  1  2912.28  2215
O16 	14895.1 	0.271728  1  593.528  4621
O16 	14895.1 	0.28281  1  1901.18  3311
O16 	14895.1 	1.9445  1  2802.51  2253
O16 	14895.1 	1.00692  1  -1701.21  7035
O16 	14895.1 	0.3531  1  -4808.67  10346
O16 	14895.1 	0.2052  1  883.664  4323
O16 	14895.1 	0.293331  1  743.42  4419
O16 	14895.1 	0.243434  1  4694.54  316
O16 	14895.1 	1.069  1  4594.3  403
O16 	14895.1 	0.343955  1  -3423.27  9090
O16 	14895.1 	0.244088  1  -2751.77  8117
O16 	14895.1 	0.200874  1  1707.12  3417
O16 	14895.1 	0.275408  1  -4428.96  9684
O16 	14895.1 	0.195487  1  368.151  4881
O16 	14895.1 	0.190167  1  2131.95  2972
O16 	14895.1 	0.825038  1  4891.38  137
O16 	14895.1 	0.86044  1  -1365.72  6831
O16 	14895.1 	0.434313  1  422.323  4942
O16 	14895.1 	0.227949  1  -4623.04  10062
O16 	14895.1 	0.191424  1  4607.99  433
O16 	14895.1 	0.420275  1  2663.32  2415
O16 	14895.1 	0.191141  1  202.04  5081
O16 	14895.1 	0.261163  1  822.091  4427
O16 	14895.1 	0.375396  1  -2217.85  7556
O16 	14895.1 	0.198561  1  3586.12  1527
O16 	14895.1 	0.215831  1  4263.45  804
O16 	14895.1 	0.459944  1  -3096.25  8461
O16 	14895.1 	0.197755  1  -988.233  6275
O16 	14895.1 	1.07286  1  3042.74  2109
O16 	14895.1 	0.224907  1  1191.49  3879
O16 	14895.1 	0.287161  1  -3017.09  8473
O16 	14895.1 	0.600614  1  -3218.65  8625
O16 	14895.1 	0.242505  1  649.531  4634
O16 	14895.1 	0.248233  1  -2372.3  7665
O16 	14895.1 	0.497204  1  3953.21  1125
O16 	14895.1 	0.248189  1  2344.86  2717
O16 	14895.1 	0.570982  1  -4912.92  10399
O16 	14895.1 	0.2125  1  -3149.87  8665
O16 	14895.1 	0.22118  1  -4796.01  10259
O16 	14895.1 	0.696239  1  -3068.98  8503
O16 	14895.1 	0.258968  1  3977.24  1039
O16 	14895.1 	0.378843  1  -3060.38  8417
O16 	14895.1 	0.833181  1  -4321.4  9752
O16 	14895.1 	0.384085  1  2425.19  2723
O16 	14895.1 	0.307575  1  -4359.24  9865
O16 	14895.1 	0.265497  1  -3453.32  8934
O16 	14895.1 	0.199082  1  -4266.66  9780
O16 	14895.1 	0.295733  1  -2.37245  5213
O16 	14895.1 	0.741541  1  -813.241  6077
O16 	14895.1 	0.30275  1  1221.02  3965
O16 	14895.1 	0.334709  1  4631.91  379
O16 	14895.1 	0.303997  1  -2458.67  7753
O16 	14895.1 	0.285831  1  -1819.85  7229
O16 	14895.1 	0.366159  1  11.3717  5296
O16 	14895.1 	0.215041  1  -1130.74  6359
O16 	14895.1 	0.470723  1  -4350.24  9811
O16 	14895.1 	0.528479  1  4111.17  893
O16 	14895.1 	0.470055  1  -3740.96  9045
O16 	14895.1 	0.217379  1  1075.95  4160
O16 	14895.1 	2.43133  1  4546.39  480
O16 	14895.1 	0.21073  1  -691.05  5949
O16 	14895.1 	0.258071  1  -3941.39  9462
O16 	14895.1 	1.04276  1  -11.8708  5287
O16 	14895.1 	0.348234  1  -3785.92  9284
O16 	14895.1 	0.235333  1  -4880.35  10205
O16 	14895.1 	0.194427  1  -2325.51  7666
O16 	14895.1 	0.30452  1  4823.23  179
O16 	14895.1 	0.255434  1  451.08  4756
O16 	14895.1 	0.240911  1  3480.28  1666
O16 	14895.1 	0.790756  1  -4130.71  9561
O16 	14895.1 	0.191691  1  364.035  4742
O16 	14895.1 	0.242346  1  -4003.53  9392
O16 	14895.1 	0.196935  1  3409.85  1656
O16 	14895.1 	0.332809  1  2150.88  3026
O16 	14895.1 	0.254458  1  -4187.17  9645
O16 	14895.1 	1.51676  1  100.083  5166
O16 	14895.1 	0.3132  1  -1362.72  6609
O16 	14895.1 	0.235071  1  2734.05  2377
O16 	14895.1 	0.446768  1  4290.62  687
O16 	14895.1 	0.6415  1  3301.54  1708
O16 	14895.1 	0.400983  1  3175.74  1937
O16 	14895.1 	0.248463  1  3990.91  1012
O16 	14895.1 	0.235233  1  573.389  4526
O16 	14895.1 	0.240057  1  -2000.43  7275
O16 	14895.1 	0.28192  1  -2960.42  8414
O16 	14895.1 	0.481543  1  -1998.08  7270
O16 	14895.1 	0.36426  1  1302.47  3932
O16 	14895.1 	0.891203  1  -3758.64  9091
O16 	14895.1 	0.240047  1  4066.16  937
O16 	14895.1 	0.563048  1  3588.6  1565
O16 	14895.1 	0.270009  1  -1750.9  7146
O16 	14895.1 	1.68891  1  1455.04  3653
O16 	14895.1 	0.294015  1  -3435.53  8755
O16 	14895.1 	0.240373  1  -736.845  6008
O16 	14895.1 	0.316032  1  1713.4  3457
O16 	14895.1 	1.0526  1  -1713.34  7007
O16 	14895.1 	0.209092  1  447.892  4783
O16 	14895.1 	0.587236  1  -1921.35  7353
O16 	14895.1 	0.538543  1  -1149.6  6469
O16 	14895.1 	0.799343  1  -3045.26  8408
O16 	14895.1 	0.976896  1  600.204  4602
O16 	14895.1 	0.871806  1  4315.8  717
O16 	14895.1 	0.197952  1  3035.48  2017
O16 	14895.1 	0.195571  1  1492.87  3654
O16 	14895.1 	0.455724  1  2324.35  2856
O16 	14895.1 	0.30612  1  29.1827  5132
O16 	14895.1 	0.197862  1  -1057.27  6405
O16 	14895.1 	0.253356  1  -919.871  6148
O16 	14895.1 	0.280099  1  -2318.05  7542
O16 	14895.1 	0.267585  1  84.0336  5080
O16 	14895.1 	0.52246  1  -2822.45  8309
O16 	14895.1 	0.238561  1  337.732  4818
O16 	14895.1 	0.198024  1  3239.28  1895
O16 	14895.1 	0.19048  1  3021.28  1999
O16 	14895.1 	0.4505  1  -3471.44  8876
O16 	14895.1 	0.78838  1  4024.71  1051
O16 	14895.1 	0.436121  1  498.593  4798
O16 	14895.1 	0.343691  1  1336.37  3859
O16 	14895.1 	0.40958  1  -2123.57  7580
O16 	14895.1 	0.193531  1  3179.36  1879
O16 	14895.1 	0.333461  1  -3266.93  8597
O16 	14895.1 	0.782394  1  -27.0654  5194
O16 	14895.1 	0.30102  1  -4543  10024
O16 	14895.1 	0.528104  1  -1231.33  6419
O16 	14895.1 	0.210087  1  -4358.9  9679
O16 	14895.1 	0.502889  1  1113.62  4125
O16 	14895.1 	0.242109  1  4998.51  5
O16 	14895.1 	0.209195  1  -4840.09  10352
O16 	14895.1 	0.818814  1  1585.71  3577
O16 	14895.1 	0.254414  1  1790.57  3374
O16 	14895.1 	0.404685  1  723.339  4470
O16 	14895.1 	0.382295  1  1406.86  3680
O16 	14895.1 	1.12536  1  -3465.99  8884
O16 	14895.1 	0.572389  1  -4246.74  9712
O16 	14895.1 	0.540824  1  3817.79  1308
O16 	14895.1 	0.265913  1  2379.33  2758
O16 	14895.1 	1.24209  1  -2991.94  8332
O16 	14895.1 	0.228198  1  -3720.84  9240
O16 	14895.1 	0.92341  1  3361.37  1760
O16 	14895.1 	0.236101  1  -4417.54  9866
O16 	14895.1 	0.274136  1  -2118.03  7588
O16 	14895.1 	3.39164  1  -596.184  5914
O16 	14895.1 	0.442881  1  3036.43  2009
O16 	14895.1 	0.202371  1  -1328.52  6690
O16 	14895.1 	0.244271  1  2073.04  2997
O16 	14895.1 	0.332902  1  1159.21  3981
O16 	14895.1 	0.221538  1  -3465.45  8787
O16 	14895.1 	0.257088  1  -2879.7  8105
O16 	14895.1 	1.07409  1  957.556  4305
O16 	14895.1 	0.308173  1  -1124.18  6540
O16 	14895.1 	0.273686  1  -2554.55  7875
O16 	14895.1 	0.198201  1  1392.92  3883
O16 	14895.1 	0.207418  1  -2002.16  7525
O16 	14895.1 	0.598689  1  4836.96  161
O16 	14895.1 	2.22842  1  2991.25  2106
O16 	14895.1 	0.207773  1  946.389  4228
O16 	14895.1 	0.192066  1  4036.33  1041
O16 	14895.1 	0.926056  1  -3493.15  8837
O16 	14895.1 	0.293594  1  -3995.4  9550
O16 	14895.1 	0.317918  1  -3157.09  8659
O16 	14895.1 	0.270648  1  2937.52  2122
O16 	14895.1 	0.250703  1  -4769.51  10185
O16 	14895.1 	0.362472  1  -3870.86  9281
O16 	14895.1 	0.196238  1  2094.79  3071
O16 	14895.1 	0.215584  1  5.26636  5110
O16 	14895.1 	0.461927  1  -4543.33  9963
O16 	14895.1 	0.33711  1  -2377.21  7680
O16 	14895.1 	0.21387  1  770.026  4311
O16 	14895.1 	0.596922  1  -2281.14  7617
O16 	14895.1 	0.257172  1  -4720.78  10096
O16 	14895.1 	1.02265  1  -4391.5  9733
O16 	14895.1 	0.190564  1  2655.88  2532
O16 	14895.1 	0.659701  1  -1123.82  6448
O16 	14895.1 	0.262091  1  1817.95  3316
O16 	14895.1 	0.262526  1  -2809.91  8242
O16 	14895.1 	0.790754  1  -1092.97  6509
O16 	14895.1 	0.5991  1  -3382.25  8942
O16 	14895.1 	0.307461  1  -883.479  6236
O16 	14895.1 	0.358696  1  4233.4  793
O16 	14895.1 	1.30483  1  3938.49  1149
O16 	14895.1 	0.422646  1  2888.51  2171
O16 	14895.1 	0.259641  1  -705.029  5862
O16 	14895.1 	0.37495  1  -4318.3  9794
O16 	14895.1 	0.273684  1  27.0643  5179
O16 	14895.1 	0.433072  1  4774.6  253
O16 	14895.1 	0.190421  1  2507.34  2648
O16 	14895.1 	0.247755  1  -1049.85  6402
O16 	14895.1 	0.213615  1  -3178.69  8534
O16 	14895.1 	0.440462  1  -1500.74  6724
O16 	14895.1 	0.26096  1  4379.36  666
O16 	14895.1 	0.213271  1  -1939.13  7282
O16 	14895.1 	0.38675  1  -3135.55  8524
O16 	14895.1 	0.194485  1  -4307.32  9730
O16 	14895.1 	5.45811  1  1879.15  3296
O16 	14895.1 	0.642516  1  -50.8014  5272
O16 	14895.1 	0.254114  1  3549.29  1483
O16 	14895.1 	0.341206  1  -2393.76  7785
O16 	14895.1 	0.289569  1  -4247.54  9796
O16 	14895.1 	0.189605  1  3298.02  1796
O16 	14895.1 	0.226833  1  -2001.73  7242
O16 	14895.1 	0.386727  1  3010.4  2090
O16 	14895.1 	0.289682  1  -3535.82  9024
O16 	14895.1 	0.428465  1  -728.158  5924
O16 	14895.1 	0.477545  1  968.848  4152
O16 	14895.1 	0.32455  1  -2987.77  8288
O16 	14895.1 	0.213053  1  -1514.44  6868
O16 	14895.1 	0.240087  1  -1681.9  6968
O16 	14895.1 	0.550641  1  -4221.39  9629
O16 	14895.1 	0.195699  1  -2139.22  7420
O16 	14895.1 	0.627362  1  3235.99  1913
O16 	14895.1 	0.329249  1  2259.07  2854
O16 	14895.1 	0.212855  1  -2991.69  8379
O16 	14895.1 	0.896207  1  -2216  7499
O16 	14895.1 	0.215522  1  816.952  4481
O16 	14895.1 	0.208603  1  -1209.91  6460
O16 	14895.1 	0.292778  1  4589.4  454
O16 	14895.1 	0.208729  1  -3527.96  9008
O16 	14895.1 	0.289239  1  -792.913  6199
O16 	14895.1 	0.898811  1  -44.7061  5269
O16 	14895.1 	0.5653  1  -3345.62  8845
O16 	14895.1 	0.508245  1  2923.31  2168
O16 	14895.1 	0.216979  1  -1391.33  6716
O16 	14895.1 	0.209729  1  4644.17  367
O16 	14895.1 	0.592813  1  3932.4  1125
O16 	14895.1 	0.200424  1  -4503.35  9923
O16 	14895.1 	0.535388  1  -4301.75  9786
O16 	14895.1 	0.236522  1  1548.38  3685
O16 	14895.1 	0.251667  1  1689.08  3567
O16 	14895.1 	1.32436  1  740.811  4606
O16 	14895.1 	0.463739  1  -1623.41  7101
O16 	14895.1 	0.270362  1  -1266.69  6552
O16 	14895.1 	0.222566  1  4578.53  453
O16 	14895.1 	0.646739  1  -3232.07  8678
O16 	14895.1 	0.286829  1  -2742.4  8171
O16 	14895.1 	0.299648  1  -3261.46  8602
O16 	14895.1 	1.66113  1  -1501.57  6887
O16 	14895.1 	0.335118  1  286.327  4989
O16 	14895.1 	0.250966  1  -1198.22  6510
O16 	14895.1 	4.02791  1  -3195.28  8599
O16 	14895.1 	0.501497  1  4943.57  62
O16 	14895.1 	0.223918  1  1810.9  3260
O16 	14895.1 	0.489796  1  -313.479  5561
O16 	14895.1 	0.544454  1  -3795.68  9140
O16 	14895.1 	1.27654  1  3586.73  1431
O16 	14895.1 	0.235129  1  -860.982  6032
O16 	14895.1 	0.507316  1  -1948.3  7231
O16 	14895.1 	0.432685  1  3200.4  1913
O16 	14895.1 	0.381298  1  -4670  10206
O16 	14895.1 	0.209008  1  3630.38  1417
O16 	14895.1 	0.196064  1  -2639.67  7962
O16 	14895.1 	0.20286  1  4324.39  648
O16 	14895.1 	0.284007  1  2970.78  2161
O16 	14895.1 	0.326547  1  4487.07  561
O16 	14895.1 	0.44709  1  1286.21  3862
O16 	14895.1 	0.420484  1  -921.919  6025
O16 	14895.1 	1.53982  1  4933.74  64
O16 	14895.1 	0.219174  1  2270.89  2801
O16 	14895.1 	0.982233  1  -1271.04  6570
O16 	14895.1 	0.356169  1  4217.51  796
O16 	14895.1 	0.246423  1  2310.39  2866
O16 	14895.1 	0.286458  1  1944.57  3286
O16 	14895.1 	0.225772  1  -667.173  5928
O16 	14895.1 	0.514409  1  -4720.84  10188
O16 	14895.1 	0.218866  1  -3018.08  8368
O16 	14895.1 	2.11865  1  4135.44  925
O16 	14895.1 	0.257268  1  -623.324  5960
O16 	14895.1 	0.209143  1  -4567.06  10075
O16 	14895.1 	0.211076  1  1257.74  3999
O16 	14895.1 	1.39023  1  1669.27  3613
O16 	14895.1 	0.694631  1  4397.17  642
O16 	14895.1 	0.468254  1  -3426.3  8821
O16 	14895.1 	0.330055  1  989.005  4246
O16 	14895.1 	0.316772  1  -983.152  6260
O16 	14895.1 	0.27472  1  -513.065  5677
O16 	14895.1 	0.232848  1  -1056.64  6421
O16 	14895.1 	0.403389  1  -3315.56  8657
O16 	14895.1 	0.214144  1  2977.56  2152
O16 	14895.1 	0.279446  1  -4027.16  9535
O16 	14895.1 	0.582509  1  4844.21  166
O16 	14895.1 	0.491684  1  -2259.52  7627
O16 	14895.1 	0.451776  1  1672.12  3498
O16 	14895.1 	0.623259  1  1642.65  3452
O16 	14895.1 	0.270145  1  -1976.9  7233
O16 	14895.1 	0.487095  1  311.266  4950
O16 	14895.1 	0.934381  1  2768.48  2312
O16 	14895.1 	0.211245  1  -2967.5  8212
O16 	14895.1 	0.396555  1  4326.11  709
O16 	14895.1 	0.919133  1  1527.68  3673
O16 	14895.1 	0.370215  1  38.5273  5182
O16 	14895.1 	0.330005  1  -733.539  6114
O16 	14895.1 	0.450527  1  -4083.38  9618
O16 	14895.1 	0.291952  1  3910.98  1117
O16 	14895.1 	0.217044  1  4084.55  949
O16 	14895.1 	0.300994  1  2568.29  2603
O16 	14895.1 	0.41706  1  -440.13  5691
O16 	14895.1 	0.259332  1  1367.16  3681
O16 	14895.1 	0.454464  1  3392.44  1788
O16 	14895.1 	0.212088  1  -879.763  6246
O16 	14895.1 	0.355006  1  -4353.26  9779
O16 	14895.1 	0.272799  1  1573.3  3654
O16 	14895.1 	0.371915  1  3546.28  1504
O16 	14895.1 	0.644528  1  2711.38  2447
O16 	14895.1 	0.291493  1  2852.6  2264
O16 	14895.1 	0.273232  1  -2485.41  7855
O16 	14895.1 	1.00905  1  3573.19  1504
O16 	14895.1 	0.395186  1  3020.15  2072
O16 	14895.1 	0.213897  1  2390.25  2693
O16 	14895.1 	0.205111  1  -1519.6  6702
O16 	14895.1 	0.291127  1  3533.1  1513
O16 	14895.1 	0.491504  1  -3383.67  8841
O16 	14895.1 	0.192588  1  2981.61  2133
O16 	14895.1 	0.333627  1  -4750.06  10140
O16 	14895.1 	0.279564  1  -2479.94  7904
O16 	14895.1 	0.30332  1  1889.11  3294
O16 	14895.1 	0.948636  1  -4534.88  10227
O16 	14895.1 	0.244734  1  2058.84  3100
O16 	14895.1 	0.311097  1  -4226.4  9593
O16 	14895.1 	0.249208  1  -3969.22  9488
O16 	14895.1 	0.256867  1  3206.12  1817
O16 	14895.1 	0.871369  1  2767.83  2310
O16 	14895.1 	0.313051  1  2214.23  2916
O16 	14895.1 	0.337263  1  -1060.84  6415
O16 	14895.1 	0.195815  1  -4587.53  10157
O16 	14895.1 	0.783293  1  -4050.35  9544
O16 	14895.1 	0.226635  1  -349.409  5700
O16 	14895.1 	0.374191  1  -2058.49  7400
O16 	14895.1 	0.197964  1  3642.21  1444
O16 	14895.1 	0.199947  1  2298.49  2788
O16 	14895.1 	0.530584  1  -2378.37  7728
O16 	14895.1 	0.317665  1  -1698.36  7061
O16 	14895.1 	0.457873  1  1105.33  3962
O16 	14895.1 	0.246728  1  -1797.66  6974
O16 	14895.1 	1.15778  1  3331.34  1741
O16 	14895.1 	1.04724  1  -2727.34  8092
O16 	14895.1 	0.550876  1  -506.7  5758
O16 	14895.1 	0.20005  1  -3371.24  8825
O16 	14895.1 	0.619776  1  3661.31  1408
O16 	14895.1 	0.321801  1  4859.98  154
O16 	14895.1 	0.260126  1  -1682.56  6934
O16 	14895.1 	0.384392  1  935.917  4235
O16 	14895.1 	0.319492  1  -4542.09  10092
O16 	14895.1 	0.234967  1  1901.97  3290
O16 	14895.1 	0.531265  1  1432.01  3734
O16 	14895.1 	0.226495  1  818.396  4437
O16 	14895.1 	0.366267  1  2383.06  2735
O16 	14895.1 	0.220069  1  3620.72  1492
O16 	14895.1 	1.25491  1  4607.05  431
O16 	14895.1 	0.322215  1  -1184.09  6441
O16 	14895.1 	0.889285  1  -3695.07  9086
O16 	14895.1 	0.242242  1  4508.04  531
O16 	14895.1 	0.209723  1  -4734.25  10025
O16 	14895.1 	0.193725  1  -4950.91  10497
O16 	14895.1 	0.367922  1  4026.57  1075
O16 	14895.1 	0.193701  1  1290.7  3858
O16 	14895.1 	0.578131  1  -2886.11  8264
O16 	14895.1 	0.2283  1  -3333.09  8738
O16 	14895.1 	0.199933  1  -597.124  5858
O16 	14895.1 	0.285945  1  -1064.58  6326
O16 	14895.1 	0.200049  1  4676.81  323
O16 	14895.1 	0.830501  1  2389.62  2650
O16 	14895.1 	0.33136  1  1423.93  3763
O16 	14895.1 	0.847288  1  3512.97  1565
O16 	14895.1 	0.595791  1  4610.99  453
O16 	14895.1 	0.327316  1  364.961  4854
O16 	14895.1 	0.457713  1  2779.36  2290
O16 	14895.1 	1.22904  1  -3657.46  9162
O16 	14895.1 	4.95655  1  2643.44  2477
O16 	14895.1 	0.198665  1  1482.23  3799
O16 	14895.1 	0.578154  1  -3713.41  9118
O16 	14895.1 	0.298469  1  -2888.22  8421
O16 	14895.1 	1.11081  1  -2208.49  7516
O16 	14895.1 	0.75025  1  -2434.82  7746
O16 	14895.1 	0.572951  1  -4749.46  10132
O16 	14895.1 	0.21048  1  -2333.16  7638
O16 	14895.1 	0.229159  1  -350.935  5572
O16 	14895.1 	0.249922  1  -1198.94  6475
O16 	14895.1 	2.09333  1  -2032.47  7314
O16 	14895.1 	0.80543  1  524.003  4730
O16 	14895.1 	0.375458  1  -3880.46  9187
O16 	14895.1 	0.235693  1  -2710.64  7978
O16 	14895.1 	0.41  1  3544.19  1515
O16 	14895.1 	0.458885  1  2453.75  2595
O16 	14895.1 	0.876207  1  3278.24  1804
O16 	14895.1 	0.308636  1  -3638.46  8923
O16 	14895.1 	0.257522  1  -1361.06  6642
O16 	14895.1 	0.294514  1  2456.09  2699
O16 	14895.1 	0.232487  1  4517.16  541
O16 	14895.1 	1.15496  1  3130.45  1984
O16 	14895.1 	4.45559  1  -87.5201  5444
O16 	14895.1 	0.206876  1  -428.251  5565
O16 	14895.1 	1.83575  1  4560.3  486
O16 	14895.1 	0.22768  1  2446.3  2716
O16 	14895.1 	0.456404  1  -699.419  6010
O16 	14895.1 	0.603516  1  -2654.21  8002
O16 	14895.1 	0.223368  1  2772.03  2332
O16 	14895.1 	0.342439  1  2867.67  2237
O16 	14895.1 	0.195871  1  3424.23  1674
O16 	14895.1 	0.422909  1  -3326.18  8843
O16 	14895.1 	0.197934  1  2228.12  2934
O16 	14895.1 	0.423514  1  4459.4  579
O16 	14895.1 	0.207617  1  -3256.65  8651
O16 	14895.1 	0.211938  1  -2541.99  7982
O16 	14895.1 	0.291814  1  3143.99  1934
O16 	14895.1 	0.199595  1  -1920.53  7327
O16 	14895.1 	0.628472  1  4944.5  58
O16 	14895.1 	0.621181  1  4157.12  891
O16 	14895.1 	1.13155  1  3706.82  1292
O16 	14895.1 	0.269436  1  1212.08  3894
O16 	14895.1 	0.232482  1  4376.87  668
O16 	14895.1 	0.363064  1  -2783.61  8072
O16 	14895.1 	0.229975  1  -1516.92  6881
O16 	14895.1 	0.198757  1  -3858.36  9303
O16 	14895.1 	0.395124  1  -4962  10701
O16 	14895.1 	0.339433  1  -2655.42  8009
O16 	14895.1 	0.315783  1  982.625  4140
O16 	14895.1 	0.638784  1  3406.1  1673
O16 	14895.1 	0.200836  1  3465.94  1659
O16 	14895.1 	0.747941  1  848.765  4408
O16 	14895.1 	0.98348  1  3010.56  2031
O16 	14895.1 	0.455684  1  -3902.79  9261
O16 	14895.1 	0.330268  1  -3803.89  9275
O16 	14895.1 	0.295158  1  -329.031  5613
O16 	14895.1 	0.205212  1  2307.11  2885
O16 	14895.1 	0.320234  1  -4288.98  9725
O16 	14895.1 	0.492798  1  -287  5550
O16 	14895.1 	0.355652  1  -4494.06  9920
O16 	14895.1 	0.339601  1  922.519  4190
O16 	14895.1 	0.211539  1  -3712.8  9206
O16 	14895.1 	0.252152  1  1037.31  4048
O16 	14895.1 	1.89597  1  -4993.7  10286
O16 	14895.1 	0.369319  1  1886.28  3386
O16 	14895.1 	0.456708  1  907.368  4414
O16 	14895.1 	1.26166  1  2192.28  3036
O16 	14895.1 	0.391296  1  3597.12  1551
O16 	14895.1 	0.303947  1  -897.1  6090
O16 	14895.1 	0.610039  1  -1838.52  7137
O16 	14895.1 	0.306207  1  4118.88  929
O16 	14895.1 	0.833828  1  -1187.78  6445
O16 	14895.1 	0.285054  1  3063.4  2039
O16 	14895.1 	0.387975  1  -1779.01  7168
O16 	14895.1 	0.290383  1  -1171.47  6606
O16 	14895.1 	0.227691  1  3243.23  1805
O16 	14895.1 	0.247122  1  705.829  4511
O16 	14895.1 	0.199475  1  4764.87  232
O16 	14895.1 	1.01458  1  -3483.38  8930
O16 	14895.1 	0.198722  1  1359.49  3963
O16 	14895.1 	0.41511  1  4764.69  241
O16 	14895.1 	0.215204  1  3779.75  1251
O16 	14895.1 	0.825798  1  4535.6  481
O16 	14895.1 	0.195627  1  3160.92  1981
O16 	14895.1 	0.310738  1  -4645.82  10024
O16 	14895.1 	0.805562  1  3987.37  1046
O16 	14895.1 	0.404425  1  1625.58  3561
O16 	14895.1 	0.402531  1  -2037.75  7331
O16 	14895.1 	0.474987  1  -350.881  5700
O16 	14895.1 	0.314601  1  3750.42  1319
O16 	14895.1 	0.357708  1  3154.01  1964
O16 	14895.1 	0.885562  1  631.918  4541
O16 	14895.1 	0.21415  1  1806.4  3343
O16 	14895.1 	0.255285  1  3637.14  1432
O16 	14895.1 	0.313991  1  3165.15  1979
O16 	14895.1 	0.294502  1  -1726.29  7132
O16 	14895.1 	0.283806  1  -3859.62  9309
O16 	14895.1 	0.669144  1  -4399.66  9797
O16 	14895.1 	0.240346  1  3314.91  1820
O16 	14895.1 	0.239826  1  -442.782  5717
O16 	14895.1 	0.416539  1  3604.16  1420
O16 	14895.1 	0.218848  1  -2806.92  8054
O16 	14895.1 	3.20884  1  3746.3  1340
O16 	14895.1 	0.315919  1  905.651  4201
O16 	14895.1 	0.322289  1  826.406  4498
O16 	14895.1 	0.476391  1  3468.33  1627
O16 	14895.1 	0.196444  1  4072.69  974
O16 	14895.1 	0.23348  1  4860.52  147
O16 	14895.1 	0.301634  1  988.742  4206
O16 	14895.1 	0.19903  1  -3848.71  9133
O16 	14895.1 	0.497205  1  305.025  5016
O16 	14895.1 	0.354833  1  1535.02  3595
O16 	14895.1 	0.398456  1  4875.4  135
O16 	14895.1 	0.365965  1  1861.09  3237
O16 	14895.1 	0.308353  1  -856.625  6030
O16 	14895.1 	0.324332  1  1787.2  3442
O16 	14895.1 	0.213288  1  814.855  4336
O16 	14895.1 	0.376997  1  -3252.37  8789
O16 	14895.1 	0.623533  1  -3096.63  8446
O16 	14895.1 	0.609756  1  -631.292  5983
O16 	14895.1 	0.266802  1  1176.61  3981
O16 	14895.1 	0.221015  1  -4032.33  9291
O16 	14895.1 	0.193895  1  -2172.72  7630
O16 	14895.1 	1.8378  1  -1580.75  6993
O16 	14895.1 	0.231996  1  -3119.28  8446
O16 	14895.1 	2.48742  1  -336.497  5575
O16 	14895.1 	0.189567  1  -4253.25  9926
O16 	14895.1 	0.261011  1  440.221  4679
O16 	14895.1 	0.226843  1  -1899.35  7082
O16 	14895.1 	0.28138  1  2232.62  2881
O16 	14895.1 	2.98672  1  3118  2058
O16 	14895.1 	0.325514  1  4267.47  787
O16 	14895.1 	0.291435  1  1670.9  3485
O16 	14895.1 	0.207386  1  -3269.46  8738
O16 	14895.1 	0.255068  1  1108.65  3985
O16 	14895.1 	0.516402  1  -3999.69  9404
O16 	14895.1 	0.23805  1  1788.62  3295
O16 	14895.1 	0.207098  1  -510.273  5624
O16 	14895.1 	0.217501  1  4096.2  945
O16 	14895.1 	0.192183  1  -841.301  6181
O16 	14895.1 	1.11877  1  -2466.91  7750
O16 	14895.1 	0.218299  1  2237.95  2829
O16 	14895.1 	0.354037  1  -3354.03  8657
O16 	14895.1 	0.23875  1  -1505.95  6913
O16 	14895.1 	0.222803  1  -1780.24  7232
O16 	14895.1 	0.273397  1  -4283.24  9862
O16 	14895.1 	0.419522  1  106.636  5179
O16 	14895.1 	0.335308  1  4980.33  15
O16 	14895.1 	0.194784  1  -3794.58  9158
O16 	14895.1 	0.397964  1  509.628  4704
O16 	14895.1 	1.44093  1  647.508  4580
O16 	14895.1 	0.295131  1  2374.02  2802
O16 	14895.1 	0.219118  1  3274.3  1819
O16 	14895.1 	0.604695  1  559.823  4674
O16 	14895.1 	0.297783  1  -17.3192  5256
O16 	14895.1 	0.315015  1  -1616.27  6829
O16 	14895.1 	1.18065  1  -2783.91  8217
O16 	14895.1 	0.688863  1  340.037  4892
O16 	14895.1 	0.672498  1  2314.48  2790
O16 	14895.1 	0.294684  1  2913.56  2205
O16 	14895.1 	0.251881  1  4159.88  858
O16 	14895.1 	0.295381  1  -2509.23  7916
O16 	14895.1 	0.399997  1  -3205.1  8531
O16 	14895.1 	0.199887  1  3729.84  1411
O16 	14895.1 	0.330808  1  4140.32  956
O16 	14895.1 	0.501435  1  1216.72  4039
O16 	14895.1 	0.25607  1  -969.622  6188
O16 	14895.1 	0.464454  1  4143.28  860
O16 	14895.1 	0.254128  1  -521.012  5704
O16 	14895.1 	0.332196  1  -4349.3  9852
O16 	14895.1 	0.27961  1  -2465.29  7841
O16 	14895.1 	0.284908  1  -1683.77  6960
O16 	14895.1 	0.576885  1  2744.19  2339
O16 	14895.1 	0.19625  1  3390.15  1700
O16 	14895.1 	0.265073  1  -102.207  5269
O16 	14895.1 	0.443157  1  1090.95  4050
O16 	14895.1 	0.336338  1  -975.447  5985
O16 	14895.1 	0.189687  1  4463.16  523
O16 	14895.1 	0.217202  1  4210.06  795
O16 	14895.1 	0.221416  1  4903.04  97
O16 	14895.1 	1.79968  1  -977.078  6135
O16 	14895.1 	0.204564  1  -2491.05  8010
O16 	14895.1 	0.293996  1  -2430.4  7780
O16 	14895.1 	0.804025  1  -2612.42  7980
O16 	14895.1 	0.848725  1  3330.88  1658
O16 	14895.1 	0.229193  1  -4599.45  9994
O16 	14895.1 	0.457098  1  -4708.94  10236
O16 	14895.1 	0.29509  1  -1537.9  6824
O16 	14895.1 	0.333633  1  -3442.54  8867
O16 	14895.1 	0.526613  1  -2454.1  7786
O16 	14895.1 	0.747671  1  4735.62  273
O16 	14895.1 	0.26876  1  2387.22  2710
O16 	14895.1 	0.317712  1  -2019.34  7605
O16 	14895.1 	0.208958  1  3866.23  1165
O16 	14895.1 	0.340157  1  2135.31  2904
O16 	14895.1 	2.29985  1  667.906  4606
O16 	14895.1 	0.4532  1  1180.45  4053
O16 	14895.1 	0.372813  1  -2983.75  8435
O16 	14895.1 	0.309063  1  -3935.93  9130
O16 	14895.1 	0.21883  1  1496.22  3744
O16 	14895.1 	0.213225  1  -2685.95  8097
O16 	14895.1 	0.966443  1  2559.3  2501
O16 	14895.1 	0.36461  1  -3919.26  9259
O16 	14895.1 	0.377838  1  2986.54  2023
O16 	14895.1 	1.51017  1  -800.667  6093
O16 	14895.1 	0.417828  1  -3941.58  9422
O16 	14895.1 	1.02292  1  3412.45  1658
O16 	14895.1 	0.869408  1  3081.08  2046
O16 	14895.1 	0.223494  1  -1260.5  6526
O16 	14895.1 	0.440526  1  2268.73  2916
O16 	14895.1 	0.291011  1  -223.678  5521
O16 	14895.1 	0.557097  1  -2814.65  8087
O16 	14895.1 	0.234713  1  4640.6  400
O16 	14895.1 	0.281684  1  2598.18  2488
O16 	14895.1 	0.273696  1  2812.26  2330
O16 	14895.1 	0.855681  1  -2543.36  7986
O16 	14895.1 	0.465353  1  -2588.84  8027
O16 	14895.1 	0.788167  1  -2621.68  7972
O16 	14895.1 	0.205954  1  -4398.39  9937
O16 	14895.1 	0.324662  1  4611.37  394
O16 	14895.1 	0.252569  1  -3521.17  9007
O16 	14895.1 	0.301306  1  -3530.93  8931
O16 	14895.1 	0.22252  1  1434.38  3790
O16 	14895.1 	0.191029  1  -2853.4  8246
O16 	14895.1 	6.36469  1  -3462.63  8823
O16 	14895.1 	0.199874  1  -1466.4  6726
O16 	14895.1 	0.282102  1  -384.172  5599
O16 	14895.1 	0.692499  1  515.547  4665
O16 	14895.1 	0.247474  1  -3933.03  9256
O16 	14895.1 	1.04807  1  3808.43  1253
O16 	14895.1 	0.741358  1  4931.9  75
O16 	14895.1 	0.208717  1  -89.1411  5346
O16 	14895.1 	0.225169  1  -2788.45  8270
O16 	14895.1 	0.285603  1  -4273.03  9778
O16 	14895.1 	0.53753  1  2567.09  2559
O16 	14895.1 	1.49231  1  1786.43  3356
O16 	14895.1 	0.716439  1  -3023.97  8591
O16 	14895.1 	0.499931  1  -1435.95  6768
O16 	14895.1 	0.382009  1  3148.34  2020
O16 	14895.1 	0.640442  1  4137.08  897
O16 	14895.1 	0.197553  1  3812.32  1265
O16 	14895.1 	0.364104  1  2986.87  2068
O16 	14895.1 	0.252175  1  -3889.12  9381
O16 	14895.1 	0.456095  1  2195.16  2969
O16 	14895.1 	0.223961  1  -122.956  5305
O16 	14895.1 	2.49463  1  983.881  4242
O16 	14895.1 	0.422344  1  3886.47  1197
O16 	14895.1 	0.668533  1  2464.61  2683
O16 	14895.1 	5.1099  1  4777.27  201
O16 	14895.1 	0.231791  1  -2140.44  7453
O16 	14895.1 	0.347774  1  -4367.27  10004
O16 	14895.1 	0.203765  1  -648.241  5831
O16 	14895.1 	0.191428  1  1248.97  3968
O16 	14895.1 	0.22034  1  -4139.94  9720
O16 	14895.1 	0.223141  1  -3061.48  8576
O16 	14895.1 	0.321562  1  216.208  5112
O16 	14895.1 	0.36294  1  -455.157  5711
O16 	14895.1 	0.394786  1  -4541.29  9907
O16 	14895.1 	0.361239  1  3577.81  1453
O16 	14895.1 	0.205372  1  -1273.95  6520
O16 	14895.1 	0.31734  1  882.892  4300
O16 	14895.1 	0.460744  1  -4116.83  9543
O16 	14895.1 	2.15052  1  181.429  5027
O16 	14895.1 	0.199695  1  908.4  4220
O16 	14895.1 	0.238934  1  -967.547  6291
O16 	14895.1 	1.00345  1  -2327.86  7737
O16 	14895.1 	0.226838  1  1495.85  3652
O16 	14895.1 	0.535769  1  4563.12  437
O16 	14895.1 	0.840063  1  -2351.67  7659
O16 	14895.1 	0.228517  1  911.823  4320
O16 	14895.1 	0.251036  1  -1731.82  6948
O16 	14895.1 	0.194384  1  4741.64  271
O16 	14895.1 	0.514876  1  3161.44  1949
O16 	14895.1 	0.348252  1  -4525.91  10030
O16 	14895.1 	0.342455  1  -3684.06  9072
O16 	14895.1 	0.407115  1  -601.862  5938
O16 	14895.1 	0.226171  1  1003.35  4208
O16 	14895.1 	0.293768  1  739.482  4557
O16 	14895.1 	0.499021  1  -4986.07  10458
O16 	14895.1 	0.566841  1  2336.3  2821
O16 	14895.1 	0.69818  1  -3944.39  9331
O16 	14895.1 	0.192987  1  2894.52  2106
O16 	14895.1 	0.195367  1  1006.27  4150
O16 	14895.1 	0.217456  1  -2994.86  8275
O16 	14895.1 	0.497419  1  1919.38  3160
O16 	14895.1 	0.311992  1  1289.68  3920
O16 	14895.1 	0.418227  1  -445.506  5752
O16 	14895.1 	0.226578  1  1477.79  3709
O16 	14895.1 	0.240935  1  -34.8267  5284
O16 	14895.1 	0.218548  1  -604.731  5935
