O16 	14895.1 	0.193639  1  4720.18  298
O16 	14895.1 	0.21546  1  2178.74  2936
O16 	14895.1 	0.347633  1  4856.22  160
O16 	14895.1 	0.304461  1  -3006.37  8331
O16 	14895.1 	0.273102  1  -2016.92  7472
O16 	14895.1 	0.440956  1  -679.672  6036
O16 	14895.1 	0.420687  1  -2111.83  7520
O16 	14895.1 	0.298038  1  3070.95  2021
O16 	14895.1 	0.410106  1  -852.739  6217
O16 	14895.1 	0.279079  1  -4945.3  10327
O16 	14895.1 	0.22175  1  4264.39  749
O16 	14895.1 	0.239677  1  -3579.77  8930
O16 	14895.1 	0.205938  1  -4996.19  10519
O16 	14895.1 	0.369956  1  -4607.36  10146
O16 	14895.1 	0.91255  1  -2800.14  8218
O16 	14895.1 	0.200466  1  2492.24  2550
O16 	14895.1 	1.07141  1  837.923  4415
O16 	14895.1 	0.239292  1  -2313.91  7528
O16 	14895.1 	0.933928  1  -4944.78  10388
O16 	14895.1 	0.319304  1  -4955.2  10522
O16 	14895.1 	0.928597  1  -3718.6  9180
O16 	14895.1 	0.224624  1  81.5833  5175
O16 	14895.1 	0.26555  1  4684.58  323
O16 	14895.1 	0.326722  1  4734.24  268
O16 	14895.1 	0.196986  1  -1608.01  6887
O16 	14895.1 	0.306623  1  3997.79  1068
O16 	14895.1 	0.253949  1  -3410.1  8517
O16 	14895.1 	1.15893  1  -2827.04  8002
O16 	14895.1 	0.784511  1  4283.94  733
O16 	14895.1 	0.433758  1  3713.2  1348
O16 	14895.1 	0.548041  1  -2050.68  7423
O16 	14895.1 	0.408677  1  -3098.46  8466
O16 	14895.1 	0.381247  1  -4298  9697
O16 	14895.1 	0.361339  1  2394.9  2652
O16 	14895.1 	0.318022  1  -1841.33  7003
O16 	14895.1 	0.192038  1  4358.4  727
O16 	14895.1 	0.205654  1  -1334.34  6511
O16 	14895.1 	0.438943  1  4573.15  419
O16 	14895.1 	0.321869  1  604.081  4737
O16 	14895.1 	0.581483  1  -2209.11  7550
O16 	14895.1 	3.0086  1  -4792.72  10195
O16 	14895.1 	0.283642  1  127.704  5120
O16 	14895.1 	0.52233  1  4659.24  357
O16 	14895.1 	0.350027  1  -4793.88  10137
O16 	14895.1 	0.188231  1  1794.9  3368
O16 	14895.1 	0.431299  1  1913.41  3315
O16 	14895.1 	0.757481  1  -4705.13  10195
O16 	14895.1 	0.375522  1  4789.83  220
O16 	14895.1 	0.200118  1  2852.78  2252
O16 	14895.1 	0.438957  1  -3296.19  8813
O16 	14895.1 	0.408194  1  -3444.29  8765
O16 	14895.1 	1.09945  1  1340.33  3882
O16 	14895.1 	4.6872  1  4253.72  770
O16 	14895.1 	0.337214  1  -2635.92  7945
O16 	14895.1 	0.241639  1  349.052  5028
O16 	14895.1 	0.202503  1  -2636.99  8075
O16 	14895.1 	1.00898  1  -2876  8310
O16 	14895.1 	0.271676  1  -3892.01  9360
O16 	14895.1 	0.519573  1  3604.73  1530
O16 	14895.1 	0.208842  1  -3550.32  8947
O16 	14895.1 	0.20668  1  3361.72  1673
O16 	14895.1 	0.476366  1  2748.2  2400
O16 	14895.1 	0.249712  1  3449.78  1669
O16 	14895.1 	0.502467  1  -2657.19  8056
O16 	14895.1 	0.290985  1  -4693.41  10245
O16 	14895.1 	0.36813  1  702.425  4341
O16 	14895.1 	0.260595  1  -4055.4  9505
O16 	14895.1 	0.286746  1  -4029.09  9475
O16 	14895.1 	0.21356  1  1330.73  3894
O16 	14895.1 	0.304646  1  -3612.51  9159
O16 	14895.1 	1.0511  1  -4139.7  9455
O16 	14895.1 	0.199679  1  -4393.73  9811
O16 	14895.1 	0.212501  1  1308.34  3825
O16 	14895.1 	0.942964  1  130.134  5211
O16 	14895.1 	0.230389  1  -4479.27  10032
O16 	14895.1 	0.239745  1  2311.25  2868
O16 	14895.1 	1.05525  1  1696.45  3384
O16 	14895.1 	0.207878  1  -2574.32  7968
O16 	14895.1 	0.198854  1  1502.35  3701
O16 	14895.1 	0.269187  1  3173.95  1946
O16 	14895.1 	0.572599  1  -1463.31  6698
O16 	14895.1 	0.336681  1  2325.85  2776
O16 	14895.1 	0.239051  1  3660.35  1445
O16 	14895.1 	0.203564  1  -769.093  5989
O16 	14895.1 	0.230834  1  636.452  4532
O16 	14895.1 	0.262616  1  -4603.22  10110
O16 	14895.1 	0.231475  1  599.087  4583
O16 	14895.1 	0.431911  1  3899.93  1156
O16 	14895.1 	0.230599  1  -4456.46  10084
O16 	14895.1 	0.293471  1  1358.62  3917
O16 	14895.1 	0.344809  1  4382.68  644
O16 	14895.1 	0.230957  1  -1379.87  6564
O16 	14895.1 	0.255148  1  -2178.63  7493
O16 	14895.1 	0.209824  1  -2975.02  8279
O16 	14895.1 	0.218102  1  3842.87  1182
O16 	14895.1 	0.226717  1  50.6414  5049
O16 	14895.1 	0.553202  1  -3026.33  8364
O16 	14895.1 	0.382723  1  -3655.07  9183
O16 	14895.1 	0.309223  1  3673.03  1386
O16 	14895.1 	0.309578  1  -4668.46  10027
O16 	14895.1 	9.22687  1  4272.73  780
O16 	14895.1 	2.91057  1  2128.4  3009
O16 	14895.1 	0.190492  1  -2231.86  7756
O16 	14895.1 	0.445631  1  3257.15  1769
O16 	14895.1 	0.31455  1  599.74  4541
O16 	14895.1 	0.520489  1  388.218  4824
O16 	14895.1 	0.250808  1  -2999.78  8218
O16 	14895.1 	0.196372  1  3935.18  1162
O16 	14895.1 	0.231559  1  -4686.49  10139
O16 	14895.1 	0.488317  1  2886.08  2205
O16 	14895.1 	0.417173  1  4372.86  672
O16 	14895.1 	0.804541  1  4142.33  876
O16 	14895.1 	0.227822  1  -3764.61  9181
O16 	14895.1 	0.427732  1  4821.38  203
O16 	14895.1 	0.401744  1  1706.23  3350
O16 	14895.1 	0.355892  1  -541.152  5632
O16 	14895.1 	0.389472  1  -1717.89  6960
O16 	14895.1 	0.25705  1  -2450.29  7767
O16 	14895.1 	1.26385  1  -3440.22  8930
O16 	14895.1 	0.32763  1  2351.61  2775
O16 	14895.1 	0.20387  1  3374.68  1701
O16 	14895.1 	0.200256  1  -686.81  5901
O16 	14895.1 	0.409014  1  2123.37  3037
O16 	14895.1 	0.261139  1  -3190.96  8710
O16 	14895.1 	0.210214  1  -900.097  6275
O16 	14895.1 	0.5294  1  -4728.71  10294
O16 	14895.1 	0.232164  1  1905.36  3266
O16 	14895.1 	0.334074  1  1973.11  3219
O16 	14895.1 	2.67344  1  -1963.55  7407
O16 	14895.1 	0.292898  1  -793.735  6017
O16 	14895.1 	0.359385  1  -1347.65  6755
O16 	14895.1 	0.665671  1  2245.04  2829
O16 	14895.1 	0.346286  1  -393.418  5648
O16 	14895.1 	0.520242  1  -1445.73  6679
O16 	14895.1 	0.429386  1  2330.69  2832
O16 	14895.1 	0.255492  1  -912.378  6225
O16 	14895.1 	0.43981  1  4781.31  248
O16 	14895.1 	0.576211  1  3035.22  2027
O16 	14895.1 	1.72518  1  284.97  4872
O16 	14895.1 	0.221907  1  -4624.42  10092
O16 	14895.1 	0.630438  1  -378.851  5679
O16 	14895.1 	0.410645  1  -905.609  6229
O16 	14895.1 	0.484853  1  4222.2  798
O16 	14895.1 	0.273126  1  1987.78  3073
O16 	14895.1 	0.193041  1  -4943.84  10534
O16 	14895.1 	0.304849  1  3552  1519
O16 	14895.1 	0.294013  1  1174.5  4076
O16 	14895.1 	0.764777  1  -2071.5  7584
O16 	14895.1 	0.867397  1  570.378  4631
O16 	14895.1 	0.223333  1  -264.297  5645
O16 	14895.1 	2.48908  1  4175.15  860
O16 	14895.1 	0.219093  1  -3817.66  9077
O16 	14895.1 	0.285808  1  1694.46  3436
O16 	14895.1 	0.244692  1  2344.44  2777
O16 	14895.1 	0.700117  1  -65.0295  5193
O16 	14895.1 	0.29219  1  3393.9  1744
O16 	14895.1 	2.66367  1  -4232.15  9750
O16 	14895.1 	1.09788  1  -84.4536  5345
O16 	14895.1 	0.455412  1  -2553.58  7952
O16 	14895.1 	1.19408  1  3068.71  1942
O16 	14895.1 	0.364907  1  -1935.62  7341
O16 	14895.1 	0.262161  1  2804.97  2274
O16 	14895.1 	0.198963  1  1621.28  3441
O16 	14895.1 	0.190429  1  2587.3  2573
O16 	14895.1 	0.218371  1  -4238.32  9547
O16 	14895.1 	0.204533  1  3429.34  1649
O16 	14895.1 	0.284423  1  206.685  5048
O16 	14895.1 	0.330473  1  319.086  4956
O16 	14895.1 	0.413821  1  -3052.04  8448
O16 	14895.1 	0.208158  1  -4812.95  10248
O16 	14895.1 	0.202037  1  -995.951  6222
O16 	14895.1 	0.322014  1  1682.04  3344
O16 	14895.1 	0.265881  1  198.834  5086
O16 	14895.1 	0.290427  1  4269.02  741
O16 	14895.1 	0.285878  1  -795.764  6140
O16 	14895.1 	0.459672  1  -106.396  5268
O16 	14895.1 	0.344283  1  646.347  4532
O16 	14895.1 	0.360621  1  -1798.6  7274
O16 	14895.1 	0.201411  1  -2363.64  7805
O16 	14895.1 	0.661375  1  -1559.1  6759
O16 	14895.1 	0.206666  1  -554.072  5799
O16 	14895.1 	0.255031  1  -3250.95  8652
O16 	14895.1 	1.03029  1  313.694  4851
O16 	14895.1 	0.208037  1  4914.88  92
O16 	14895.1 	0.234891  1  -3641.45  9031
O16 	14895.1 	0.477289  1  2869.45  2226
O16 	14895.1 	0.219563  1  1711.29  3444
O16 	14895.1 	2.32292  1  4260.63  758
O16 	14895.1 	0.208643  1  4754.04  257
O16 	14895.1 	0.216041  1  4697.55  315
O16 	14895.1 	0.302936  1  -2768.14  8169
O16 	14895.1 	0.249162  1  -1562.37  6859
O16 	14895.1 	0.188502  1  -1886.19  7136
O16 	14895.1 	0.329907  1  786.094  4353
O16 	14895.1 	0.50694  1  -3680.23  9057
O16 	14895.1 	0.235314  1  4683.53  294
O16 	14895.1 	0.338849  1  4499.5  521
O16 	14895.1 	0.191925  1  4447.86  598
O16 	14895.1 	0.689742  1  1353.86  3837
O16 	14895.1 	0.862763  1  1392.28  3844
O16 	14895.1 	0.358793  1  280.006  4990
O16 	14895.1 	0.274424  1  -4254.34  9776
O16 	14895.1 	0.736733  1  2073.22  3080
O16 	14895.1 	0.275126  1  -4041.63  9521
O16 	14895.1 	0.192541  1  -105.951  5260
O16 	14895.1 	0.384948  1  -2457.57  7805
O16 	14895.1 	0.285522  1  -3759.16  9022
O16 	14895.1 	0.287461  1  -4355.78  9842
O16 	14895.1 	0.336894  1  -3225.4  8608
O16 	14895.1 	0.206966  1  -3660.2  9072
O16 	14895.1 	0.318003  1  -2418.95  7611
O16 	14895.1 	1.9819  1  -52.8666  5293
O16 	14895.1 	0.198742  1  -3556.37  8954
O16 	14895.1 	0.317231  1  -4108.53  9527
O16 	14895.1 	0.337906  1  4480.91  519
O16 	14895.1 	0.290852  1  -1297.48  6554
O16 	14895.1 	0.395862  1  -1612.22  6885
O16 	14895.1 	0.304805  1  -3781.1  9136
O16 	14895.1 	0.338867  1  4072.25  875
O16 	14895.1 	0.263405  1  3570.46  1488
O16 	14895.1 	0.810937  1  -1982.42  7422
O16 	14895.1 	1.26557  1  3999.97  1088
O16 	14895.1 	0.747356  1  -1977.85  7299
O16 	14895.1 	4.45119  1  -3876.4  9385
O16 	14895.1 	0.291159  1  3444.86  1629
O16 	14895.1 	0.29851  1  3155.02  1873
O16 	14895.1 	0.365522  1  1531.89  3688
O16 	14895.1 	0.609458  1  2606.18  2539
O16 	14895.1 	0.376532  1  2024.53  3168
O16 	14895.1 	0.932107  1  -4279.93  9648
O16 	14895.1 	0.37526  1  -1839.23  7194
O16 	14895.1 	0.320917  1  3238.15  1821
O16 	14895.1 	0.31535  1  2579.11  2537
O16 	14895.1 	0.192802  1  4260.76  735
O16 	14895.1 	0.204951  1  1770.51  3379
O16 	14895.1 	0.350389  1  3893.01  1243
O16 	14895.1 	0.285578  1  4498.5  530
O16 	14895.1 	0.216848  1  -1815.37  7027
O16 	14895.1 	0.215184  1  -2619.84  7882
O16 	14895.1 	0.244838  1  3770.02  1225
O16 	14895.1 	0.202816  1  4898.3  113
O16 	14895.1 	0.477762  1  -1006.42  6277
O16 	14895.1 	0.673979  1  -1802.19  7246
O16 	14895.1 	0.216059  1  -1060.21  6323
O16 	14895.1 	0.466794  1  3653.4  1450
O16 	14895.1 	0.415788  1  -3022.19  8575
O16 	14895.1 	0.279961  1  -1671.35  6986
O16 	14895.1 	0.333649  1  -2826.29  8262
O16 	14895.1 	0.367996  1  -3932.89  9345
O16 	14895.1 	0.963989  1  1299.32  3903
O16 	14895.1 	0.245759  1  -4150.78  9717
O16 	14895.1 	0.264692  1  -3016.44  8486
O16 	14895.1 	0.233893  1  -4326.63  9796
O16 	14895.1 	0.254824  1  4962.44  43
O16 	14895.1 	0.189176  1  -4574.01  10172
O16 	14895.1 	0.191865  1  683.429  4519
O16 	14895.1 	0.268453  1  -4464.26  9859
O16 	14895.1 	0.228242  1  -1087.31  6445
O16 	14895.1 	0.280126  1  4249.98  812
O16 	14895.1 	1.4231  1  -3467.7  8936
O16 	14895.1 	0.738317  1  -3436.44  8931
O16 	14895.1 	0.198467  1  -2132.67  7501
O16 	14895.1 	2.93168  1  -9.43866  5253
O16 	14895.1 	0.978969  1  -3127.35  8490
O16 	14895.1 	0.374982  1  -52.3432  5378
O16 	14895.1 	0.503297  1  -2197.47  7504
O16 	14895.1 	0.391649  1  -4218.46  9752
O16 	14895.1 	0.681589  1  -736.119  5946
O16 	14895.1 	0.359104  1  662.412  4474
O16 	14895.1 	0.255059  1  2235.2  2869
O16 	14895.1 	1.14188  1  1063.27  4028
O16 	14895.1 	0.411874  1  -1010.22  6236
O16 	14895.1 	0.216323  1  -2844.79  8242
O16 	14895.1 	0.19297  1  -4680.98  10115
O16 	14895.1 	1.95847  1  2246.54  2841
O16 	14895.1 	0.193617  1  3472.07  1613
O16 	14895.1 	0.235647  1  -242.965  5601
O16 	14895.1 	0.255949  1  -429.147  5681
O16 	14895.1 	0.375232  1  643.436  4706
O16 	14895.1 	0.297589  1  1860.72  3319
O16 	14895.1 	0.376806  1  -936.25  6176
O16 	14895.1 	0.206619  1  3324.05  1772
O16 	14895.1 	0.230453  1  4401.29  615
O16 	14895.1 	0.468662  1  1943.03  3117
O16 	14895.1 	0.561494  1  1101.12  4077
O16 	14895.1 	0.190187  1  2907.98  2171
O16 	14895.1 	0.210559  1  4308.49  769
O16 	14895.1 	0.337482  1  -698.119  5995
O16 	14895.1 	0.205736  1  37.8024  5182
O16 	14895.1 	0.410092  1  -2417.42  7668
O16 	14895.1 	0.332545  1  2566.94  2485
O16 	14895.1 	0.190224  1  -4729.73  10065
O16 	14895.1 	0.237285  1  3445.33  1632
O16 	14895.1 	0.546024  1  337.208  4897
O16 	14895.1 	0.651587  1  3602.85  1411
O16 	14895.1 	0.248743  1  -3012.67  8482
O16 	14895.1 	0.272908  1  -2107.05  7433
O16 	14895.1 	3.07757  1  4343.9  672
O16 	14895.1 	0.248668  1  2770  2307
O16 	14895.1 	0.448109  1  7.25448  5141
O16 	14895.1 	0.429532  1  -314.489  5526
O16 	14895.1 	0.369942  1  -1260.93  6464
O16 	14895.1 	0.327822  1  3769.58  1202
O16 	14895.1 	0.227706  1  2787.62  2227
O16 	14895.1 	1.03955  1  4149.47  844
O16 	14895.1 	0.270606  1  -2289.78  7610
O16 	14895.1 	0.233049  1  -2563.94  7835
O16 	14895.1 	0.398125  1  1193.07  4028
O16 	14895.1 	0.208066  1  -2972.88  8340
O16 	14895.1 	0.198969  1  450.247  4791
O16 	14895.1 	1.01165  1  2519.11  2608
O16 	14895.1 	0.953548  1  -3753.58  9148
O16 	14895.1 	0.355846  1  1913.34  3355
O16 	14895.1 	0.437338  1  4303.36  746
O16 	14895.1 	0.249759  1  3716.44  1302
O16 	14895.1 	0.298319  1  1857.32  3327
O16 	14895.1 	0.297167  1  -4380.57  9870
O16 	14895.1 	1.13547  1  498.005  4758
O16 	14895.1 	0.227959  1  -1752.79  7043
O16 	14895.1 	0.863085  1  -1037.13  6489
O16 	14895.1 	3.0293  1  -2513.25  7858
O16 	14895.1 	0.294142  1  -2459.86  7798
O16 	14895.1 	0.204553  1  -4686.71  10129
O16 	14895.1 	0.258683  1  -1677.2  7010
O16 	14895.1 	0.203206  1  -2392.28  7824
O16 	14895.1 	0.730628  1  3369.82  1710
O16 	14895.1 	0.230974  1  3723.95  1326
O16 	14895.1 	0.386335  1  1630.99  3482
O16 	14895.1 	1.45441  1  -3701.15  9285
O16 	14895.1 	0.459644  1  1434.46  3886
O16 	14895.1 	0.872762  1  -4046.57  9541
O16 	14895.1 	0.198831  1  -2385.74  7662
O16 	14895.1 	0.206996  1  3222  1783
O16 	14895.1 	0.289874  1  1712.6  3360
O16 	14895.1 	0.220795  1  -3150.55  8433
O16 	14895.1 	1.62091  1  -2577.5  7860
O16 	14895.1 	0.207998  1  2062.54  3051
O16 	14895.1 	0.212967  1  879.82  4251
O16 	14895.1 	0.261528  1  -4731.3  10214
O16 	14895.1 	0.225363  1  3775.75  1249
O16 	14895.1 	0.199117  1  -3679.47  9013
O16 	14895.1 	0.208905  1  -1404.55  6729
O16 	14895.1 	0.211763  1  2861.24  2247
O16 	14895.1 	0.229644  1  -522.386  5826
O16 	14895.1 	0.243023  1  221.066  5107
O16 	14895.1 	0.201966  1  -1347.05  6807
O16 	14895.1 	0.296379  1  -100.175  5472
O16 	14895.1 	0.287448  1  3174.27  1871
O16 	14895.1 	0.332773  1  -4752.54  10386
O16 	14895.1 	0.886749  1  3940.02  1127
O16 	14895.1 	1.92235  1  4222.71  819
O16 	14895.1 	0.192057  1  4612.14  406
O16 	14895.1 	0.271403  1  4080.27  917
O16 	14895.1 	0.367284  1  -4184.06  9475
O16 	14895.1 	0.234559  1  -1606.97  6959
O16 	14895.1 	0.225207  1  -145.516  5455
O16 	14895.1 	0.239209  1  -3290.23  8828
O16 	14895.1 	0.261984  1  -1888.34  7260
O16 	14895.1 	0.217613  1  849.215  4262
O16 	14895.1 	0.911335  1  -1615.2  6913
O16 	14895.1 	3.02792  1  -999.939  6118
O16 	14895.1 	0.859277  1  -1915.03  7103
O16 	14895.1 	2.265  1  2534.29  2578
O16 	14895.1 	0.380449  1  823.228  4342
O16 	14895.1 	0.312118  1  -2659.02  7990
O16 	14895.1 	1.70747  1  1623.24  3646
O16 	14895.1 	0.349557  1  37.3648  5174
O16 	14895.1 	0.18838  1  -438.075  5652
O16 	14895.1 	0.229554  1  -1226.76  6459
O16 	14895.1 	0.486171  1  221.751  5082
O16 	14895.1 	0.367126  1  -1235.34  6477
O16 	14895.1 	0.502281  1  3416.91  1623
O16 	14895.1 	0.382989  1  -2973.41  8313
O16 	14895.1 	0.29278  1  1664.78  3505
O16 	14895.1 	0.219813  1  -4275.03  9638
O16 	14895.1 	0.290265  1  -1969.48  7319
O16 	14895.1 	0.36386  1  2995.41  2094
O16 	14895.1 	0.495259  1  2720.75  2348
O16 	14895.1 	0.197068  1  2538.13  2591
O16 	14895.1 	0.652731  1  3865.88  1165
O16 	14895.1 	0.224838  1  -509.317  5742
O16 	14895.1 	0.359888  1  -648.999  6055
O16 	14895.1 	0.244644  1  2770.73  2320
O16 	14895.1 	0.743429  1  4068.64  997
O16 	14895.1 	0.471372  1  -965.62  6201
O16 	14895.1 	4.05966  1  238.551  4882
O16 	14895.1 	1.30758  1  2533.64  2552
O16 	14895.1 	0.398724  1  -1483.41  6988
O16 	14895.1 	0.253563  1  -2767.84  8154
O16 	14895.1 	0.462343  1  2810.19  2330
O16 	14895.1 	0.537668  1  -1775.26  6916
O16 	14895.1 	0.224896  1  3716.48  1425
O16 	14895.1 	0.610247  1  1323.8  3799
O16 	14895.1 	0.199124  1  3610.62  1410
O16 	14895.1 	0.215843  1  2952.58  2113
O16 	14895.1 	0.197665  1  -2590.83  7989
O16 	14895.1 	0.427121  1  3832.61  1198
O16 	14895.1 	0.406215  1  1044.4  4128
O16 	14895.1 	2.78799  1  -3432.28  8725
O16 	14895.1 	2.7208  1  -4336.36  9765
O16 	14895.1 	0.269968  1  -3700.95  9184
O16 	14895.1 	0.405373  1  -2642.07  8005
O16 	14895.1 	0.280815  1  -1321.43  6657
O16 	14895.1 	0.50131  1  -2012.15  7343
O16 	14895.1 	0.292951  1  -2508.71  7957
O16 	14895.1 	0.200963  1  2100.87  3093
O16 	14895.1 	0.946178  1  464.098  4794
O16 	14895.1 	0.274509  1  -461.75  5658
O16 	14895.1 	0.337176  1  -4748.99  10428
O16 	14895.1 	0.234603  1  -1127.56  6461
O16 	14895.1 	0.320567  1  -34.5306  5197
O16 	14895.1 	0.250079  1  2463.03  2579
O16 	14895.1 	0.207698  1  820.842  4348
O16 	14895.1 	0.482225  1  -1954.99  7301
O16 	14895.1 	0.481295  1  241.272  5008
O16 	14895.1 	0.315808  1  -1414.82  6790
O16 	14895.1 	1.44973  1  3431.72  1658
O16 	14895.1 	2.54027  1  -1907.89  7253
O16 	14895.1 	0.391356  1  3567.86  1536
O16 	14895.1 	0.201324  1  3144.05  1941
O16 	14895.1 	0.560376  1  -3431.64  8614
O16 	14895.1 	0.220023  1  2996.21  2111
O16 	14895.1 	0.280113  1  -4327.85  9904
O16 	14895.1 	0.464701  1  460.812  4849
O16 	14895.1 	0.426026  1  -1852.33  7181
O16 	14895.1 	0.204308  1  -2377.1  7539
O16 	14895.1 	0.207885  1  -750.651  5993
O16 	14895.1 	0.196883  1  -416.327  5761
O16 	14895.1 	0.384317  1  -3049.9  8542
O16 	14895.1 	0.409206  1  -3071.02  8447
O16 	14895.1 	0.821239  1  742.624  4530
O16 	14895.1 	0.327763  1  -43.8799  5324
O16 	14895.1 	0.326388  1  -1490.01  6717
O16 	14895.1 	0.355395  1  765.487  4386
O16 	14895.1 	0.236502  1  230.901  4988
O16 	14895.1 	0.252723  1  2334.63  2904
O16 	14895.1 	0.36312  1  -2353.27  7577
O16 	14895.1 	0.23989  1  2673.84  2414
O16 	14895.1 	0.20936  1  4519.55  499
O16 	14895.1 	0.743924  1  2335.41  2860
O16 	14895.1 	0.292495  1  -1697.8  6982
O16 	14895.1 	0.445693  1  3668.1  1362
O16 	14895.1 	0.275697  1  -246.457  5482
O16 	14895.1 	0.403364  1  -4975.36  10433
O16 	14895.1 	0.610399  1  -1882.37  7248
O16 	14895.1 	0.270161  1  3221.16  1888
O16 	14895.1 	0.27186  1  2945.31  2191
O16 	14895.1 	0.19173  1  -1109.14  6178
O16 	14895.1 	0.199104  1  1841.92  3234
O16 	14895.1 	0.193622  1  -2481.41  8042
O16 	14895.1 	0.284528  1  3647.59  1431
O16 	14895.1 	0.244488  1  -1975.02  7286
O16 	14895.1 	0.267287  1  -4977.62  10504
O16 	14895.1 	0.236357  1  650.667  4582
O16 	14895.1 	0.520746  1  -762.757  6090
O16 	14895.1 	0.392824  1  -2171.44  7410
O16 	14895.1 	0.189267  1  -4164.12  9667
O16 	14895.1 	0.196397  1  -522.596  5827
O16 	14895.1 	1.20945  1  3897.5  1148
O16 	14895.1 	0.337657  1  2536.17  2589
O16 	14895.1 	0.228077  1  3997.56  1048
O16 	14895.1 	0.205804  1  -1121.14  6466
O16 	14895.1 	0.562345  1  46.2327  5076
O16 	14895.1 	2.68533  1  -1979.45  7291
O16 	14895.1 	0.23898  1  6.08  5161
O16 	14895.1 	0.286941  1  -2218.87  7626
O16 	14895.1 	0.372889  1  4850.42  177
O16 	14895.1 	0.21749  1  2551.36  2602
O16 	14895.1 	0.414529  1  -915.354  6322
O16 	14895.1 	0.274132  1  2552.21  2504
O16 	14895.1 	1.64278  1  3117.07  1974
O16 	14895.1 	0.325692  1  -4585.93  10126
O16 	14895.1 	0.216167  1  3004.69  2098
O16 	14895.1 	0.468015  1  -1988.31  7280
O16 	14895.1 	0.244699  1  -4744.67  10203
O16 	14895.1 	0.504181  1  1183.36  4023
O16 	14895.1 	0.221326  1  3901.78  1184
O16 	14895.1 	0.389354  1  -1279.73  6539
O16 	14895.1 	0.206631  1  -1781.43  7108
O16 	14895.1 	0.213726  1  2197.77  2877
O16 	14895.1 	0.234236  1  -1780  7171
O16 	14895.1 	0.21237  1  -755.977  6071
O16 	14895.1 	0.337151  1  1969.29  3174
O16 	14895.1 	0.33213  1  -690.332  5907
O16 	14895.1 	0.366497  1  -3142.42  8432
O16 	14895.1 	0.224329  1  4540.39  451
O16 	14895.1 	0.258206  1  -3523.64  9055
O16 	14895.1 	0.526839  1  739.571  4396
O16 	14895.1 	0.652889  1  -4502.7  9938
O16 	14895.1 	0.887923  1  -1346.62  6591
O16 	14895.1 	0.766785  1  -3094.31  8469
O16 	14895.1 	1.01265  1  -4443.25  9864
O16 	14895.1 	0.213226  1  2126.44  2988
O16 	14895.1 	0.244779  1  -4795.34  10322
O16 	14895.1 	0.742423  1  2424  2560
O16 	14895.1 	0.225276  1  905.787  4408
O16 	14895.1 	0.406755  1  -84.1191  5290
O16 	14895.1 	0.198293  1  -3281.14  8595
O16 	14895.1 	0.480902  1  -3403.24  8855
O16 	14895.1 	0.220705  1  838.993  4320
O16 	14895.1 	0.214495  1  1642.12  3379
O16 	14895.1 	0.18883  1  -2559.13  7850
O16 	14895.1 	0.23992  1  -3285.35  8725
O16 	14895.1 	0.470633  1  -1951.54  7344
O16 	14895.1 	0.727279  1  4928.11  80
O16 	14895.1 	0.209037  1  3706.74  1347
O16 	14895.1 	0.63792  1  4183.42  840
O16 	14895.1 	0.191627  1  2265.02  2885
O16 	14895.1 	0.306944  1  -2981.19  8338
O16 	14895.1 	2.02425  1  2528.06  2632
O16 	14895.1 	0.242294  1  -4737.12  9985
O16 	14895.1 	0.256122  1  -1437.65  6680
O16 	14895.1 	0.326353  1  899.921  4249
O16 	14895.1 	9.81067  1  -2812.53  8177
O16 	14895.1 	0.25157  1  -1039.06  6334
O16 	14895.1 	0.279178  1  3362.18  1783
O16 	14895.1 	1.45227  1  983.277  4213
O16 	14895.1 	0.239799  1  252.355  4982
O16 	14895.1 	0.67401  1  450.509  4802
O16 	14895.1 	0.198126  1  4539.56  471
O16 	14895.1 	0.190489  1  4048.56  1007
O16 	14895.1 	0.286378  1  -848.049  6249
O16 	14895.1 	0.287929  1  3641.32  1461
O16 	14895.1 	0.644272  1  854.631  4332
O16 	14895.1 	0.491974  1  1813.61  3330
O16 	14895.1 	0.500289  1  -18.1041  5169
O16 	14895.1 	0.210317  1  -2006.87  7232
O16 	14895.1 	0.19245  1  3969.14  1031
O16 	14895.1 	0.612583  1  2910.48  2181
O16 	14895.1 	0.299713  1  4398.61  630
O16 	14895.1 	0.488674  1  -1930.14  7067
O16 	14895.1 	1.60033  1  1395.21  3803
O16 	14895.1 	0.583025  1  -1373.16  6580
O16 	14895.1 	0.27081  1  -302.455  5615
O16 	14895.1 	0.283895  1  -2817.11  8042
O16 	14895.1 	0.288411  1  4324.31  672
O16 	14895.1 	0.19913  1  538.675  4657
O16 	14895.1 	0.358761  1  1385.1  3750
O16 	14895.1 	0.212606  1  -681.355  5972
O16 	14895.1 	0.227087  1  -2135.33  7412
O16 	14895.1 	0.310673  1  -3925.17  9375
O16 	14895.1 	1.00046  1  -4513.97  10169
O16 	14895.1 	0.234652  1  806.167  4393
O16 	14895.1 	1.97775  1  -2880.32  8232
O16 	14895.1 	0.201505  1  1756.06  3475
O16 	14895.1 	0.40485  1  4177.72  873
O16 	14895.1 	0.300792  1  3389.69  1655
O16 	14895.1 	0.24234  1  2045.83  3026
O16 	14895.1 	0.566121  1  671.905  4707
O16 	14895.1 	0.231446  1  -491.086  5778
O16 	14895.1 	0.727688  1  -4171.04  9694
O16 	14895.1 	0.546553  1  -1652.57  7109
O16 	14895.1 	0.374735  1  -2463.57  7632
O16 	14895.1 	0.244772  1  2133.23  3037
O16 	14895.1 	0.349697  1  1832.44  3355
O16 	14895.1 	0.481081  1  -2521.86  7825
O16 	14895.1 	0.425379  1  1149.73  3864
O16 	14895.1 	0.226999  1  -4330.4  9881
O16 	14895.1 	0.570768  1  2856.38  2245
O16 	14895.1 	0.600911  1  4532.8  488
O16 	14895.1 	0.305434  1  -3628.47  9188
O16 	14895.1 	0.206324  1  1715.88  3536
O16 	14895.1 	0.267293  1  -4561.9  9912
O16 	14895.1 	0.603448  1  2958.36  2152
O16 	14895.1 	7.67125  1  -3629.8  9105
O16 	14895.1 	0.209521  1  -1466.21  6715
O16 	14895.1 	0.603688  1  174.416  5106
O16 	14895.1 	0.210296  1  4607.44  379
O16 	14895.1 	0.249503  1  962.678  4161
O16 	14895.1 	0.362274  1  1540.4  3587
O16 	14895.1 	0.331961  1  3122.33  2071
O16 	14895.1 	0.746018  1  -4214.43  9827
O16 	14895.1 	0.227017  1  3324.28  1669
O16 	14895.1 	0.339492  1  -236.776  5404
O16 	14895.1 	0.331554  1  3375.14  1673
O16 	14895.1 	0.284723  1  4624.34  390
O16 	14895.1 	0.306371  1  -3686.27  9116
O16 	14895.1 	0.207577  1  644.528  4487
O16 	14895.1 	0.614651  1  -88.3262  5217
O16 	14895.1 	0.63152  1  -397.318  5658
O16 	14895.1 	1.33029  1  2249.23  2882
O16 	14895.1 	1.67762  1  -2594.36  7990
O16 	14895.1 	0.404647  1  -85.6746  5263
O16 	14895.1 	0.212953  1  -4398.81  9737
O16 	14895.1 	0.313067  1  1617.06  3346
O16 	14895.1 	0.238197  1  1608.61  3353
O16 	14895.1 	1.91915  1  -1054.67  6277
O16 	14895.1 	0.228848  1  4930.09  79
O16 	14895.1 	0.337336  1  283.564  4961
O16 	14895.1 	0.191251  1  -3511.35  8787
O16 	14895.1 	0.335682  1  -608.351  5907
O16 	14895.1 	0.483824  1  3223.55  1812
O16 	14895.1 	0.307453  1  -2723.26  8037
O16 	14895.1 	0.362878  1  -2703.95  8018
O16 	14895.1 	0.261817  1  1880.6  3219
O16 	14895.1 	0.254118  1  79.081  5114
O16 	14895.1 	0.239112  1  -3622.79  8974
O16 	14895.1 	0.296889  1  3702.19  1347
O16 	14895.1 	0.370049  1  3835.01  1244
O16 	14895.1 	0.225284  1  3109.44  1914
O16 	14895.1 	0.225111  1  3243.8  1884
O16 	14895.1 	0.214253  1  -1237.45  6575
O16 	14895.1 	0.202883  1  -4181.69  9693
O16 	14895.1 	0.209973  1  -1462.27  6921
O16 	14895.1 	0.379526  1  4366.61  692
O16 	14895.1 	0.199649  1  -1051.75  6348
O16 	14895.1 	1.50446  1  -2729.16  8095
O16 	14895.1 	0.641539  1  -2727.36  8082
O16 	14895.1 	0.327678  1  2808.27  2347
O16 	14895.1 	0.312651  1  1869.39  3337
O16 	14895.1 	3.22006  1  -1613.79  6922
O16 	14895.1 	0.211996  1  -2740.25  8077
O16 	14895.1 	0.192744  1  2928.09  2194
O16 	14895.1 	0.246567  1  -504.523  5794
O16 	14895.1 	0.484866  1  4486.47  525
O16 	14895.1 	0.298803  1  4695.55  291
O16 	14895.1 	0.208118  1  -2479.62  7730
O16 	14895.1 	0.377008  1  3283.2  1817
O16 	14895.1 	0.401577  1  3090.97  1936
O16 	14895.1 	0.258584  1  4719.01  286
O16 	14895.1 	0.528706  1  -516.033  5564
O16 	14895.1 	0.647454  1  3424.82  1533
O16 	14895.1 	0.288434  1  -2969.63  8262
O16 	14895.1 	0.341705  1  -4134.45  9567
O16 	14895.1 	0.23573  1  674.127  4501
O16 	14895.1 	0.332398  1  4213.38  861
O16 	14895.1 	0.211856  1  4803.55  203
O16 	14895.1 	0.335865  1  1246.88  3972
O16 	14895.1 	0.603021  1  4004.36  1042
O16 	14895.1 	0.206063  1  -1162.53  6446
O16 	14895.1 	0.286194  1  3613.63  1481
O16 	14895.1 	0.402337  1  1809.81  3379
O16 	14895.1 	0.227767  1  -1448.83  6785
O16 	14895.1 	0.273493  1  -1866.89  7196
O16 	14895.1 	0.275167  1  -3630.51  9048
O16 	14895.1 	0.241343  1  -4620.55  10095
O16 	14895.1 	0.40818  1  4710.82  298
O16 	14895.1 	0.699139  1  -3660.84  8906
O16 	14895.1 	0.331174  1  880.881  4342
O16 	14895.1 	0.959323  1  4857.35  145
O16 	14895.1 	1.72969  1  866.474  4365
O16 	14895.1 	0.353675  1  -471.628  5669
O16 	14895.1 	0.653315  1  2864.42  2217
O16 	14895.1 	0.207822  1  81.2041  5100
O16 	14895.1 	0.925925  1  427.676  4862
O16 	14895.1 	0.256311  1  1034.13  4147
O16 	14895.1 	0.393554  1  347.561  4821
O16 	14895.1 	0.542096  1  -1155.79  6407
O16 	14895.1 	0.190767  1  1569.53  3586
O16 	14895.1 	0.338827  1  -2858.85  8207
O16 	14895.1 	0.543113  1  1892.68  3286
O16 	14895.1 	0.471334  1  4771.49  240
O16 	14895.1 	0.312906  1  -4295.85  9606
O16 	14895.1 	0.38428  1  -3715.62  9118
O16 	14895.1 	0.227752  1  2035.17  3046
O16 	14895.1 	1.07885  1  -4336.6  9862
O16 	14895.1 	0.4306  1  -2331.23  7683
O16 	14895.1 	0.269062  1  -37.0187  5296
O16 	14895.1 	1.44987  1  2823.46  2393
O16 	14895.1 	0.631818  1  2704.54  2499
O16 	14895.1 	0.226419  1  -2942.72  8423
O16 	14895.1 	0.202209  1  -3057.03  8512
O16 	14895.1 	0.214937  1  -1004.73  6240
O16 	14895.1 	0.257004  1  -2167.16  7542
O16 	14895.1 	0.801153  1  -4554.7  10071
O16 	14895.1 	0.200327  1  1966.34  3095
O16 	14895.1 	0.570671  1  -2473.58  7697
O16 	14895.1 	0.39616  1  4849.14  151
O16 	14895.1 	0.362414  1  737.281  4445
O16 	14895.1 	0.417082  1  -3502.64  8993
O16 	14895.1 	0.310648  1  -1517.01  6885
O16 	14895.1 	0.600384  1  -56.7516  5374
O16 	14895.1 	0.352247  1  645.159  4615
O16 	14895.1 	0.477044  1  -1378.46  6526
O16 	14895.1 	1.88056  1  4667.16  339
O16 	14895.1 	0.222732  1  1767.06  3390
O16 	14895.1 	0.300538  1  -3673.85  8977
O16 	14895.1 	0.244068  1  3399.41  1715
O16 	14895.1 	1.1503  1  -4769.23  10325
O16 	14895.1 	0.211151  1  -129.853  5409
O16 	14895.1 	0.535165  1  -3946.66  9356
O16 	14895.1 	0.364769  1  4323.67  705
O16 	14895.1 	0.274619  1  -1360.18  6763
O16 	14895.1 	0.294713  1  -2542.58  7934
O16 	14895.1 	0.225897  1  277.383  4867
O16 	14895.1 	0.240606  1  -1251.42  6520
O16 	14895.1 	0.218261  1  -4006.64  9414
O16 	14895.1 	0.60376  1  -4697.75  10114
O16 	14895.1 	0.262999  1  4801.39  196
O16 	14895.1 	0.50549  1  -2721.61  8048
O16 	14895.1 	0.274642  1  -4484.69  9862
O16 	14895.1 	0.62445  1  -3027.38  8224
O16 	14895.1 	0.953205  1  2434.92  2613
O16 	14895.1 	1.31463  1  3610.39  1407
O16 	14895.1 	0.226611  1  -4478.05  9821
O16 	14895.1 	0.818751  1  -2016.47  7349
O16 	14895.1 	0.231258  1  4417.54  591
O16 	14895.1 	0.214714  1  -3880.4  9378
O16 	14895.1 	0.290925  1  -1698.04  6885
O16 	14895.1 	0.188697  1  3532.98  1584
O16 	14895.1 	0.340248  1  506.317  4786
O16 	14895.1 	0.940103  1  -3183.44  8625
O16 	14895.1 	0.272197  1  2787.22  2339
O16 	14895.1 	0.515935  1  4211  786
O16 	14895.1 	0.19437  1  -619.95  5810
O16 	14895.1 	0.252486  1  -690.903  5922
O16 	14895.1 	0.465888  1  -2952  8279
O16 	14895.1 	0.874201  1  368.941  4822
O16 	14895.1 	0.328573  1  1438.11  3670
O16 	14895.1 	0.294313  1  1419.61  3699
O16 	14895.1 	0.260068  1  -3490.75  8780
O16 	14895.1 	0.246024  1  -2430.5  7745
O16 	14895.1 	0.467643  1  -2204.82  7496
O16 	14895.1 	0.846933  1  -3553.21  8989
O16 	14895.1 	0.454521  1  4952.49  54
O16 	14895.1 	1.30934  1  -1429.5  6868
O16 	14895.1 	0.223711  1  1749.62  3329
O16 	14895.1 	0.224777  1  4207.59  813
O16 	14895.1 	0.229005  1  3942.45  1131
O16 	14895.1 	0.350984  1  1154.09  4082
O16 	14895.1 	0.318122  1  -356.878  5620
O16 	14895.1 	1.02037  1  -1035.66  6355
O16 	14895.1 	0.291856  1  1318.92  3848
O16 	14895.1 	0.25827  1  -1404.34  6620
O16 	14895.1 	0.248593  1  2181.93  2826
O16 	14895.1 	0.221578  1  -3245.22  8738
O16 	14895.1 	0.469166  1  -2098.78  7303
O16 	14895.1 	0.572211  1  -4099.32  9479
O16 	14895.1 	0.531968  1  -788.728  5937
O16 	14895.1 	0.360603  1  3783.76  1287
O16 	14895.1 	0.245418  1  -3554.13  8858
O16 	14895.1 	0.334677  1  -4231.2  9530
O16 	14895.1 	0.291007  1  4719.05  292
O16 	14895.1 	1.5107  1  -3574.44  8893
O16 	14895.1 	0.288616  1  3319.26  1668
O16 	14895.1 	0.214993  1  3773.56  1312
O16 	14895.1 	0.261121  1  -3607  8985
O16 	14895.1 	0.254133  1  -987.925  6361
O16 	14895.1 	0.243357  1  -1242.95  6417
O16 	14895.1 	0.206846  1  -951.64  6034
O16 	14895.1 	0.198613  1  1315.77  3821
O16 	14895.1 	0.372825  1  -3250.19  8509
O16 	14895.1 	0.197316  1  -1002.16  6333
O16 	14895.1 	1.39443  1  -1116.38  6472
O16 	14895.1 	0.214444  1  4231.49  813
O16 	14895.1 	0.213815  1  3427.13  1653
O16 	14895.1 	0.523253  1  613.519  4543
O16 	14895.1 	0.400725  1  -3443.02  9049
O16 	14895.1 	0.379924  1  2842.31  2319
O16 	14895.1 	0.346576  1  2503.7  2663
O16 	14895.1 	0.441512  1  -879.702  6170
O16 	14895.1 	0.485192  1  -2870.43  8243
O16 	14895.1 	0.570389  1  -3004.1  8332
O16 	14895.1 	0.21282  1  701.54  4573
O16 	14895.1 	0.55194  1  3251.76  1920
O16 	14895.1 	0.442221  1  -4215.41  9624
O16 	14895.1 	2.83118  1  4750.1  278
O16 	14895.1 	0.250946  1  4738.65  281
O16 	14895.1 	0.329292  1  -631.935  5922
O16 	14895.1 	0.444954  1  997.861  4198
O16 	14895.1 	1.42288  1  -3099.87  8508
O16 	14895.1 	0.290195  1  618.852  4606
O16 	14895.1 	0.732004  1  829.108  4443
O16 	14895.1 	0.19148  1  -3224.52  8415
O16 	14895.1 	0.308099  1  -956.492  6227
O16 	14895.1 	0.224699  1  -1623.31  6920
O16 	14895.1 	0.251584  1  -2370.59  7814
O16 	14895.1 	0.214285  1  -3959.02  9465
O16 	14895.1 	0.463847  1  -565.136  5892
O16 	14895.1 	0.245413  1  1772.21  3372
O16 	14895.1 	0.486435  1  -3775.84  9183
O16 	14895.1 	0.336467  1  -1881.86  7286
O16 	14895.1 	0.275975  1  4331.14  697
O16 	14895.1 	0.361832  1  905.653  4329
O16 	14895.1 	0.350963  1  -4309.65  9562
O16 	14895.1 	0.194061  1  -4292.25  9801
O16 	14895.1 	0.195569  1  -4325.67  9883
O16 	14895.1 	0.205128  1  1892.13  3194
O16 	14895.1 	0.342246  1  793.552  4385
O16 	14895.1 	0.279792  1  1725.01  3507
O16 	14895.1 	0.327545  1  -521.457  5810
O16 	14895.1 	0.208904  1  -2531.12  8077
O16 	14895.1 	0.493528  1  1591.76  3504
O16 	14895.1 	0.894236  1  -233.799  5371
O16 	14895.1 	0.419988  1  -1412.72  6745
O16 	14895.1 	0.240472  1  1162.24  3892
O16 	14895.1 	1.23534  1  769.861  4448
O16 	14895.1 	0.286759  1  -1797.36  6946
O16 	14895.1 	0.290052  1  -3036.24  8312
O16 	14895.1 	0.768306  1  -1263.54  6540
O16 	14895.1 	0.328966  1  -3735.15  9116
O16 	14895.1 	0.323536  1  482.988  4674
O16 	14895.1 	0.193044  1  -958.96  6241
O16 	14895.1 	0.290943  1  1915.92  3296
O16 	14895.1 	0.247562  1  -1775.54  7194
O16 	14895.1 	0.203015  1  3022.07  2068
O16 	14895.1 	0.712391  1  1946.41  3223
O16 	14895.1 	0.656095  1  -513.318  5751
O16 	14895.1 	0.278633  1  599.556  4570
O16 	14895.1 	0.374875  1  3365.12  1713
O16 	14895.1 	1.60712  1  1280.9  3914
O16 	14895.1 	1.3025  1  -2156.95  7525
O16 	14895.1 	0.715361  1  -3247.85  8582
O16 	14895.1 	0.405817  1  -2293.75  7544
O16 	14895.1 	0.65982  1  53.1535  5233
O16 	14895.1 	0.229135  1  -38.9408  5269
O16 	14895.1 	0.203643  1  3509.61  1582
O16 	14895.1 	0.228994  1  2338.75  2760
O16 	14895.1 	0.261374  1  -2027.3  7404
O16 	14895.1 	0.257231  1  -4322.88  9551
O16 	14895.1 	0.332073  1  -2885.26  8226
O16 	14895.1 	0.201542  1  4877.52  144
O16 	14895.1 	0.849389  1  -4909.57  10430
O16 	14895.1 	0.301106  1  504.883  4708
O16 	14895.1 	0.308728  1  -886.924  6245
O16 	14895.1 	1.30786  1  -3966.53  9363
O16 	14895.1 	0.242258  1  4752.78  257
O16 	14895.1 	0.292376  1  -4213.29  9694
O16 	14895.1 	0.631237  1  -1568.7  6760
O16 	14895.1 	0.231211  1  -2212.75  7549
O16 	14895.1 	0.360017  1  1787.43  3392
O16 	14895.1 	0.338223  1  1206.86  3949
O16 	14895.1 	0.57281  1  2496.03  2604
O16 	14895.1 	0.206495  1  -3589.87  8874
O16 	14895.1 	0.480323  1  -4540.87  9990
O16 	14895.1 	0.729489  1  2068.58  3059
O16 	14895.1 	0.867547  1  2416.96  2731
O16 	14895.1 	0.323598  1  3031.61  2024
O16 	14895.1 	0.19487  1  933.839  4328
O16 	14895.1 	0.188238  1  3745.08  1341
O16 	14895.1 	0.681662  1  2385.07  2741
O16 	14895.1 	0.556094  1  116.474  5104
O16 	14895.1 	0.57976  1  1452.86  3740
O16 	14895.1 	0.590418  1  -1446.87  6876
O16 	14895.1 	0.286026  1  -689.061  6023
O16 	14895.1 	0.331001  1  -1413.15  6529
O16 	14895.1 	0.355633  1  1128.02  3946
O16 	14895.1 	0.346008  1  -144.049  5461
O16 	14895.1 	0.216523  1  1143.45  3973
O16 	14895.1 	0.315796  1  4326.24  734
O16 	14895.1 	0.242536  1  3783.67  1182
O16 	14895.1 	1.98974  1  3563.36  1564
O16 	14895.1 	0.243438  1  -1920.97  7170
O16 	14895.1 	0.248885  1  -3.45677  5258
O16 	14895.1 	0.299266  1  -1314.73  6528
O16 	14895.1 	0.18851  1  340.738  5006
O16 	14895.1 	0.279939  1  3029.52  2107
O16 	14895.1 	0.27019  1  -3904.59  9272
O16 	14895.1 	0.291904  1  -2320.55  7625
O16 	14895.1 	0.290396  1  1015.51  4106
O16 	14895.1 	0.272814  1  -745.735  5996
O16 	14895.1 	0.543204  1  138.649  5079
O16 	14895.1 	0.224858  1  -4352.18  9797
O16 	14895.1 	0.415154  1  -711.234  5997
O16 	14895.1 	1.07609  1  -1366.77  6695
O16 	14895.1 	0.238216  1  4918.88  101
O16 	14895.1 	2.11955  1  -118.964  5497
O16 	14895.1 	0.56551  1  -310.719  5505
O16 	14895.1 	0.496453  1  3066.35  2075
O16 	14895.1 	0.708536  1  246.04  4943
O16 	14895.1 	0.469704  1  -73.8218  5307
O16 	14895.1 	0.222653  1  2690.08  2464
O16 	14895.1 	0.214119  1  2977.45  2049
O16 	14895.1 	0.22319  1  -899.089  6052
O16 	14895.1 	0.221617  1  -3886.82  9462
O16 	14895.1 	0.217547  1  -2545.46  7948
O16 	14895.1 	0.246325  1  -4147.16  9646
O16 	14895.1 	0.188617  1  -829.253  6134
O16 	14895.1 	0.430251  1  -3747.71  9276
O16 	14895.1 	0.356852  1  -3557.37  8769
O16 	14895.1 	0.310788  1  -3925.89  9267
O16 	14895.1 	0.491642  1  -1904.94  7019
O16 	14895.1 	0.384889  1  -3263.08  8694
O16 	14895.1 	0.919439  1  471.468  4738
O16 	14895.1 	0.469746  1  -1328.98  6627
O16 	14895.1 	0.288906  1  -3903.48  9414
O16 	14895.1 	0.305743  1  4410.49  599
O16 	14895.1 	0.202036  1  -3243.12  8663
O16 	14895.1 	0.215166  1  -3356.47  8705
O16 	14895.1 	0.301526  1  -4630.29  10008
O16 	14895.1 	1.11266  1  1709.04  3496
O16 	14895.1 	0.442654  1  2758.15  2396
O16 	14895.1 	1.22632  1  -1203.66  6480
O16 	14895.1 	0.425354  1  672.879  4591
O16 	14895.1 	0.194872  1  -1746.01  7177
O16 	14895.1 	0.215937  1  -1406.46  6697
O16 	14895.1 	0.363698  1  -1399.99  6563
O16 	14895.1 	0.670288  1  -2739.51  8087
O16 	14895.1 	0.329216  1  -4207.81  9586
O16 	14895.1 	0.216616  1  -3073.62  8432
O16 	14895.1 	0.446958  1  -2461.53  7792
O16 	14895.1 	0.315572  1  4405.38  603
O16 	14895.1 	0.546604  1  399.636  4824
O16 	14895.1 	0.264363  1  -4202.21  9576
O16 	14895.1 	0.43851  1  4635.47  402
O16 	14895.1 	0.209058  1  2208.81  2903
O16 	14895.1 	0.210791  1  -579.227  5822
O16 	14895.1 	0.314108  1  957.963  4254
O16 	14895.1 	0.238062  1  2179.09  3008
O16 	14895.1 	0.288461  1  -1101.31  6410
O16 	14895.1 	0.25423  1  -4850.48  10445
O16 	14895.1 	0.26557  1  -944.165  6270
O16 	14895.1 	0.333901  1  1117.57  4060
O16 	14895.1 	0.319579  1  4196.47  851
O16 	14895.1 	0.239091  1  -3810.3  9321
O16 	14895.1 	0.29778  1  -3314.16  8819
O16 	14895.1 	0.4317  1  -1398.7  6672
O16 	14895.1 	0.336099  1  4586.68  463
O16 	14895.1 	0.455167  1  4579.52  445
O16 	14895.1 	1.34642  1  4264.99  795
O16 	14895.1 	0.563775  1  4079.03  965
O16 	14895.1 	0.355027  1  -779.76  5965
O16 	14895.1 	0.440873  1  -2728.4  8006
O16 	14895.1 	0.361183  1  2575.74  2604
O16 	14895.1 	0.23984  1  -326.603  5535
O16 	14895.1 	0.762842  1  4610.79  409
O16 	14895.1 	0.219921  1  -4818.01  10328
O16 	14895.1 	0.451415  1  -648.327  5893
O16 	14895.1 	0.298212  1  68.2415  5248
O16 	14895.1 	0.284362  1  -3232.29  8768
O16 	14895.1 	0.197643  1  -3684.66  9071
O16 	14895.1 	0.401649  1  3155.46  1924
O16 	14895.1 	0.698872  1  -1517.07  6886
O16 	14895.1 	0.333775  1  3502.82  1517
O16 	14895.1 	0.196332  1  -484.182  5626
O16 	14895.1 	0.249166  1  1515.97  3744
O16 	14895.1 	0.268176  1  4751.83  267
O16 	14895.1 	0.275682  1  2258.27  2850
O16 	14895.1 	1.38365  1  -3181.9  8442
O16 	14895.1 	0.338183  1  -1937.81  7300
O16 	14895.1 	0.200795  1  -2887.17  8369
O16 	14895.1 	2.59305  1  -2749.31  8170
O16 	14895.1 	0.978143  1  -4572.65  10117
O16 	14895.1 	1.05125  1  464.417  4801
O16 	14895.1 	0.281566  1  -2090.03  7392
O16 	14895.1 	0.191955  1  4443.74  622
O16 	14895.1 	0.590874  1  1201.67  4022
O16 	14895.1 	0.209914  1  -2144.97  7562
O16 	14895.1 	0.225344  1  -4746.66  10106
O16 	14895.1 	0.298343  1  -2114.08  7505
O16 	14895.1 	0.226633  1  -2010.28  7206
O16 	14895.1 	0.282464  1  -563.056  5969
O16 	14895.1 	0.238927  1  -1372.46  6644
O16 	14895.1 	0.194083  1  3653.1  1357
O16 	14895.1 	0.431941  1  2888.26  2179
O16 	14895.1 	2.32926  1  -1961.76  7217
O16 	14895.1 	0.20704  1  1640.56  3506
O16 	14895.1 	0.305555  1  3981.13  1025
O16 	14895.1 	0.737992  1  2501.96  2656
O16 	14895.1 	0.3783  1  -1290.67  6526
O16 	14895.1 	0.581861  1  2437.91  2638
O16 	14895.1 	0.30066  1  574.572  4661
O16 	14895.1 	0.449492  1  -103.513  5454
O16 	14895.1 	0.488242  1  -2787.3  8100
O16 	14895.1 	0.493421  1  -1011.04  6438
O16 	14895.1 	0.327425  1  -4158.5  9652
O16 	14895.1 	0.911109  1  3924.35  1104
O16 	14895.1 	0.763299  1  420.402  4812
O16 	14895.1 	0.301371  1  -1604.63  6855
O16 	14895.1 	1.09697  1  4859.09  135
O16 	14895.1 	0.402613  1  -1998.13  7440
O16 	14895.1 	0.333498  1  -1223.08  6572
O16 	14895.1 	0.820522  1  3836.55  1254
O16 	14895.1 	0.30586  1  -2821.58  8259
O16 	14895.1 	0.753513  1  4055  1016
O16 	14895.1 	0.202824  1  -4015.64  9440
O16 	14895.1 	0.522623  1  3362.65  1643
O16 	14895.1 	0.31735  1  2743.68  2363
O16 	14895.1 	7.68838  1  -4111.98  9461
O16 	14895.1 	0.436436  1  -4539.53  10028
O16 	14895.1 	0.223651  1  1213.73  4046
O16 	14895.1 	1.39991  1  2551.31  2572
O16 	14895.1 	0.672435  1  -1917.04  7333
O16 	14895.1 	0.259518  1  2163.54  2903
O16 	14895.1 	0.233605  1  -3468.88  8902
O16 	14895.1 	0.221381  1  681.248  4337
O16 	14895.1 	0.586488  1  438.75  4772
O16 	14895.1 	0.21932  1  1784.36  3377
O16 	14895.1 	0.207166  1  -3784.86  9369
O16 	14895.1 	0.253563  1  531.052  4670
O16 	14895.1 	0.769811  1  -3826.38  9151
O16 	14895.1 	0.207038  1  -764.733  5977
O16 	14895.1 	0.427262  1  3505.49  1571
O16 	14895.1 	0.379816  1  2952.46  2145
O16 	14895.1 	0.798554  1  -1711.83  6995
O16 	14895.1 	0.209629  1  -4345.07  9590
O16 	14895.1 	0.233644  1  1645.67  3449
O16 	14895.1 	0.298076  1  -2429.49  7729
O16 	14895.1 	0.370667  1  3939.58  1119
O16 	14895.1 	0.380104  1  -2937.69  8347
O16 	14895.1 	0.229141  1  4216.61  837
O16 	14895.1 	0.401006  1  -4913.76  10325
O16 	14895.1 	0.475331  1  3900.51  1126
O16 	14895.1 	0.243821  1  3472.14  1668
O16 	14895.1 	0.259803  1  -2237.62  7631
O16 	14895.1 	0.74  1  -3577.91  9077
O16 	14895.1 	0.477088  1  952.801  4184
O16 	14895.1 	0.250338  1  2421.79  2677
O16 	14895.1 	0.188709  1  -3822.03  9284
O16 	14895.1 	0.282249  1  2121.83  3068
O16 	14895.1 	1.34507  1  -183.516  5487
O16 	14895.1 	0.236938  1  -3996.38  9425
O16 	14895.1 	0.585216  1  -3766  9133
O16 	14895.1 	0.215811  1  -1174.81  6677
O16 	14895.1 	0.276371  1  4485.85  498
O16 	14895.1 	0.401693  1  1020.56  4160
O16 	14895.1 	0.489098  1  1119.64  4091
O16 	14895.1 	0.415716  1  -290.826  5384
O16 	14895.1 	0.306137  1  1882.91  3289
O16 	14895.1 	0.276004  1  -2252.81  7681
O16 	14895.1 	0.29918  1  2626.63  2441
O16 	14895.1 	0.479214  1  2645.02  2497
O16 	14895.1 	0.603522  1  4968.8  28
O16 	14895.1 	0.239823  1  -3834.71  9179
O16 	14895.1 	0.284173  1  2469.35  2741
O16 	14895.1 	0.244759  1  2085.67  3109
O16 	14895.1 	0.260044  1  821.683  4461
O16 	14895.1 	0.206278  1  -256.244  5460
O16 	14895.1 	0.33564  1  3024  2069
O16 	14895.1 	0.252018  1  4450.95  616
O16 	14895.1 	1.03786  1  1969.74  3251
O16 	14895.1 	0.207097  1  -4044.03  9547
O16 	14895.1 	1.80976  1  -4171.73  9581
O16 	14895.1 	0.561731  1  2253.85  2818
O16 	14895.1 	0.366109  1  1611.25  3523
O16 	14895.1 	0.198285  1  -402.761  5596
O16 	14895.1 	0.720023  1  -4993.02  10468
O16 	14895.1 	0.226885  1  4997.99  4
O16 	14895.1 	0.189922  1  -1020.31  6444
O16 	14895.1 	0.344177  1  -63.4536  5291
O16 	14895.1 	0.359959  1  -2891.88  8358
O16 	14895.1 	0.459051  1  4840.14  187
O16 	14895.1 	0.245298  1  -2039.24  7372
O16 	14895.1 	0.493687  1  3728.81  1292
O16 	14895.1 	0.950174  1  -4986.49  10395
O16 	14895.1 	0.189613  1  1056.4  4208
O16 	14895.1 	0.67026  1  -2259.08  7702
O16 	14895.1 	0.915224  1  -3681.33  9094
O16 	14895.1 	0.826618  1  -2583.09  7931
O16 	14895.1 	0.202029  1  -3558.3  8980
O16 	14895.1 	1.16213  1  2853.64  2179
O16 	14895.1 	0.204661  1  178.595  5009
O16 	14895.1 	0.391127  1  -4578.11  10035
O16 	14895.1 	0.326492  1  2845.09  2241
O16 	14895.1 	1.27672  1  4398.42  640
O16 	14895.1 	0.193407  1  1432.75  3674
O16 	14895.1 	10.3606  1  -1286.34  6708
O16 	14895.1 	1.20441  1  1147.28  3931
O16 	14895.1 	0.442354  1  -2488.25  7837
O16 	14895.1 	0.372622  1  -4995.92  10462
O16 	14895.1 	0.231195  1  -2192.38  7611
O16 	14895.1 	0.421383  1  -3843.7  9350
O16 	14895.1 	0.250416  1  3476.83  1637
O16 	14895.1 	0.595086  1  3836.05  1217
O16 	14895.1 	0.282398  1  -4646.79  10113
O16 	14895.1 	0.194689  1  -2396.05  7663
O16 	14895.1 	0.886027  1  -4741.02  10143
O16 	14895.1 	0.226101  1  864.96  4378
O16 	14895.1 	0.205141  1  2504.55  2496
O16 	14895.1 	0.40503  1  -1629.59  6963
O16 	14895.1 	1.77669  1  1574.33  3546
O16 	14895.1 	0.194417  1  -2490.67  7799
O16 	14895.1 	0.627071  1  -486.209  5773
O16 	14895.1 	0.297202  1  1674.1  3438
O16 	14895.1 	0.220901  1  -1462.03  6832
O16 	14895.1 	0.284624  1  -2713.83  8150
O16 	14895.1 	0.2746  1  -3738.72  9219
O16 	14895.1 	0.353784  1  1951.37  3178
O16 	14895.1 	0.497293  1  -3699.36  9154
O16 	14895.1 	0.602546  1  -4499.54  9928
O16 	14895.1 	0.580376  1  -4919.35  10347
O16 	14895.1 	0.638575  1  498.974  4574
O16 	14895.1 	0.21817  1  -765.627  5974
O16 	14895.1 	2.30734  1  -2780.54  8067
O16 	14895.1 	1.03583  1  3548.3  1508
O16 	14895.1 	0.338038  1  -4000.31  9394
O16 	14895.1 	0.229184  1  -3366.05  8766
O16 	14895.1 	0.281126  1  -3517.6  8917
O16 	14895.1 	0.248324  1  -402.181  5646
O16 	14895.1 	0.246  1  -4391.05  9846
O16 	14895.1 	0.218314  1  -3104.04  8427
O16 	14895.1 	0.367586  1  619.069  4585
O16 	14895.1 	0.360249  1  -2505.33  7920
O16 	14895.1 	0.201386  1  -2472.31  7839
O16 	14895.1 	0.215009  1  1516.63  3654
O16 	14895.1 	0.475007  1  4215  808
O16 	14895.1 	0.240423  1  -1845.61  7171
O16 	14895.1 	0.229183  1  3757.69  1290
O16 	14895.1 	0.491354  1  1255.37  3963
O16 	14895.1 	1.08826  1  -2833.36  8225
O16 	14895.1 	0.306401  1  886.686  4383
O16 	14895.1 	0.335362  1  -295.946  5626
O16 	14895.1 	0.193563  1  -4298.48  9755
O16 	14895.1 	0.197163  1  -1311.97  6708
O16 	14895.1 	1.43634  1  1558.21  3604
O16 	14895.1 	0.19442  1  -3088.75  8376
O16 	14895.1 	0.189898  1  2262.54  2787
O16 	14895.1 	0.434832  1  3671.71  1418
O16 	14895.1 	1.04118  1  4933.39  59
O16 	14895.1 	0.31238  1  3445.9  1693
O16 	14895.1 	0.892005  1  -4790.92  10311
O16 	14895.1 	1.64893  1  2457.77  2643
O16 	14895.1 	0.19111  1  -452.85  5795
O16 	14895.1 	0.409331  1  -4525.66  10083
O16 	14895.1 	0.219577  1  -665.854  5780
O16 	14895.1 	0.209443  1  -2153.22  7311
O16 	14895.1 	0.245811  1  -1559.1  6999
O16 	14895.1 	0.251178  1  1826.24  3353
O16 	14895.1 	0.378536  1  3448.96  1609
O16 	14895.1 	0.230355  1  -1892.33  7190
O16 	14895.1 	0.425726  1  4957.41  36
O16 	14895.1 	0.25682  1  954.529  4293
O16 	14895.1 	0.215313  1  -1508.4  6790
O16 	14895.1 	0.269725  1  1379.08  3736
O16 	14895.1 	0.236302  1  -2139.49  7538
O16 	14895.1 	0.388982  1  -2562.77  8006
O16 	14895.1 	0.255288  1  -4579.95  10177
O16 	14895.1 	0.305009  1  3500.55  1599
O16 	14895.1 	0.559524  1  533.567  4729
O16 	14895.1 	0.374119  1  4556  481
O16 	14895.1 	0.325098  1  -280.894  5679
O16 	14895.1 	0.298054  1  3902.57  1124
O16 	14895.1 	0.232948  1  3155.9  1886
O16 	14895.1 	0.324931  1  313.103  4808
O16 	14895.1 	0.204427  1  -2395.82  7626
O16 	14895.1 	0.205887  1  2100.15  3004
O16 	14895.1 	0.354144  1  1169.47  4040
O16 	14895.1 	0.214616  1  978.304  4168
O16 	14895.1 	0.639299  1  -1133.49  6318
O16 	14895.1 	0.286016  1  1851.26  3313
O16 	14895.1 	0.407577  1  4341.26  690
O16 	14895.1 	0.325433  1  -2243.94  7399
O16 	14895.1 	0.310472  1  -4555.05  9932
O16 	14895.1 	0.240473  1  -1141.31  6469
O16 	14895.1 	0.409553  1  1855.67  3189
O16 	14895.1 	0.213212  1  -4357.29  9752
O16 	14895.1 	0.232993  1  -507.324  5864
O16 	14895.1 	0.675754  1  3353.24  1688
O16 	14895.1 	1.75034  1  -1641  6977
O16 	14895.1 	0.192758  1  462.229  4679
O16 	14895.1 	0.32434  1  -4155.11  9634
O16 	14895.1 	0.39161  1  2857.71  2191
O16 	14895.1 	0.206458  1  -2885.36  8179
O16 	14895.1 	0.195286  1  -3114.21  8612
O16 	14895.1 	0.400211  1  457.709  4713
O16 	14895.1 	0.238434  1  -3849.32  9262
O16 	14895.1 	0.518799  1  4079.51  947
O16 	14895.1 	0.877527  1  -4098.17  9390
O16 	14895.1 	0.462448  1  553.897  4734
O16 	14895.1 	0.659334  1  -2933.67  8489
O16 	14895.1 	0.488161  1  -4958.77  10307
O16 	14895.1 	3.1851  1  1952.2  3204
O16 	14895.1 	0.338148  1  -3879.29  9198
O16 	14895.1 	0.326997  1  -3117.68  8359
O16 	14895.1 	0.271635  1  -3485.02  8757
O16 	14895.1 	0.459486  1  -4495.15  9895
O16 	14895.1 	1.50521  1  -2111.6  7491
O16 	14895.1 	0.195454  1  -445.457  5704
O16 	14895.1 	0.37781  1  1122.08  4069
O16 	14895.1 	0.21946  1  2303.97  2769
O16 	14895.1 	1.34601  1  -1579.09  6887
O16 	14895.1 	0.402971  1  2823.42  2302
O16 	14895.1 	0.609476  1  -4707.01  10152
O16 	14895.1 	0.188924  1  -4306.34  9545
O16 	14895.1 	0.224774  1  697.728  4617
O16 	14895.1 	0.199183  1  1080.49  4126
O16 	14895.1 	1.30407  1  -3249.58  8685
O16 	14895.1 	0.254735  1  -4420.19  9955
O16 	14895.1 	0.873277  1  -3628.58  8974
O16 	14895.1 	1.26769  1  303.535  4853
O16 	14895.1 	0.658784  1  4669.24  351
O16 	14895.1 	0.247188  1  -3790.15  9156
O16 	14895.1 	0.222832  1  3009.55  2096
O16 	14895.1 	0.378719  1  2623.63  2519
O16 	14895.1 	0.353849  1  2.08741  5167
O16 	14895.1 	0.294485  1  3302.69  1888
O16 	14895.1 	0.594943  1  3293.5  1741
O16 	14895.1 	0.450627  1  -1017.12  6403
O16 	14895.1 	1.2128  1  4688.11  320
O16 	14895.1 	0.192587  1  -2576.87  8029
O16 	14895.1 	0.23528  1  -4019.23  9428
O16 	14895.1 	0.223771  1  -4025.78  9439
O16 	14895.1 	0.221139  1  4592.38  433
O16 	14895.1 	0.320183  1  -4434.53  9878
O16 	14895.1 	0.445474  1  -742.633  5932
O16 	14895.1 	0.307982  1  -4072.32  9468
O16 	14895.1 	0.247001  1  -133.082  5379
O16 	14895.1 	0.935807  1  -1529.56  6779
O16 	14895.1 	0.3593  1  2166.7  2953
O16 	14895.1 	0.292576  1  2325.92  2789
O16 	14895.1 	0.228283  1  -3909.39  9268
O16 	14895.1 	0.798918  1  1015.45  4178
O16 	14895.1 	2.37023  1  -1724.79  6980
O16 	14895.1 	2.14817  1  -2674.38  7889
O16 	14895.1 	0.203437  1  -1975.8  7248
O16 	14895.1 	0.204138  1  -2365.85  7723
O16 	14895.1 	0.556438  1  2100.94  3107
O16 	14895.1 	0.366357  1  -4552.54  9994
O16 	14895.1 	0.726029  1  -323.676  5596
O16 	14895.1 	3.06661  1  -4261.01  9695
O16 	14895.1 	0.260109  1  1617.74  3567
O16 	14895.1 	0.203789  1  -4311.14  9649
O16 	14895.1 	0.29864  1  40.1092  5144
O16 	14895.1 	1.74127  1  896.896  4350
O16 	14895.1 	0.261175  1  -3232.14  8629
O16 	14895.1 	0.205807  1  -2868.6  8361
O16 	14895.1 	0.646422  1  -3538.38  8768
O16 	14895.1 	0.242355  1  -3064.92  8537
O16 	14895.1 	0.240625  1  -1833.43  7157
O16 	14895.1 	1.50424  1  -1417.58  6657
O16 	14895.1 	0.247717  1  -739.7  6067
O16 	14895.1 	0.359665  1  3209.04  1865
O16 	14895.1 	0.219833  1  -414.736  5632
O16 	14895.1 	0.328034  1  -2755.71  8072
O16 	14895.1 	0.209853  1  -3880.27  9328
O16 	14895.1 	0.192391  1  -2557.82  7822
O16 	14895.1 	0.617349  1  13.4614  5215
O16 	14895.1 	0.34247  1  -4754.99  10177
O16 	14895.1 	0.331086  1  1674.06  3427
O16 	14895.1 	0.274877  1  -3093.12  8427
O16 	14895.1 	0.533298  1  3404.07  1688
O16 	14895.1 	0.727861  1  -4305.04  9941
O16 	14895.1 	0.480652  1  463.945  4922
O16 	14895.1 	0.298857  1  2248.88  2893
O16 	14895.1 	1.35186  1  3269.23  1831
O16 	14895.1 	0.353248  1  -829.645  6105
O16 	14895.1 	0.426642  1  -3476.36  8848
O16 	14895.1 	0.289436  1  4464.65  612
O16 	14895.1 	0.295101  1  -2451.84  7823
O16 	14895.1 	1.00824  1  3572.81  1562
O16 	14895.1 	0.214457  1  -1734.29  7206
O16 	14895.1 	0.219317  1  2487  2519
O16 	14895.1 	0.220807  1  -25.4306  5145
O16 	14895.1 	1.14288  1  4399.08  638
O16 	14895.1 	0.497247  1  -4547.53  9999
O16 	14895.1 	0.395348  1  -512.151  5763
O16 	14895.1 	0.265764  1  -2812.49  8144
O16 	14895.1 	0.208444  1  -687.543  6084
O16 	14895.1 	0.515  1  -1156.51  6415
O16 	14895.1 	0.321338  1  -4325.24  9935
O16 	14895.1 	0.333896  1  -3057.6  8572
O16 	14895.1 	0.359438  1  -4463.78  9814
O16 	14895.1 	0.296232  1  -406.117  5523
O16 	14895.1 	0.191959  1  4883.84  126
O16 	14895.1 	0.207869  1  -1024.02  6277
O16 	14895.1 	0.663734  1  3156.41  1936
O16 	14895.1 	0.264186  1  -4976.85  10405
O16 	14895.1 	0.239523  1  4314.44  723
O16 	14895.1 	0.951895  1  -2925.15  8217
O16 	14895.1 	0.247989  1  3631.6  1471
O16 	14895.1 	3.35065  1  2835.25  2233
O16 	14895.1 	0.566177  1  597.369  4566
O16 	14895.1 	0.742387  1  -1160.71  6375
O16 	14895.1 	0.346615  1  1966.31  3166
O16 	14895.1 	0.189864  1  -3729.81  9125
O16 	14895.1 	0.342109  1  -4438.5  9908
O16 	14895.1 	0.1909  1  -462.944  5821
O16 	14895.1 	0.542277  1  275.34  4859
O16 	14895.1 	0.220759  1  -649.073  5941
O16 	14895.1 	0.214111  1  2458.92  2552
O16 	14895.1 	0.567967  1  -1165.78  6441
O16 	14895.1 	0.231968  1  -2521.18  8012
O16 	14895.1 	0.333401  1  595.74  4670
O16 	14895.1 	0.280251  1  -2807.11  8089
O16 	14895.1 	0.253092  1  -4455.3  9843
O16 	14895.1 	0.29227  1  -3869.4  9407
O16 	14895.1 	0.241666  1  3535.65  1548
O16 	14895.1 	1.36127  1  727.521  4425
O16 	14895.1 	0.393227  1  -4930.42  10344
O16 	14895.1 	1.45368  1  757.645  4451
O16 	14895.1 	0.797764  1  -99.1775  5232
O16 	14895.1 	0.232883  1  4425.21  624
O16 	14895.1 	0.266963  1  -2430.87  7876
O16 	14895.1 	0.424445  1  2470.04  2629
O16 	14895.1 	0.321587  1  -1837.75  7166
O16 	14895.1 	0.341213  1  53.7184  5127
O16 	14895.1 	0.73321  1  -2161.77  7570
O16 	14895.1 	0.497522  1  402.455  4763
O16 	14895.1 	0.559335  1  -2661.22  7950
O16 	14895.1 	0.268281  1  -2963.5  8296
O16 	14895.1 	0.91089  1  -892.584  6254
O16 	14895.1 	0.530656  1  4121.67  940
O16 	14895.1 	0.391058  1  -3377.21  8713
O16 	14895.1 	0.388397  1  -4716.49  10168
O16 	14895.1 	0.327523  1  4980.66  25
O16 	14895.1 	0.401426  1  1414.18  3722
O16 	14895.1 	0.238918  1  4689.15  329
O16 	14895.1 	0.432795  1  3060.53  1999
O16 	14895.1 	0.684472  1  3123.14  2065
O16 	14895.1 	0.202989  1  -1293.68  6556
O16 	14895.1 	0.372156  1  3391.19  1722
O16 	14895.1 	0.191673  1  -831.164  6179
O16 	14895.1 	0.214491  1  -3893.72  9233
O16 	14895.1 	0.790899  1  518.929  4738
O16 	14895.1 	0.290168  1  -1753.32  7067
O16 	14895.1 	0.492574  1  -2486.22  7977
O16 	14895.1 	0.268436  1  3054.12  2051
O16 	14895.1 	0.3028  1  -2397.69  7749
O16 	14895.1 	0.247839  1  -3230.62  8623
O16 	14895.1 	0.262968  1  1883.96  3250
O16 	14895.1 	0.263888  1  208.236  4975
O16 	14895.1 	0.397614  1  -4531.48  10045
O16 	14895.1 	0.36169  1  1864.16  3315
O16 	14895.1 	0.339245  1  534.972  4727
O16 	14895.1 	0.366536  1  -281.516  5593
O16 	14895.1 	1.00858  1  -933.776  6271
O16 	14895.1 	1.41836  1  -235.101  5490
O16 	14895.1 	0.327644  1  -1104.12  6407
O16 	14895.1 	0.227909  1  -1786.46  6893
O16 	14895.1 	0.25281  1  2398.31  2775
O16 	14895.1 	0.271568  1  -316.026  5554
O16 	14895.1 	1.84592  1  70.7708  5183
O16 	14895.1 	3.6833  1  -4451.51  9835
O16 	14895.1 	0.226267  1  -2059.82  7345
O16 	14895.1 	0.597998  1  919.967  4277
O16 	14895.1 	0.728976  1  1207.63  3945
O16 	14895.1 	0.473405  1  -3347.75  8676
O16 	14895.1 	0.25778  1  -3752.09  9296
O16 	14895.1 	0.359168  1  -2554.14  7976
O16 	14895.1 	0.247867  1  -3430.47  8899
O16 	14895.1 	0.351491  1  1627.43  3550
O16 	14895.1 	0.398679  1  3721.78  1351
O16 	14895.1 	1.08252  1  -2976.21  8380
O16 	14895.1 	0.222024  1  -3528.75  8951
O16 	14895.1 	0.220897  1  -4968.03  10411
O16 	14895.1 	0.355097  1  4245.02  806
O16 	14895.1 	0.221522  1  967.521  4285
O16 	14895.1 	0.239604  1  -385.899  5553
O16 	14895.1 	0.453511  1  621.122  4460
O16 	14895.1 	0.216165  1  -3726.51  9244
O16 	14895.1 	0.331634  1  4830  197
O16 	14895.1 	0.384434  1  -3390.34  8657
O16 	14895.1 	0.414341  1  3858.62  1208
O16 	14895.1 	0.430157  1  -4541.7  9892
O16 	14895.1 	0.211681  1  154.676  5073
O16 	14895.1 	0.321169  1  -2761.82  8182
O16 	14895.1 	0.316144  1  -3698.06  9111
O16 	14895.1 	1.14011  1  -2678.36  8022
O16 	14895.1 	0.243586  1  -146.349  5440
O16 	14895.1 	0.244178  1  892.513  4294
O16 	14895.1 	0.390766  1  3094.63  1987
O16 	14895.1 	0.413473  1  1201.19  3982
O16 	14895.1 	0.204607  1  1222.94  3943
O16 	14895.1 	0.52976  1  -3505.43  8937
O16 	14895.1 	0.197564  1  3985.79  1068
O16 	14895.1 	0.444413  1  4465.08  570
O16 	14895.1 	0.270758  1  -2624.48  7864
O16 	14895.1 	0.248574  1  3202.8  1881
O16 	14895.1 	0.539006  1  -3144.54  8491
O16 	14895.1 	1.37183  1  3210.69  1849
O16 	14895.1 	2.25661  1  4927.28  77
O16 	14895.1 	0.351919  1  -505.435  5767
O16 	14895.1 	0.209398  1  2752.78  2264
O16 	14895.1 	0.421842  1  1383.4  3655
O16 	14895.1 	0.393695  1  -4904.93  10384
O16 	14895.1 	0.211903  1  162.383  5085
O16 	14895.1 	0.247029  1  3877.97  1236
O16 	14895.1 	2.18671  1  -4512.97  9935
O16 	14895.1 	0.250036  1  1397.73  3723
O16 	14895.1 	0.243931  1  13.2081  5184
O16 	14895.1 	0.597294  1  -2190.64  7514
O16 	14895.1 	0.630213  1  -2013.11  7314
O16 	14895.1 	0.906306  1  3992  1092
O16 	14895.1 	0.288105  1  -1128.56  6463
O16 	14895.1 	0.194844  1  3008.7  2015
O16 	14895.1 	0.829608  1  1369.04  3859
O16 	14895.1 	0.310975  1  4182.5  885
O16 	14895.1 	0.206794  1  893.557  4325
O16 	14895.1 	0.667177  1  4818.93  194
O16 	14895.1 	0.353375  1  455.281  4724
O16 	14895.1 	0.361077  1  2274.65  2915
O16 	14895.1 	0.338312  1  -4043.44  9585
O16 	14895.1 	1.54917  1  1889.7  3205
O16 	14895.1 	0.443935  1  -3038.07  8459
O16 	14895.1 	1.16832  1  2894.07  2233
O16 	14895.1 	0.207669  1  3839.53  1235
O16 	14895.1 	0.386943  1  1933  3220
O16 	14895.1 	0.223516  1  672.864  4596
O16 	14895.1 	0.733921  1  -2424.37  7692
O16 	14895.1 	0.336989  1  725.492  4454
O16 	14895.1 	3.33221  1  4812.45  210
O16 	14895.1 	0.24601  1  -625.408  5906
O16 	14895.1 	0.425003  1  633.794  4479
O16 	14895.1 	0.314935  1  1749.8  3363
O16 	14895.1 	0.25534  1  2300.24  2792
O16 	14895.1 	0.194853  1  -37.3291  5357
O16 	14895.1 	3.58856  1  -1539.14  6837
O16 	14895.1 	0.200373  1  -1095.65  6307
O16 	14895.1 	0.370283  1  1585.73  3529
O16 	14895.1 	0.542788  1  -2999.7  8390
O16 	14895.1 	0.232192  1  1868.52  3216
O16 	14895.1 	0.70308  1  -2521.85  7692
O16 	14895.1 	0.189546  1  2405.47  2702
O16 	14895.1 	0.235964  1  -1056.98  6381
O16 	14895.1 	0.378834  1  -2697.92  8100
O16 	14895.1 	0.245338  1  4637.4  365
O16 	14895.1 	0.902647  1  -3955.91  9399
O16 	14895.1 	0.281876  1  -3881.06  9239
O16 	14895.1 	0.196997  1  -1898.71  7238
O16 	14895.1 	0.511743  1  -2447.51  7813
O16 	14895.1 	0.193701  1  -937.277  6314
O16 	14895.1 	0.219548  1  2062.43  2988
O16 	14895.1 	0.520161  1  -3839.79  9369
O16 	14895.1 	0.206886  1  2228.89  2923
O16 	14895.1 	0.266886  1  3186.08  1889
O16 	14895.1 	1.07956  1  102.129  5150
O16 	14895.1 	0.872399  1  1326.16  3899
O16 	14895.1 	0.30318  1  -116.793  5383
O16 	14895.1 	0.294454  1  -1097.79  6522
O16 	14895.1 	0.380646  1  2425.12  2741
O16 	14895.1 	0.33695  1  -1086.6  6537
O16 	14895.1 	0.244362  1  3077.67  2067
O16 	14895.1 	0.451038  1  -299.965  5615
O16 	14895.1 	0.301189  1  1067.15  4124
O16 	14895.1 	0.604279  1  1146.41  4024
O16 	14895.1 	0.230902  1  -3584.26  8963
O16 	14895.1 	0.291507  1  4903.19  112
O16 	14895.1 	0.528228  1  -1899.91  7199
O16 	14895.1 	1.07209  1  -3628.92  9171
O16 	14895.1 	0.283008  1  -198.057  5288
O16 	14895.1 	1.03487  1  -3627.72  8899
O16 	14895.1 	0.633207  1  1346.69  3823
O16 	14895.1 	0.404784  1  -1812.18  7016
O16 	14895.1 	1.31133  1  -1970.91  7255
O16 	14895.1 	0.202001  1  676.729  4443
O16 	14895.1 	0.36751  1  -1892.74  7285
O16 	14895.1 	0.413575  1  -551.519  5743
O16 	14895.1 	0.591423  1  143.902  5154
O16 	14895.1 	0.208453  1  -444.937  5701
O16 	14895.1 	0.234433  1  1265.83  3994
O16 	14895.1 	0.219603  1  3271.41  1801
O16 	14895.1 	0.774713  1  2097.91  3037
O16 	14895.1 	0.363771  1  -216.959  5402
O16 	14895.1 	0.315458  1  -2646.89  7759
O16 	14895.1 	0.236381  1  -3839.09  9323
O16 	14895.1 	0.295708  1  1426.55  3560
O16 	14895.1 	0.302177  1  2023.14  3105
O16 	14895.1 	0.269772  1  1750.84  3384
O16 	14895.1 	0.203562  1  -1656.55  6924
O16 	14895.1 	0.433319  1  2326.46  2704
O16 	14895.1 	0.346624  1  -4912  10565
O16 	14895.1 	0.313173  1  -1740.47  6977
O16 	14895.1 	0.193004  1  -2944.05  8381
O16 	14895.1 	0.267309  1  414.092  4680
O16 	14895.1 	0.276901  1  2789.96  2166
O16 	14895.1 	0.67592  1  -3928.76  9449
O16 	14895.1 	0.397104  1  -696.898  6089
O16 	14895.1 	1.36684  1  4232.97  835
O16 	14895.1 	0.300159  1  -4896.42  10395
O16 	14895.1 	0.413839  1  153.286  5068
O16 	14895.1 	1.59333  1  -36.3735  5424
O16 	14895.1 	0.241753  1  -1715.91  6958
O16 	14895.1 	0.538653  1  858.655  4264
O16 	14895.1 	0.224565  1  3517.04  1548
O16 	14895.1 	0.292028  1  1652.56  3410
O16 	14895.1 	0.243817  1  1786.96  3346
O16 	14895.1 	0.300348  1  -4992.06  10446
O16 	14895.1 	0.46033  1  -4765.05  10220
O16 	14895.1 	0.648464  1  -2696.55  8253
O16 	14895.1 	0.226826  1  2072.54  3045
O16 	14895.1 	0.253732  1  876.797  4417
O16 	14895.1 	0.237297  1  -388.249  5617
O16 	14895.1 	1.31187  1  4127.34  965
O16 	14895.1 	0.727287  1  -855.361  6212
O16 	14895.1 	0.190776  1  1993.59  3122
O16 	14895.1 	0.265294  1  -123.669  5401
O16 	14895.1 	0.328595  1  -260.02  5525
O16 	14895.1 	0.206812  1  -1730.97  7051
O16 	14895.1 	0.268566  1  4631.02  359
O16 	14895.1 	1.76503  1  2031.51  3125
O16 	14895.1 	0.24901  1  4855.54  154
O16 	14895.1 	2.33374  1  1471.4  3721
O16 	14895.1 	0.785273  1  -3824.9  9271
O16 	14895.1 	0.249283  1  4595.32  423
O16 	14895.1 	0.344783  1  549.779  4671
O16 	14895.1 	0.188961  1  2269.41  2822
O16 	14895.1 	0.675348  1  -2473.36  7841
O16 	14895.1 	0.221236  1  -3037.76  8446
O16 	14895.1 	0.218765  1  -4193.28  9618
O16 	14895.1 	0.250103  1  -3508.09  8821
O16 	14895.1 	0.249889  1  4177.28  847
O16 	14895.1 	0.280115  1  2456.07  2629
O16 	14895.1 	0.732748  1  4848.96  173
O16 	14895.1 	1.00626  1  4466.28  510
O16 	14895.1 	0.26598  1  -618.983  5895
O16 	14895.1 	0.237992  1  -576.345  5982
O16 	14895.1 	5.5398  1  -4262.89  9842
O16 	14895.1 	0.495848  1  989.102  4231
O16 	14895.1 	0.395872  1  4888.83  107
O16 	14895.1 	0.346729  1  3715.6  1325
O16 	14895.1 	0.207903  1  3886.47  1166
O16 	14895.1 	0.261158  1  181.884  5055
O16 	14895.1 	0.273533  1  -3723.6  9146
O16 	14895.1 	0.421307  1  -4296.42  9769
O16 	14895.1 	0.950794  1  -4429.82  9759
O16 	14895.1 	0.391743  1  -2380.05  7788
O16 	14895.1 	0.222943  1  389.925  4839
O16 	14895.1 	0.380083  1  -2284  7631
O16 	14895.1 	0.205068  1  -29.8131  5292
O16 	14895.1 	0.192576  1  531.031  4573
O16 	14895.1 	0.362169  1  -3052.09  8420
O16 	14895.1 	0.247121  1  3893.39  1192
O16 	14895.1 	2.92969  1  1519.21  3648
O16 	14895.1 	0.257282  1  -4319.91  9667
O16 	14895.1 	0.248412  1  1086.33  4041
O16 	14895.1 	0.230314  1  -2163.07  7477
O16 	14895.1 	0.236765  1  1.31954  5226
