O16 	14895.1 	0.209528  1  -351.736  5453
O16 	14895.1 	0.336782  1  1965.62  3170
O16 	14895.1 	0.91247  1  2749.34  2386
O16 	14895.1 	0.265082  1  -2844.91  8261
O16 	14895.1 	0.354607  1  -239.4  5404
O16 	14895.1 	0.596143  1  -2209.59  7490
O16 	14895.1 	0.330326  1  1007.27  4243
O16 	14895.1 	0.218959  1  1999.97  3156
O16 	14895.1 	0.61101  1  1695.73  3491
O16 	14895.1 	0.242277  1  -4711.78  10130
O16 	14895.1 	0.225719  1  799.002  4335
O16 	14895.1 	0.271339  1  -3270.98  8752
O16 	14895.1 	0.589298  1  -4323.97  9824
O16 	14895.1 	0.273165  1  -3875.73  9293
O16 	14895.1 	0.827692  1  -4118.59  9482
O16 	14895.1 	0.200585  1  -3483.59  8980
O16 	14895.1 	0.212836  1  -1149.57  6409
O16 	14895.1 	0.556316  1  -1314.61  6595
O16 	14895.1 	0.207842  1  -4794.51  10238
O16 	14895.1 	0.218134  1  4470.77  559
O16 	14895.1 	0.225241  1  -2453.39  7970
O16 	14895.1 	0.254178  1  281.134  5082
O16 	14895.1 	0.35072  1  3834.89  1210
O16 	14895.1 	0.222947  1  -2545.43  7905
O16 	14895.1 	0.370645  1  3786.8  1248
O16 	14895.1 	0.227539  1  1338.57  3717
O16 	14895.1 	2.05852  1  2755.38  2317
O16 	14895.1 	0.454317  1  -96.5839  5251
O16 	14895.1 	0.203934  1  -4063.67  9628
O16 	14895.1 	0.363166  1  -2667.57  7946
O16 	14895.1 	0.207756  1  176.868  5028
O16 	14895.1 	0.191686  1  -4867.9  10363
O16 	14895.1 	0.240139  1  -212.462  5585
O16 	14895.1 	0.271435  1  -4868.87  10490
O16 	14895.1 	0.196449  1  3178.03  1844
O16 	14895.1 	0.74049  1  -1715.89  7039
O16 	14895.1 	0.351886  1  -2084.56  7437
O16 	14895.1 	0.37993  1  837.813  4265
O16 	14895.1 	0.397477  1  -1698.99  7170
O16 	14895.1 	0.234281  1  -39.1781  5284
O16 	14895.1 	0.20945  1  -1464.96  6824
O16 	14895.1 	0.505858  1  -1011.29  6340
O16 	14895.1 	1.36075  1  4982.91  21
O16 	14895.1 	0.285343  1  -294.696  5545
O16 	14895.1 	0.307295  1  2043.67  3055
O16 	14895.1 	4.3664  1  3110.93  1997
O16 	14895.1 	0.326636  1  3728.44  1304
O16 	14895.1 	0.437036  1  4375.18  645
O16 	14895.1 	0.190456  1  3091.9  1981
O16 	14895.1 	0.264221  1  4786.37  217
O16 	14895.1 	0.397012  1  -2899.41  8255
O16 	14895.1 	0.900801  1  1198.17  3976
O16 	14895.1 	0.239826  1  3709.62  1321
O16 	14895.1 	0.217977  1  4575.1  459
O16 	14895.1 	0.245637  1  -122.405  5278
O16 	14895.1 	0.188721  1  -4417.15  9832
O16 	14895.1 	0.220675  1  -1678.24  7028
O16 	14895.1 	0.222951  1  2540.2  2644
O16 	14895.1 	0.329805  1  50.0581  5361
O16 	14895.1 	0.290071  1  -2461.99  7784
O16 	14895.1 	0.272714  1  -1452.6  6714
O16 	14895.1 	0.34348  1  -2138.29  7425
O16 	14895.1 	0.244715  1  -3299.77  8646
O16 	14895.1 	0.200075  1  3027.54  2080
O16 	14895.1 	0.212827  1  -2709.05  8017
O16 	14895.1 	0.512292  1  -3384.26  8717
O16 	14895.1 	0.188424  1  -1112.69  6329
O16 	14895.1 	0.214799  1  2992.04  2149
O16 	14895.1 	0.845805  1  4044.9  946
O16 	14895.1 	0.70995  1  4229.72  844
O16 	14895.1 	0.322623  1  2654.06  2479
O16 	14895.1 	0.280842  1  -1439.65  6804
O16 	14895.1 	0.857163  1  -2550.77  8062
O16 	14895.1 	0.189852  1  -1702.2  7031
O16 	14895.1 	0.220437  1  1346.96  3760
O16 	14895.1 	0.42483  1  3167.74  1959
O16 	14895.1 	0.35101  1  116.319  5142
O16 	14895.1 	0.201924  1  1667.07  3508
O16 	14895.1 	0.788844  1  1708.4  3420
O16 	14895.1 	0.430974  1  59.5411  5170
O16 	14895.1 	0.350961  1  -3768.84  9079
O16 	14895.1 	0.190605  1  4538.15  478
O16 	14895.1 	0.309589  1  4694.11  326
O16 	14895.1 	0.277244  1  2424.94  2643
O16 	14895.1 	0.207607  1  19.5522  5112
O16 	14895.1 	0.735921  1  106.421  5016
O16 	14895.1 	0.493581  1  -3168.59  8556
O16 	14895.1 	0.257503  1  -3065.3  8393
O16 	14895.1 	0.459878  1  -235.014  5477
O16 	14895.1 	0.218079  1  -4722.69  10049
O16 	14895.1 	0.193361  1  4065.52  953
O16 	14895.1 	0.247605  1  -183.303  5342
O16 	14895.1 	0.580501  1  1753.23  3388
O16 	14895.1 	0.197378  1  1545.95  3587
O16 	14895.1 	0.296426  1  -3525.13  8697
O16 	14895.1 	0.194077  1  -887.271  6193
O16 	14895.1 	0.248973  1  -2804.49  8256
O16 	14895.1 	0.252388  1  -1516.88  6719
O16 	14895.1 	0.191073  1  -1315.81  6665
O16 	14895.1 	0.389603  1  4589.17  461
O16 	14895.1 	0.296993  1  -182.312  5499
O16 	14895.1 	0.773208  1  4484.9  537
O16 	14895.1 	0.20018  1  3757.77  1286
O16 	14895.1 	0.233837  1  93.9555  5106
O16 	14895.1 	0.936365  1  -2247.42  7458
O16 	14895.1 	0.538402  1  -4365.89  9878
O16 	14895.1 	0.260271  1  4267.16  763
O16 	14895.1 	0.244052  1  -468.046  5671
O16 	14895.1 	0.392202  1  3694.45  1337
O16 	14895.1 	0.439884  1  -1875.29  7179
O16 	14895.1 	0.323809  1  -3080.05  8520
O16 	14895.1 	0.208894  1  -2897.66  8215
O16 	14895.1 	0.293704  1  2860.45  2235
O16 	14895.1 	0.419464  1  4872.18  147
O16 	14895.1 	0.236817  1  208.139  5004
O16 	14895.1 	0.196068  1  1531.1  3644
O16 	14895.1 	0.974548  1  -328.725  5550
O16 	14895.1 	0.448086  1  -963.069  6315
O16 	14895.1 	0.22935  1  849.782  4358
O16 	14895.1 	0.192425  1  -4045.92  9393
O16 	14895.1 	0.210422  1  -4073.79  9412
O16 	14895.1 	0.538634  1  -880.867  6192
O16 	14895.1 	0.474066  1  2350.62  2764
O16 	14895.1 	0.276962  1  -4363.46  9783
O16 	14895.1 	0.636762  1  -248.123  5514
O16 	14895.1 	0.210181  1  -2399.02  7697
O16 	14895.1 	0.722077  1  -3174.41  8603
O16 	14895.1 	0.401283  1  4552.62  472
O16 	14895.1 	0.444997  1  -78.0372  5342
O16 	14895.1 	0.359874  1  -2419.86  7888
O16 	14895.1 	0.384481  1  -103.633  5404
O16 	14895.1 	0.366645  1  -1558.59  6851
O16 	14895.1 	0.408317  1  2170.56  3049
O16 	14895.1 	1.04041  1  -3788.52  9192
O16 	14895.1 	0.234156  1  -3917.62  9379
O16 	14895.1 	0.815023  1  805.136  4361
O16 	14895.1 	0.20322  1  -1421.06  6636
O16 	14895.1 	0.42122  1  3279.3  1818
O16 	14895.1 	0.395479  1  -4971.81  10422
O16 	14895.1 	0.246387  1  -277.625  5525
O16 	14895.1 	0.872194  1  -4695.6  10112
O16 	14895.1 	0.447559  1  -4159.94  9593
O16 	14895.1 	0.252599  1  -3637.18  9009
O16 	14895.1 	0.392106  1  121.376  5174
O16 	14895.1 	0.443342  1  -2134.71  7404
O16 	14895.1 	0.464341  1  -2262.7  7584
O16 	14895.1 	0.689502  1  4762.08  265
O16 	14895.1 	0.228442  1  2483.64  2620
O16 	14895.1 	0.22079  1  1511.22  3641
O16 	14895.1 	0.190757  1  -3788.41  9305
O16 	14895.1 	0.334016  1  -2492.36  7944
O16 	14895.1 	2.13838  1  -3287.3  8601
O16 	14895.1 	0.307598  1  3769.71  1342
O16 	14895.1 	0.50968  1  165.703  5035
O16 	14895.1 	0.298026  1  2882.98  2231
O16 	14895.1 	0.195034  1  2330.48  2744
O16 	14895.1 	0.446322  1  -3095.53  8392
O16 	14895.1 	0.292503  1  2576.18  2564
O16 	14895.1 	0.287589  1  -3579.86  8869
O16 	14895.1 	0.385122  1  97.2967  5062
O16 	14895.1 	1.32378  1  -4754.36  10125
O16 	14895.1 	0.209731  1  1043.14  4156
O16 	14895.1 	0.447408  1  -3461.79  8749
O16 	14895.1 	0.285496  1  -3961.49  9430
O16 	14895.1 	0.252918  1  -4983.1  10283
O16 	14895.1 	0.42928  1  1961.47  3209
O16 	14895.1 	0.210284  1  3943.55  1100
O16 	14895.1 	0.216887  1  593.374  4585
O16 	14895.1 	0.322721  1  -902.756  6173
O16 	14895.1 	0.214005  1  -4700.34  10311
O16 	14895.1 	0.445588  1  -1832.26  7159
O16 	14895.1 	0.363149  1  4187.39  817
O16 	14895.1 	0.249982  1  -126.794  5399
O16 	14895.1 	0.28126  1  3220.93  1876
O16 	14895.1 	0.226437  1  -4411.77  9792
O16 	14895.1 	0.583249  1  -2690.75  8097
O16 	14895.1 	0.355183  1  -3158.67  8654
O16 	14895.1 	0.384945  1  2806.53  2250
O16 	14895.1 	0.406174  1  145.753  5152
O16 	14895.1 	0.400266  1  -600.288  5904
O16 	14895.1 	0.489546  1  -993.21  6268
O16 	14895.1 	0.401968  1  3319.11  1793
O16 	14895.1 	0.190593  1  -826.486  6079
O16 	14895.1 	0.221022  1  4892.11  145
O16 	14895.1 	0.219685  1  -1889.89  7145
O16 	14895.1 	0.213618  1  -463.073  5793
O16 	14895.1 	0.326876  1  2833.38  2352
O16 	14895.1 	0.464967  1  -3860.29  9175
O16 	14895.1 	0.264601  1  -4955.55  10264
O16 	14895.1 	2.89018  1  227.978  4910
O16 	14895.1 	0.387605  1  -4005.33  9382
O16 	14895.1 	0.776307  1  -923.002  6129
O16 	14895.1 	0.215292  1  4661.68  346
O16 	14895.1 	0.256399  1  1816.95  3202
O16 	14895.1 	0.388096  1  -1797.75  6874
O16 	14895.1 	0.211881  1  -4358.46  9949
O16 	14895.1 	0.630661  1  -153.994  5338
O16 	14895.1 	1.13021  1  4586.56  433
O16 	14895.1 	0.194134  1  2874.81  2233
O16 	14895.1 	0.226468  1  2155.32  2971
O16 	14895.1 	0.238992  1  -1534.65  6974
O16 	14895.1 	0.230413  1  -507.351  5861
O16 	14895.1 	0.209742  1  4410.25  610
O16 	14895.1 	0.596177  1  3786.99  1219
O16 	14895.1 	0.236887  1  -3379.89  8808
O16 	14895.1 	0.191009  1  -3042.91  8404
O16 	14895.1 	0.406303  1  1024.4  4080
O16 	14895.1 	1.20442  1  -1056.85  6366
O16 	14895.1 	0.477008  1  1549.29  3705
O16 	14895.1 	0.206915  1  3667.16  1376
O16 	14895.1 	0.243421  1  3742.09  1318
O16 	14895.1 	0.237014  1  -166.476  5396
O16 	14895.1 	0.304786  1  4948.4  55
O16 	14895.1 	0.211918  1  3405.32  1655
O16 	14895.1 	0.684307  1  4469.11  539
O16 	14895.1 	0.274816  1  293.846  4926
O16 	14895.1 	0.2476  1  -85.6708  5246
O16 	14895.1 	0.285284  1  -3172.97  8532
O16 	14895.1 	0.782879  1  -3625.49  9087
O16 	14895.1 	0.273387  1  -4549  9965
O16 	14895.1 	0.362543  1  556.407  4555
O16 	14895.1 	0.366963  1  4132.65  876
O16 	14895.1 	0.195016  1  -2490.32  7773
O16 	14895.1 	0.453433  1  -118.832  5478
O16 	14895.1 	0.336662  1  4985.81  12
O16 	14895.1 	0.347278  1  919.681  4269
O16 	14895.1 	0.430308  1  2488.67  2657
O16 	14895.1 	0.555503  1  -2904.96  8152
O16 	14895.1 	0.217981  1  4783.58  230
O16 	14895.1 	2.7148  1  -3196.21  8634
O16 	14895.1 	0.191609  1  451.457  4690
O16 	14895.1 	0.49126  1  1153.24  3866
O16 	14895.1 	2.84826  1  -976.969  6151
O16 	14895.1 	0.591195  1  -49.5492  5110
O16 	14895.1 	0.921535  1  -2312.48  7603
O16 	14895.1 	0.277149  1  279.648  4827
O16 	14895.1 	0.246159  1  -782.415  6024
O16 	14895.1 	0.301942  1  4062.41  973
O16 	14895.1 	0.192763  1  2684.67  2390
O16 	14895.1 	0.433978  1  -1050.85  6418
O16 	14895.1 	0.781805  1  1243.26  4014
O16 	14895.1 	0.400842  1  -3559.4  8944
O16 	14895.1 	0.369143  1  2828.83  2218
O16 	14895.1 	0.265416  1  4839.87  183
O16 	14895.1 	0.24669  1  3102.43  1957
O16 	14895.1 	0.240145  1  -3672.31  9057
O16 	14895.1 	0.687244  1  -98.3267  5407
O16 	14895.1 	0.222632  1  4906.65  103
O16 	14895.1 	0.504134  1  -3344.48  8797
O16 	14895.1 	0.70649  1  4476.35  578
O16 	14895.1 	1.24458  1  584.825  4593
O16 	14895.1 	0.26819  1  -2521.78  7770
O16 	14895.1 	0.707216  1  902.198  4270
O16 	14895.1 	0.924799  1  573.904  4744
O16 	14895.1 	0.191244  1  -1817.63  7099
O16 	14895.1 	0.300655  1  3695.97  1388
O16 	14895.1 	0.312805  1  -2657.48  7993
O16 	14895.1 	0.598881  1  402.672  4844
O16 	14895.1 	0.224868  1  1132.45  3987
O16 	14895.1 	0.316309  1  -3438.77  8687
O16 	14895.1 	0.530125  1  -2481.7  7843
O16 	14895.1 	0.535074  1  3837.69  1230
O16 	14895.1 	0.270834  1  -682.729  5968
O16 	14895.1 	0.462295  1  -3122.95  8526
O16 	14895.1 	0.194028  1  1103.48  4160
O16 	14895.1 	0.226076  1  -793.421  6125
O16 	14895.1 	0.303016  1  3656.57  1409
O16 	14895.1 	0.26754  1  3526.91  1547
O16 	14895.1 	0.452891  1  4309.36  737
O16 	14895.1 	0.595531  1  4345.28  734
O16 	14895.1 	0.949037  1  -3450.58  8930
O16 	14895.1 	0.385465  1  -1447.93  6745
O16 	14895.1 	0.290336  1  3714.07  1323
O16 	14895.1 	0.245895  1  4912.12  96
O16 	14895.1 	0.410483  1  -1783.44  7023
O16 	14895.1 	0.41866  1  -298.798  5572
O16 	14895.1 	0.439844  1  4570.48  486
O16 	14895.1 	1.28896  1  3010.68  2044
O16 	14895.1 	0.324429  1  676.866  4475
O16 	14895.1 	0.329154  1  560.724  4683
O16 	14895.1 	0.219982  1  -892.212  6256
O16 	14895.1 	0.568115  1  -3131.64  8492
O16 	14895.1 	0.233227  1  1989.62  3118
O16 	14895.1 	0.242135  1  -1271.75  6630
O16 	14895.1 	0.458443  1  1980.61  3242
O16 	14895.1 	0.268237  1  1508.74  3689
O16 	14895.1 	1.27526  1  549.536  4708
O16 	14895.1 	0.206711  1  1277.7  3812
O16 	14895.1 	0.209483  1  198.726  4990
O16 	14895.1 	0.19323  1  4780.75  225
O16 	14895.1 	0.561848  1  -463.365  5696
O16 	14895.1 	0.506318  1  -3236.29  8684
O16 	14895.1 	0.33871  1  -3809.59  9185
O16 	14895.1 	0.214815  1  -2705.63  8039
O16 	14895.1 	0.191153  1  1066.76  4168
O16 	14895.1 	0.514016  1  4406.92  654
O16 	14895.1 	0.214253  1  2081.07  3119
O16 	14895.1 	0.581121  1  1508.31  3655
O16 	14895.1 	0.347021  1  -4587.42  9978
O16 	14895.1 	0.246582  1  4382.9  646
O16 	14895.1 	0.243638  1  2753.94  2287
O16 	14895.1 	0.264563  1  4903.52  101
O16 	14895.1 	1.24812  1  1591.61  3648
O16 	14895.1 	0.419226  1  240.086  4986
O16 	14895.1 	0.257351  1  -315.367  5641
O16 	14895.1 	0.292765  1  -2985.01  8272
O16 	14895.1 	0.271275  1  -513.075  5636
O16 	14895.1 	0.387199  1  1639.2  3563
O16 	14895.1 	0.203874  1  -2801.62  8148
O16 	14895.1 	0.210436  1  -4504.57  9993
O16 	14895.1 	0.620511  1  -2486.46  7806
O16 	14895.1 	0.702738  1  707.912  4417
O16 	14895.1 	0.346719  1  2120.94  2990
O16 	14895.1 	0.234486  1  2099.58  3020
O16 	14895.1 	0.218723  1  255.168  4995
O16 	14895.1 	0.417987  1  518.912  4691
O16 	14895.1 	0.390898  1  -2450.06  7793
O16 	14895.1 	2.55577  1  -2550.28  7966
O16 	14895.1 	1.23391  1  -1634.02  6881
O16 	14895.1 	0.34772  1  1234.47  4033
O16 	14895.1 	0.203872  1  -3565.39  9028
O16 	14895.1 	0.21355  1  2763.24  2319
O16 	14895.1 	0.338682  1  -441.592  5569
O16 	14895.1 	0.303464  1  -903.349  6251
O16 	14895.1 	0.226777  1  2733.7  2387
O16 	14895.1 	1.19718  1  3495.64  1563
O16 	14895.1 	0.261881  1  3026.82  2010
O16 	14895.1 	0.293608  1  2667.89  2462
O16 	14895.1 	0.261526  1  -3621.83  9011
O16 	14895.1 	0.190941  1  722.567  4494
O16 	14895.1 	0.324499  1  -4571.76  9834
O16 	14895.1 	0.335465  1  -1719.25  6963
O16 	14895.1 	0.209995  1  2905.45  2154
O16 	14895.1 	0.454128  1  4283.14  763
O16 	14895.1 	0.216955  1  3659.86  1383
O16 	14895.1 	0.353698  1  -3243.59  8729
O16 	14895.1 	0.261878  1  -723.615  6022
O16 	14895.1 	0.206008  1  -1559.09  6865
O16 	14895.1 	0.323467  1  -913.099  6104
O16 	14895.1 	0.22296  1  -361.868  5536
O16 	14895.1 	0.736325  1  1590.41  3596
O16 	14895.1 	0.228949  1  -2345.22  7706
O16 	14895.1 	0.28678  1  2512.64  2551
O16 	14895.1 	0.193515  1  3030.82  2035
O16 	14895.1 	0.396385  1  -2864.16  8228
O16 	14895.1 	0.322888  1  -4773.53  10041
O16 	14895.1 	0.236247  1  -1939.19  7207
O16 	14895.1 	0.28242  1  390.974  4779
O16 	14895.1 	0.213939  1  567.27  4661
O16 	14895.1 	0.247911  1  -2713.32  8067
O16 	14895.1 	0.261813  1  -3501.9  8958
O16 	14895.1 	4.30304  1  -4545.85  10032
O16 	14895.1 	1.21285  1  -3564.85  8931
O16 	14895.1 	0.571581  1  4276.85  759
O16 	14895.1 	0.201542  1  -3378.93  8877
O16 	14895.1 	0.254056  1  4740.3  288
O16 	14895.1 	0.602779  1  -3068.84  8481
O16 	14895.1 	0.209863  1  -3545.95  8970
O16 	14895.1 	0.481702  1  2250.15  2934
O16 	14895.1 	0.228931  1  -1914.61  7315
O16 	14895.1 	0.222141  1  3709.49  1393
O16 	14895.1 	0.759403  1  -4329.49  9768
O16 	14895.1 	0.381033  1  -2412.49  7571
O16 	14895.1 	0.444287  1  4214.3  830
O16 	14895.1 	0.314923  1  856.531  4204
O16 	14895.1 	0.221373  1  -107.224  5405
O16 	14895.1 	0.658433  1  4233.29  839
O16 	14895.1 	0.65638  1  -2308.85  7659
O16 	14895.1 	0.345593  1  1836.77  3306
O16 	14895.1 	0.415078  1  -1663.6  6864
O16 	14895.1 	0.20578  1  480.158  4758
O16 	14895.1 	0.252677  1  2776.5  2362
O16 	14895.1 	0.374102  1  302.667  4898
O16 	14895.1 	0.30438  1  496.782  4560
O16 	14895.1 	0.376554  1  4065.94  990
O16 	14895.1 	0.564813  1  4461.5  567
O16 	14895.1 	0.194138  1  -2804.13  8260
O16 	14895.1 	0.332354  1  -337.287  5627
O16 	14895.1 	0.24021  1  -1233.18  6579
O16 	14895.1 	0.195146  1  4219.94  761
O16 	14895.1 	0.621923  1  -210.173  5492
O16 	14895.1 	0.263345  1  1747.83  3335
O16 	14895.1 	0.915635  1  1658.64  3487
O16 	14895.1 	0.711658  1  -4459.31  10068
O16 	14895.1 	0.380011  1  -592.301  5890
O16 	14895.1 	0.681208  1  3475.89  1593
O16 	14895.1 	0.3568  1  4343.69  659
O16 	14895.1 	0.54676  1  -3128.82  8664
O16 	14895.1 	0.26814  1  -2130.92  7489
O16 	14895.1 	0.232328  1  1897.83  3323
O16 	14895.1 	0.442164  1  -683.566  5969
O16 	14895.1 	0.200671  1  -159.55  5504
O16 	14895.1 	0.841365  1  2314.29  2874
O16 	14895.1 	0.251886  1  -4213.73  9487
O16 	14895.1 	0.327153  1  -3690.68  9018
O16 	14895.1 	0.767369  1  3172.5  1955
O16 	14895.1 	0.586703  1  -4003.4  9629
O16 	14895.1 	0.75126  1  4668.34  342
O16 	14895.1 	0.340344  1  3471.83  1582
O16 	14895.1 	0.322499  1  -3847.68  9221
O16 	14895.1 	0.519117  1  3140.57  2018
O16 	14895.1 	0.229288  1  -607.23  5898
O16 	14895.1 	0.624933  1  -816.981  6111
O16 	14895.1 	3.74669  1  897.149  4311
O16 	14895.1 	0.214177  1  812.863  4272
O16 	14895.1 	0.436622  1  -724.086  5850
O16 	14895.1 	0.190861  1  -1051.39  6264
O16 	14895.1 	0.252472  1  -1129.35  6397
O16 	14895.1 	0.287047  1  -4681.02  10147
O16 	14895.1 	0.245559  1  -285.698  5365
O16 	14895.1 	0.527616  1  753.278  4391
O16 	14895.1 	0.203334  1  4876.75  126
O16 	14895.1 	0.300759  1  2968.35  2176
O16 	14895.1 	0.192051  1  -2092.19  7289
O16 	14895.1 	0.397589  1  -1004.27  6256
O16 	14895.1 	0.250149  1  963.593  4201
O16 	14895.1 	0.242822  1  4780.93  216
O16 	14895.1 	0.312275  1  2448.95  2613
O16 	14895.1 	0.343062  1  -4183.36  9498
O16 	14895.1 	3.17617  1  3328.93  1782
O16 	14895.1 	0.21855  1  -223.11  5547
O16 	14895.1 	0.19567  1  513.058  4652
O16 	14895.1 	0.455817  1  -3855.07  9324
O16 	14895.1 	0.636163  1  2499.62  2658
O16 	14895.1 	0.256235  1  4420.44  613
O16 	14895.1 	0.553084  1  4657.02  322
O16 	14895.1 	1.0632  1  3066.44  2154
O16 	14895.1 	0.649633  1  3384.17  1646
O16 	14895.1 	0.254375  1  4900.4  104
O16 	14895.1 	0.248493  1  1530.46  3668
O16 	14895.1 	0.192822  1  31.0038  5154
O16 	14895.1 	0.194045  1  -2682.64  8084
O16 	14895.1 	0.300563  1  173.283  5039
O16 	14895.1 	0.208612  1  -2623.34  8021
O16 	14895.1 	2.27842  1  -2032.96  7294
O16 	14895.1 	0.469041  1  4807.17  190
O16 	14895.1 	0.325757  1  -1677.74  6908
O16 	14895.1 	0.202042  1  -1063.69  6363
O16 	14895.1 	0.60447  1  -3237.48  8723
O16 	14895.1 	0.201525  1  -477.453  5639
O16 	14895.1 	1.13414  1  3878.71  1197
O16 	14895.1 	0.294986  1  694.506  4478
O16 	14895.1 	4.65879  1  -3300.2  8629
O16 	14895.1 	0.19858  1  -1627.71  6787
O16 	14895.1 	0.207131  1  3993.35  1065
O16 	14895.1 	0.258255  1  -212.886  5506
O16 	14895.1 	0.359782  1  -3432.54  9045
O16 	14895.1 	0.293336  1  -1665.61  7084
O16 	14895.1 	0.24096  1  3241.31  1826
O16 	14895.1 	0.535587  1  -1239.42  6360
O16 	14895.1 	0.244911  1  224.265  5090
O16 	14895.1 	0.596961  1  2261.78  3004
O16 	14895.1 	0.350753  1  -2788.38  8125
O16 	14895.1 	0.672319  1  -1113.61  6324
O16 	14895.1 	0.205769  1  -3830.99  9359
O16 	14895.1 	0.352575  1  -1105.86  6411
O16 	14895.1 	0.397036  1  4214.02  807
O16 	14895.1 	0.360401  1  952.663  4171
O16 	14895.1 	0.212978  1  2891.55  2173
O16 	14895.1 	0.278044  1  84.1569  5144
O16 	14895.1 	0.273361  1  -4040.94  9425
O16 	14895.1 	0.233741  1  68.877  5181
O16 	14895.1 	0.226265  1  -1277.08  6520
O16 	14895.1 	0.278894  1  -1910.93  7309
O16 	14895.1 	0.572385  1  3272.8  1795
O16 	14895.1 	0.273441  1  -134.211  5346
O16 	14895.1 	0.196323  1  2890.68  2160
O16 	14895.1 	0.201807  1  -1600.36  6877
O16 	14895.1 	0.279804  1  3332.75  1777
O16 	14895.1 	0.304389  1  615.844  4528
O16 	14895.1 	0.547386  1  4675.43  322
O16 	14895.1 	0.201961  1  -1726.94  6934
O16 	14895.1 	0.244089  1  325.974  4872
O16 	14895.1 	0.223775  1  -566.399  5823
O16 	14895.1 	0.279919  1  -4663.53  10039
O16 	14895.1 	0.277507  1  -2878.47  8238
O16 	14895.1 	0.192148  1  -4172.24  9759
O16 	14895.1 	1.19294  1  -2609.22  8038
O16 	14895.1 	0.211741  1  1656.35  3606
O16 	14895.1 	0.314406  1  -4015.66  9309
O16 	14895.1 	0.270812  1  -3503.62  8965
O16 	14895.1 	0.431703  1  2451.28  2670
O16 	14895.1 	0.243045  1  1229.16  3976
O16 	14895.1 	0.287535  1  1288.44  3792
O16 	14895.1 	0.303692  1  -532.501  5729
O16 	14895.1 	0.255022  1  -1825.65  7133
O16 	14895.1 	0.222336  1  1505.3  3630
O16 	14895.1 	0.635672  1  388.5  4862
O16 	14895.1 	1.34655  1  -3678.62  9035
O16 	14895.1 	0.211179  1  3990.06  1027
O16 	14895.1 	0.495256  1  4613.16  414
O16 	14895.1 	1.30678  1  -257.466  5541
O16 	14895.1 	0.260639  1  2285.71  2876
O16 	14895.1 	0.358595  1  3122.34  1955
O16 	14895.1 	0.269831  1  -4580.33  9754
O16 	14895.1 	0.367564  1  -571.826  5888
O16 	14895.1 	0.233398  1  -3623.66  9017
O16 	14895.1 	0.215698  1  -2690.41  8016
O16 	14895.1 	0.195895  1  1338.08  3808
O16 	14895.1 	0.320128  1  3717.53  1328
O16 	14895.1 	0.210831  1  3215.69  1882
O16 	14895.1 	0.216652  1  2799.01  2288
O16 	14895.1 	0.22132  1  4151.11  875
O16 	14895.1 	0.340503  1  1409.06  3639
O16 	14895.1 	0.215922  1  2862.73  2154
O16 	14895.1 	0.217634  1  -3620.83  9080
O16 	14895.1 	0.658515  1  -4158.31  9495
O16 	14895.1 	0.504443  1  3838.25  1154
O16 	14895.1 	0.205881  1  -2261.81  7682
O16 	14895.1 	0.194557  1  -4783.46  10155
O16 	14895.1 	0.251141  1  -198.229  5275
O16 	14895.1 	0.289509  1  4866.72  138
O16 	14895.1 	0.325892  1  -437.918  5607
O16 	14895.1 	0.326052  1  3542.87  1589
O16 	14895.1 	2.81238  1  484.041  4613
O16 	14895.1 	0.191697  1  -246.379  5382
O16 	14895.1 	0.532056  1  4132.03  882
O16 	14895.1 	0.35133  1  4579.81  441
O16 	14895.1 	0.232509  1  366.389  4838
O16 	14895.1 	0.191561  1  -3340.18  8685
O16 	14895.1 	0.199744  1  2894.79  2211
O16 	14895.1 	0.226908  1  3360.94  1719
O16 	14895.1 	0.239567  1  -1780.57  7191
O16 	14895.1 	0.437077  1  3651.05  1443
O16 	14895.1 	0.276866  1  -2700.5  8204
O16 	14895.1 	0.720961  1  -1014.44  6291
O16 	14895.1 	0.579117  1  -316.123  5446
O16 	14895.1 	0.341171  1  4548.66  496
O16 	14895.1 	0.190114  1  -1869.14  7286
O16 	14895.1 	0.272329  1  -2206.6  7646
O16 	14895.1 	0.235985  1  -1957.72  7366
O16 	14895.1 	0.310224  1  2882.5  2262
O16 	14895.1 	0.368153  1  -3053.89  8460
O16 	14895.1 	0.312724  1  -3880.19  9339
O16 	14895.1 	0.863494  1  -20.5049  5195
O16 	14895.1 	0.494203  1  4692.89  344
O16 	14895.1 	1.1925  1  341.755  4887
O16 	14895.1 	0.222189  1  2638.92  2402
O16 	14895.1 	0.629974  1  3276.31  1836
O16 	14895.1 	0.205029  1  2298.88  2843
O16 	14895.1 	1.68052  1  -2987.52  8307
O16 	14895.1 	0.250047  1  3640.13  1398
O16 	14895.1 	0.343102  1  4696.53  329
O16 	14895.1 	0.420624  1  -2963.83  8357
O16 	14895.1 	0.259637  1  1944.21  3264
O16 	14895.1 	0.334662  1  -1406.64  6667
O16 	14895.1 	0.379821  1  -1635.18  6997
O16 	14895.1 	0.266471  1  -2942.04  8352
O16 	14895.1 	0.634517  1  -3789.71  9288
O16 	14895.1 	0.492454  1  1818.63  3304
O16 	14895.1 	0.279297  1  729.018  4428
O16 	14895.1 	0.208251  1  -4716.39  10002
O16 	14895.1 	0.267598  1  4902.08  106
O16 	14895.1 	1.42475  1  -3853.42  9444
O16 	14895.1 	0.376343  1  4674.49  337
O16 	14895.1 	0.841128  1  4901.44  107
O16 	14895.1 	6.22582  1  1274.9  3906
O16 	14895.1 	0.283166  1  -1364.6  6634
O16 	14895.1 	0.281979  1  3963.28  1084
O16 	14895.1 	0.342791  1  1437.53  3885
O16 	14895.1 	0.191425  1  -1753.64  7014
O16 	14895.1 	0.230749  1  1497.01  3653
O16 	14895.1 	0.256263  1  -1242.87  6477
O16 	14895.1 	0.233173  1  -4262.61  9616
O16 	14895.1 	0.316993  1  2941.22  2113
O16 	14895.1 	0.769337  1  179.56  5088
O16 	14895.1 	0.300277  1  -913.401  6165
O16 	14895.1 	0.258479  1  3622.31  1501
O16 	14895.1 	0.253349  1  4942.73  74
O16 	14895.1 	0.201423  1  1285.65  3992
O16 	14895.1 	0.211368  1  -2660.25  7939
O16 	14895.1 	0.312462  1  2740.55  2390
O16 	14895.1 	0.380047  1  -949.122  6275
O16 	14895.1 	0.359223  1  -1183.74  6452
O16 	14895.1 	0.246635  1  -4070.29  9543
O16 	14895.1 	0.417889  1  -23.7975  5275
O16 	14895.1 	0.238675  1  540.388  4732
O16 	14895.1 	0.487799  1  1269.99  3899
O16 	14895.1 	0.342567  1  4146.66  884
O16 	14895.1 	0.391552  1  -722.84  6004
O16 	14895.1 	0.820468  1  -3310.49  8920
O16 	14895.1 	5.16804  1  378.99  4791
O16 	14895.1 	0.23493  1  4400.8  590
O16 	14895.1 	0.890598  1  4370.22  663
O16 	14895.1 	0.222033  1  -1995.19  7301
O16 	14895.1 	0.375421  1  3416.54  1673
O16 	14895.1 	0.378353  1  3591.35  1463
O16 	14895.1 	0.232308  1  4987.75  15
O16 	14895.1 	0.224153  1  -4874.24  10282
O16 	14895.1 	0.20691  1  651.407  4562
O16 	14895.1 	0.334432  1  3480.7  1629
O16 	14895.1 	0.232871  1  790.318  4428
O16 	14895.1 	0.984739  1  -3434.27  8865
O16 	14895.1 	0.214944  1  -3585.37  8916
O16 	14895.1 	0.228566  1  1712.16  3378
O16 	14895.1 	0.473883  1  -1606.98  7052
O16 	14895.1 	0.548973  1  -1732.56  6943
O16 	14895.1 	0.225265  1  -432.531  5591
O16 	14895.1 	0.858038  1  467.283  4739
O16 	14895.1 	0.272187  1  1469.44  3717
O16 	14895.1 	0.6465  1  970.432  4138
O16 	14895.1 	0.654049  1  -826.609  6115
O16 	14895.1 	0.377324  1  3499.76  1557
O16 	14895.1 	0.24453  1  -25.8307  5253
O16 	14895.1 	0.703403  1  -1920.74  7119
O16 	14895.1 	0.2284  1  3406.01  1681
O16 	14895.1 	0.47403  1  -2553.89  7932
O16 	14895.1 	0.301293  1  2333.21  2812
O16 	14895.1 	0.260562  1  4609.55  385
O16 	14895.1 	0.427626  1  3283.84  1741
O16 	14895.1 	2.34764  1  -146.399  5496
O16 	14895.1 	0.324429  1  -3621.54  8965
O16 	14895.1 	0.459079  1  4069.49  957
O16 	14895.1 	0.421594  1  1483.02  3717
O16 	14895.1 	0.526404  1  -4883.25  10475
O16 	14895.1 	0.647111  1  -266.372  5571
O16 	14895.1 	0.314236  1  -4194.7  9673
O16 	14895.1 	0.25293  1  -2791.77  8014
O16 	14895.1 	0.282148  1  2565.4  2575
O16 	14895.1 	0.294348  1  2111.88  3029
O16 	14895.1 	0.952881  1  651.92  4501
O16 	14895.1 	0.681853  1  -4327.36  9670
O16 	14895.1 	0.193896  1  -625.481  5823
O16 	14895.1 	0.379348  1  3508.57  1604
O16 	14895.1 	0.322202  1  -1708.94  7059
O16 	14895.1 	0.356831  1  -1932.89  7283
O16 	14895.1 	0.223606  1  819.202  4350
O16 	14895.1 	0.455959  1  3252.34  1824
O16 	14895.1 	1.01463  1  1354.58  3793
O16 	14895.1 	0.289701  1  -2987.96  8243
O16 	14895.1 	0.389841  1  4967.97  32
O16 	14895.1 	0.54044  1  749.289  4431
O16 	14895.1 	0.208726  1  3057.78  1987
O16 	14895.1 	0.42117  1  -3003.04  8473
O16 	14895.1 	0.290354  1  2989.75  2049
O16 	14895.1 	0.35362  1  -1982.43  7274
O16 	14895.1 	0.799996  1  2901.1  2166
O16 	14895.1 	1.17298  1  3908.54  1167
O16 	14895.1 	2.05823  1  -4763.94  10292
O16 	14895.1 	0.230506  1  4857.48  124
O16 	14895.1 	0.685454  1  3785.9  1257
O16 	14895.1 	1.0794  1  -1068.91  6315
O16 	14895.1 	0.982554  1  779.396  4437
O16 	14895.1 	0.188405  1  -1014.69  6306
O16 	14895.1 	0.286676  1  1725.29  3409
O16 	14895.1 	0.191397  1  -1482.45  6801
O16 	14895.1 	0.502975  1  1036.42  4184
O16 	14895.1 	0.220326  1  284.187  4891
O16 	14895.1 	0.202536  1  107.094  5009
O16 	14895.1 	0.209995  1  -1661.1  7001
O16 	14895.1 	0.452807  1  -726.57  5881
O16 	14895.1 	0.303481  1  2326.86  2834
O16 	14895.1 	0.215754  1  -2802.8  8249
O16 	14895.1 	0.265091  1  4484.1  563
O16 	14895.1 	0.193858  1  3873.97  1177
O16 	14895.1 	0.453227  1  -1737.75  7006
O16 	14895.1 	0.224378  1  -3398.22  8743
O16 	14895.1 	0.292225  1  -3478.99  8758
O16 	14895.1 	0.491814  1  3694.62  1337
O16 	14895.1 	0.216439  1  2049.29  3025
O16 	14895.1 	0.258061  1  3122.77  1969
O16 	14895.1 	0.536371  1  -4074.22  9363
O16 	14895.1 	0.4173  1  -1400.6  6626
O16 	14895.1 	0.343956  1  4128.32  927
O16 	14895.1 	0.311492  1  668.029  4508
O16 	14895.1 	0.855388  1  63.7209  5281
O16 	14895.1 	0.874457  1  -760.123  6011
O16 	14895.1 	0.210058  1  2361.28  2718
O16 	14895.1 	0.603374  1  -278.539  5557
O16 	14895.1 	4.09648  1  49.3951  5147
O16 	14895.1 	1.66116  1  1133.57  3996
O16 	14895.1 	0.340147  1  -987.263  6238
O16 	14895.1 	0.367185  1  -4186.6  9688
O16 	14895.1 	0.338755  1  -4905.28  10185
O16 	14895.1 	0.384482  1  4994.49  7
O16 	14895.1 	1.26075  1  -3712.42  9013
O16 	14895.1 	0.199096  1  2091.23  3039
O16 	14895.1 	0.19032  1  3279.19  1773
O16 	14895.1 	0.408461  1  -1640.39  6945
O16 	14895.1 	0.229953  1  4558.6  525
O16 	14895.1 	1.15951  1  -4563.17  9917
O16 	14895.1 	0.638739  1  689.394  4626
O16 	14895.1 	0.261009  1  -4400.08  9974
O16 	14895.1 	0.2716  1  -1819.6  7113
O16 	14895.1 	0.44391  1  1415.59  3578
O16 	14895.1 	0.201736  1  2472.49  2540
O16 	14895.1 	1.6965  1  -1963.95  7329
O16 	14895.1 	0.279947  1  -2390.46  7820
O16 	14895.1 	0.221876  1  -2957.01  8282
O16 	14895.1 	0.478769  1  -3229.19  8556
O16 	14895.1 	0.256983  1  3242.87  1860
O16 	14895.1 	0.376066  1  2661.83  2368
O16 	14895.1 	0.255589  1  -3670.31  9081
O16 	14895.1 	0.806061  1  -1796.56  7063
O16 	14895.1 	1.44149  1  4635.73  367
O16 	14895.1 	0.312738  1  -2861.66  8198
O16 	14895.1 	0.566555  1  57.431  5227
O16 	14895.1 	0.206718  1  -21.6751  5338
O16 	14895.1 	0.364594  1  1398.2  3763
O16 	14895.1 	0.393391  1  1605.33  3634
O16 	14895.1 	0.222453  1  -91.1613  5359
O16 	14895.1 	1.22532  1  2617.47  2599
O16 	14895.1 	2.30541  1  -1550.29  6965
O16 	14895.1 	0.27882  1  849.112  4406
O16 	14895.1 	3.38073  1  -2185.67  7624
O16 	14895.1 	0.247586  1  -4930.02  10446
O16 	14895.1 	0.2959  1  1829.71  3354
O16 	14895.1 	1.0778  1  -380.688  5645
O16 	14895.1 	0.217908  1  337.472  4957
O16 	14895.1 	0.795985  1  -366.213  5637
O16 	14895.1 	0.335206  1  -3815.19  9366
O16 	14895.1 	0.22662  1  1958.27  3239
O16 	14895.1 	1.30354  1  2430.81  2671
O16 	14895.1 	0.267356  1  2756.28  2334
O16 	14895.1 	0.190693  1  -4417.85  9823
O16 	14895.1 	0.271431  1  -2488.36  7856
O16 	14895.1 	0.521827  1  -3464.46  8873
O16 	14895.1 	0.38812  1  -3143.5  8623
O16 	14895.1 	0.237059  1  -2839.42  8074
O16 	14895.1 	0.21522  1  4619.99  443
O16 	14895.1 	0.600717  1  3328.13  1746
O16 	14895.1 	0.254814  1  1159.59  4066
O16 	14895.1 	0.386707  1  410.707  4842
O16 	14895.1 	0.286847  1  -1616.7  7078
O16 	14895.1 	0.286169  1  -2561.14  7933
O16 	14895.1 	0.223292  1  -4620.37  9919
O16 	14895.1 	0.253514  1  -3743.7  9177
O16 	14895.1 	0.189189  1  -852.692  6179
O16 	14895.1 	0.217423  1  -2966.64  8236
O16 	14895.1 	0.68272  1  -980.559  6388
O16 	14895.1 	0.312462  1  4893.18  99
O16 	14895.1 	0.229945  1  2653.18  2482
O16 	14895.1 	0.341289  1  4466.29  599
O16 	14895.1 	0.371934  1  -3154.42  8557
O16 	14895.1 	2.10147  1  892.51  4265
O16 	14895.1 	0.199204  1  -1800.84  6976
O16 	14895.1 	0.485072  1  1556.52  3619
O16 	14895.1 	1.55449  1  1126.87  4019
O16 	14895.1 	0.21472  1  -498.82  5747
O16 	14895.1 	0.195135  1  -1897.78  7297
O16 	14895.1 	0.33056  1  -3505.03  8871
O16 	14895.1 	0.221769  1  2372.18  2758
O16 	14895.1 	0.198587  1  2262.5  2990
O16 	14895.1 	0.191655  1  4967.6  34
O16 	14895.1 	0.55477  1  -3553.73  8991
O16 	14895.1 	0.784025  1  -3771.41  9068
O16 	14895.1 	0.248391  1  4607.25  433
O16 	14895.1 	1.27129  1  1979.94  3139
O16 	14895.1 	0.206347  1  -2565.76  7943
O16 	14895.1 	0.314898  1  4522.27  507
O16 	14895.1 	0.323406  1  334.69  4899
O16 	14895.1 	0.313497  1  -4024.44  9280
O16 	14895.1 	0.195306  1  2920.55  2224
O16 	14895.1 	0.223973  1  -1098.57  6362
O16 	14895.1 	0.325931  1  -4186.84  9619
O16 	14895.1 	0.198917  1  -3771.38  9079
O16 	14895.1 	0.267774  1  -3164.95  8733
O16 	14895.1 	0.208898  1  2853.12  2249
O16 	14895.1 	0.314049  1  -1462.53  6906
O16 	14895.1 	0.193699  1  -406.998  5815
O16 	14895.1 	0.316771  1  -1347.9  6669
O16 	14895.1 	0.22885  1  -4145.69  9343
O16 	14895.1 	0.206339  1  -4469.39  10041
O16 	14895.1 	0.301406  1  3698.65  1347
O16 	14895.1 	0.212082  1  -2679.4  7929
O16 	14895.1 	0.226398  1  -971.395  6273
O16 	14895.1 	0.715234  1  -3212.15  8591
O16 	14895.1 	0.195968  1  4949.07  48
O16 	14895.1 	0.19552  1  -3323.83  8630
O16 	14895.1 	0.493004  1  -3828.01  9137
O16 	14895.1 	1.20011  1  1523.06  3576
O16 	14895.1 	0.290679  1  3059.01  1993
O16 	14895.1 	0.206384  1  -3221.29  8707
O16 	14895.1 	0.20485  1  -123.525  5410
O16 	14895.1 	0.253113  1  4925.73  87
O16 	14895.1 	0.362975  1  3187.68  1910
O16 	14895.1 	0.241592  1  3209.25  1802
O16 	14895.1 	0.445484  1  4455.71  588
O16 	14895.1 	0.34959  1  1817.55  3297
O16 	14895.1 	0.685933  1  3296.77  1731
O16 	14895.1 	0.273084  1  -3612.32  8840
O16 	14895.1 	0.291023  1  -4965.93  10388
O16 	14895.1 	0.342454  1  -4644.72  10019
O16 	14895.1 	0.834983  1  -1835.47  7233
O16 	14895.1 	0.21106  1  4934.59  60
O16 	14895.1 	0.191274  1  -2553.36  7966
O16 	14895.1 	0.873679  1  -2689.08  7880
O16 	14895.1 	0.583351  1  1521.82  3561
O16 	14895.1 	0.233145  1  -652.982  5829
O16 	14895.1 	0.412962  1  -655.129  5965
O16 	14895.1 	0.39493  1  -3508.76  8853
O16 	14895.1 	0.588374  1  2708.52  2308
O16 	14895.1 	0.367876  1  1692.75  3419
O16 	14895.1 	0.401998  1  -1343.33  6642
O16 	14895.1 	0.216701  1  1393.22  3850
O16 	14895.1 	0.927165  1  -3022.59  8329
O16 	14895.1 	0.207917  1  676.059  4462
O16 	14895.1 	0.207038  1  4545.1  478
O16 	14895.1 	0.199955  1  -4791.58  10384
O16 	14895.1 	0.246239  1  -156.25  5409
O16 	14895.1 	0.393406  1  -1480.9  6796
O16 	14895.1 	0.198454  1  -2179.2  7448
O16 	14895.1 	0.306469  1  -3276.5  8808
O16 	14895.1 	1.05635  1  -4448.55  9932
O16 	14895.1 	0.201706  1  -4688.18  10175
O16 	14895.1 	0.250551  1  4686.44  296
O16 	14895.1 	1.33837  1  3136.46  1936
O16 	14895.1 	0.489022  1  3063.44  1953
O16 	14895.1 	0.219643  1  -2669.17  8034
O16 	14895.1 	0.462871  1  3967.68  1105
O16 	14895.1 	1.49034  1  2013.13  3029
O16 	14895.1 	0.50268  1  1527.26  3686
O16 	14895.1 	0.26021  1  -2647.25  8020
O16 	14895.1 	0.234825  1  1284.47  3858
O16 	14895.1 	0.264831  1  3557.62  1500
O16 	14895.1 	0.263028  1  -2859.44  8140
O16 	14895.1 	0.192271  1  -37.3178  5327
O16 	14895.1 	0.471751  1  4801.36  202
O16 	14895.1 	0.248998  1  -639.12  5826
O16 	14895.1 	1.10125  1  -3123.74  8493
O16 	14895.1 	0.265826  1  -4096.2  9455
O16 	14895.1 	0.235866  1  -1604.48  7018
O16 	14895.1 	0.19073  1  3522.94  1610
O16 	14895.1 	1.62169  1  3357.43  1769
O16 	14895.1 	1.33429  1  -573.928  5852
O16 	14895.1 	0.351783  1  -182.131  5333
O16 	14895.1 	0.64728  1  714.706  4386
O16 	14895.1 	0.274512  1  -4958.65  10396
O16 	14895.1 	0.461129  1  -18.5443  5324
O16 	14895.1 	0.506824  1  2254.36  2908
O16 	14895.1 	0.318877  1  4030.64  1020
O16 	14895.1 	0.370172  1  3931.35  1150
O16 	14895.1 	0.627334  1  4146.93  886
O16 	14895.1 	0.267686  1  -606.661  5776
O16 	14895.1 	0.255629  1  -1892.31  7243
O16 	14895.1 	0.352999  1  2424.32  2745
O16 	14895.1 	0.315596  1  -93.922  5448
O16 	14895.1 	0.524819  1  3632.55  1411
O16 	14895.1 	0.415346  1  -501.439  5694
O16 	14895.1 	0.198748  1  2653.29  2423
O16 	14895.1 	1.20663  1  1096.23  4004
O16 	14895.1 	1.23241  1  2448.76  2660
O16 	14895.1 	0.524527  1  3076.07  1954
O16 	14895.1 	0.204279  1  3069.48  2065
O16 	14895.1 	0.204883  1  -4289.57  9572
O16 	14895.1 	0.835071  1  2480.34  2704
O16 	14895.1 	0.520353  1  -2628.98  7940
O16 	14895.1 	0.22636  1  715.6  4342
O16 	14895.1 	0.314472  1  -681.897  5958
O16 	14895.1 	0.298063  1  -2469.89  7779
O16 	14895.1 	0.391772  1  1468.68  3675
O16 	14895.1 	0.279456  1  2745.55  2366
O16 	14895.1 	0.217883  1  2075.19  3059
O16 	14895.1 	0.25279  1  1782.17  3306
O16 	14895.1 	2.57236  1  -1325.96  6635
O16 	14895.1 	0.200743  1  -762.594  6135
O16 	14895.1 	0.227572  1  -2819.21  8150
O16 	14895.1 	0.328754  1  -1160.14  6442
O16 	14895.1 	0.984113  1  2565.86  2625
O16 	14895.1 	0.190066  1  -1859.84  7206
O16 	14895.1 	0.360107  1  2664.01  2379
O16 	14895.1 	0.202527  1  1324.32  3886
O16 	14895.1 	0.244969  1  1297.56  3828
O16 	14895.1 	0.592793  1  -1799.3  7118
O16 	14895.1 	0.912254  1  2144.33  3031
O16 	14895.1 	0.342063  1  -4514.24  9839
O16 	14895.1 	0.532854  1  -86.8291  5205
O16 	14895.1 	0.389009  1  -3373.78  8722
O16 	14895.1 	0.198867  1  -2026.99  7210
O16 	14895.1 	0.976379  1  4159.9  853
O16 	14895.1 	0.563372  1  -3687.16  9204
O16 	14895.1 	0.231715  1  2030.12  3015
O16 	14895.1 	0.236027  1  -2237.32  7437
O16 	14895.1 	0.264091  1  565.884  4642
O16 	14895.1 	0.526797  1  -909.635  6090
O16 	14895.1 	1.40189  1  -793.084  5986
O16 	14895.1 	0.24314  1  -4504.6  9873
O16 	14895.1 	0.576664  1  -4371.9  9993
O16 	14895.1 	0.257585  1  571.154  4728
O16 	14895.1 	0.528133  1  -4392.47  9511
O16 	14895.1 	0.311324  1  -612.226  5911
O16 	14895.1 	0.290059  1  2596.89  2515
O16 	14895.1 	0.24505  1  -2835.5  8279
O16 	14895.1 	0.391438  1  -3570.59  8841
O16 	14895.1 	0.417394  1  701.931  4529
O16 	14895.1 	0.219158  1  862.662  4405
O16 	14895.1 	0.741486  1  -1980.06  7414
O16 	14895.1 	0.265398  1  -748.844  6119
O16 	14895.1 	0.244698  1  2391.38  2726
O16 	14895.1 	0.526241  1  3144.02  1871
O16 	14895.1 	0.198221  1  -1452.59  6805
O16 	14895.1 	0.194329  1  3941.41  1090
O16 	14895.1 	0.424732  1  -3938.27  9398
O16 	14895.1 	3.51818  1  -1503.31  6793
O16 	14895.1 	0.231921  1  3195.23  1888
O16 	14895.1 	0.246436  1  -2802.59  8075
O16 	14895.1 	0.256199  1  -4686.36  10205
O16 	14895.1 	0.369264  1  -4794.45  10260
O16 	14895.1 	0.194482  1  4041.58  974
O16 	14895.1 	0.226138  1  -678.672  6013
O16 	14895.1 	1.04971  1  -4776.7  10190
O16 	14895.1 	1.26887  1  -2578.27  7706
O16 	14895.1 	0.658067  1  -1611.86  7068
O16 	14895.1 	0.984302  1  86.4919  5076
O16 	14895.1 	0.249763  1  -1346.97  6635
O16 	14895.1 	1.32605  1  3116.08  2006
O16 	14895.1 	0.3611  1  1596.6  3565
O16 	14895.1 	0.361301  1  -4527.26  9982
O16 	14895.1 	1.50682  1  845.864  4299
O16 	14895.1 	0.331075  1  -1214.15  6499
O16 	14895.1 	0.221051  1  1484.59  3722
O16 	14895.1 	0.207299  1  -4106.93  9398
O16 	14895.1 	0.235859  1  1994.39  3121
O16 	14895.1 	1.94064  1  -1973.83  7334
O16 	14895.1 	0.309584  1  2732.75  2407
O16 	14895.1 	2.97042  1  2637.93  2512
O16 	14895.1 	0.593105  1  933.817  4270
O16 	14895.1 	0.575879  1  -3241.24  8749
O16 	14895.1 	0.63603  1  2899.46  2226
O16 	14895.1 	0.451114  1  -2538.75  7903
O16 	14895.1 	0.227787  1  -3696.49  9120
O16 	14895.1 	0.224172  1  1019.05  4109
O16 	14895.1 	0.218001  1  -390.192  5735
O16 	14895.1 	0.278801  1  2041.01  3143
O16 	14895.1 	0.340574  1  -3747.06  9065
O16 	14895.1 	0.242984  1  507.685  4721
O16 	14895.1 	0.707521  1  1714.55  3351
O16 	14895.1 	0.26698  1  3501.1  1499
O16 	14895.1 	0.242353  1  -1375.84  6570
O16 	14895.1 	0.195477  1  2407.44  2672
O16 	14895.1 	0.271789  1  3829.89  1247
O16 	14895.1 	0.536883  1  3721.64  1322
O16 	14895.1 	0.223983  1  -109.476  5292
O16 	14895.1 	0.223602  1  433.043  4827
O16 	14895.1 	0.315809  1  -2343.07  7748
O16 	14895.1 	0.203685  1  3029.3  2053
O16 	14895.1 	0.207323  1  730.587  4477
O16 	14895.1 	0.283248  1  2837.76  2293
O16 	14895.1 	0.22165  1  -3813.17  9291
O16 	14895.1 	0.208936  1  -3549.53  9053
O16 	14895.1 	0.271457  1  -4109.97  9684
O16 	14895.1 	0.209144  1  103.944  5074
O16 	14895.1 	0.253714  1  -483.29  5883
O16 	14895.1 	1.12362  1  -4830.35  10344
O16 	14895.1 	1.47565  1  -3390.92  8893
O16 	14895.1 	0.241211  1  -3292.27  8640
O16 	14895.1 	0.225671  1  -894.743  6127
O16 	14895.1 	0.19318  1  -578.236  5749
O16 	14895.1 	0.277112  1  2362.92  2679
O16 	14895.1 	0.209544  1  -85.9959  5303
O16 	14895.1 	1.19478  1  1954.53  3300
O16 	14895.1 	0.394735  1  -3690.27  8937
O16 	14895.1 	0.237876  1  2773.77  2274
O16 	14895.1 	0.66229  1  3877.27  1178
O16 	14895.1 	0.216728  1  1279.12  3834
O16 	14895.1 	0.382296  1  581.082  4539
O16 	14895.1 	0.195772  1  1489.55  3692
O16 	14895.1 	0.312587  1  4550.87  454
O16 	14895.1 	0.285124  1  2634.22  2539
O16 	14895.1 	0.232294  1  -4457.8  9910
O16 	14895.1 	0.870433  1  -4136.8  9705
O16 	14895.1 	0.196153  1  -448.951  5693
O16 	14895.1 	0.438699  1  -1302.78  6448
O16 	14895.1 	0.244175  1  564.695  4591
O16 	14895.1 	0.573213  1  656.706  4513
O16 	14895.1 	0.273257  1  1433.94  3706
O16 	14895.1 	0.478081  1  4868.5  152
O16 	14895.1 	0.237931  1  -4938.84  10375
O16 	14895.1 	0.194595  1  -4504.19  9642
O16 	14895.1 	0.454473  1  -1908.39  7353
O16 	14895.1 	0.359163  1  2949.02  2252
O16 	14895.1 	0.447781  1  -3583.97  8800
O16 	14895.1 	0.297627  1  1427.69  3728
O16 	14895.1 	0.532212  1  -822.72  6099
O16 	14895.1 	0.243898  1  2349.88  2721
O16 	14895.1 	0.353119  1  -2435.41  7810
O16 	14895.1 	0.306605  1  302.559  4975
O16 	14895.1 	0.247726  1  2236.36  2792
O16 	14895.1 	0.440715  1  2263.38  2888
O16 	14895.1 	0.325292  1  351.353  4879
O16 	14895.1 	1.35755  1  -2702.12  8056
O16 	14895.1 	0.510969  1  -2858.87  8208
O16 	14895.1 	0.354531  1  -3414.13  8698
O16 	14895.1 	0.228951  1  -1156  6652
O16 	14895.1 	0.269887  1  -3312.57  8958
O16 	14895.1 	0.203493  1  2027.13  3054
O16 	14895.1 	0.272826  1  -2153.9  7563
O16 	14895.1 	0.398524  1  -1015.26  6297
O16 	14895.1 	0.627963  1  4034.04  1054
O16 	14895.1 	0.198441  1  -3008.29  8360
O16 	14895.1 	0.334009  1  -2362.65  7676
O16 	14895.1 	0.80232  1  -3867.86  9328
O16 	14895.1 	0.31558  1  -2207.92  7534
O16 	14895.1 	0.237295  1  -1194.03  6442
O16 	14895.1 	0.785009  1  2674.39  2405
O16 	14895.1 	0.36904  1  2592.77  2502
O16 	14895.1 	0.25496  1  -61.7291  5249
O16 	14895.1 	0.304105  1  -1261.92  6525
O16 	14895.1 	0.280863  1  -2295.22  7598
O16 	14895.1 	0.362667  1  1035.14  4038
O16 	14895.1 	0.376196  1  1185.47  4096
O16 	14895.1 	0.192416  1  4601.22  387
O16 	14895.1 	0.396567  1  -1967.42  7408
O16 	14895.1 	0.607622  1  -4029.43  9551
O16 	14895.1 	0.375563  1  -3421.83  8925
O16 	14895.1 	0.248573  1  3540.71  1484
O16 	14895.1 	0.225  1  -2550.62  7951
O16 	14895.1 	0.353298  1  -3119.2  8399
O16 	14895.1 	2.62654  1  -3727.52  8982
O16 	14895.1 	0.266646  1  -4972.64  10374
O16 	14895.1 	0.214466  1  -1249.88  6439
O16 	14895.1 	0.406232  1  2089.21  2953
O16 	14895.1 	0.372827  1  925.909  4275
O16 	14895.1 	0.396223  1  -2166.73  7447
O16 	14895.1 	0.367914  1  3060.86  2075
O16 	14895.1 	0.188696  1  2128.39  3046
O16 	14895.1 	0.219145  1  1019.65  4087
O16 	14895.1 	0.465798  1  337.282  4949
O16 	14895.1 	2.07213  1  3033.28  1948
O16 	14895.1 	0.195995  1  -318.43  5537
O16 	14895.1 	0.201663  1  615.945  4629
O16 	14895.1 	0.203258  1  2529.39  2477
O16 	14895.1 	0.448157  1  -2688.71  8065
O16 	14895.1 	0.252301  1  -3266.37  8562
O16 	14895.1 	0.42538  1  2859.64  2268
O16 	14895.1 	0.222738  1  -878.255  6230
O16 	14895.1 	0.226963  1  4448.08  564
O16 	14895.1 	0.195891  1  -3678.19  8894
O16 	14895.1 	0.224426  1  24.2512  5169
O16 	14895.1 	0.259245  1  4686.65  339
O16 	14895.1 	0.221274  1  3670.11  1375
O16 	14895.1 	0.226443  1  1665.93  3560
O16 	14895.1 	0.527613  1  1201.93  4012
O16 	14895.1 	0.431552  1  224.969  5018
O16 	14895.1 	0.796899  1  -3219.02  8593
O16 	14895.1 	0.780264  1  -507.897  5672
O16 	14895.1 	0.33037  1  4845.65  152
O16 	14895.1 	0.516994  1  -1355.97  6602
O16 	14895.1 	0.41208  1  4192.79  883
O16 	14895.1 	0.331088  1  373.776  4918
O16 	14895.1 	0.289673  1  4851.68  149
O16 	14895.1 	0.366126  1  -4244.29  9729
O16 	14895.1 	0.893645  1  1215.45  3983
O16 	14895.1 	0.639202  1  2787.37  2321
O16 	14895.1 	0.584158  1  -3705.29  9119
O16 	14895.1 	0.44728  1  -1189.22  6486
O16 	14895.1 	0.226788  1  -3695.01  8908
O16 	14895.1 	1.36099  1  -784.92  6144
O16 	14895.1 	0.697776  1  -3130.83  8429
O16 	14895.1 	0.893073  1  -3448.31  8826
O16 	14895.1 	0.212761  1  2693.8  2404
O16 	14895.1 	0.31401  1  -2260.03  7686
O16 	14895.1 	0.941402  1  3136.11  1974
O16 	14895.1 	0.874681  1  -1331.21  6543
O16 	14895.1 	0.35763  1  1433.46  3718
O16 	14895.1 	0.266903  1  2182.37  2950
O16 	14895.1 	0.294482  1  -2528.14  7829
O16 	14895.1 	0.201943  1  2975.42  2110
O16 	14895.1 	0.355284  1  1309.75  3808
O16 	14895.1 	0.215185  1  3618.28  1416
O16 	14895.1 	0.240215  1  2783.08  2361
O16 	14895.1 	0.385779  1  2875.9  2207
O16 	14895.1 	0.320269  1  -2441.47  7694
O16 	14895.1 	0.207772  1  -3692.01  9112
O16 	14895.1 	0.223376  1  -4753.92  10172
O16 	14895.1 	0.251708  1  4638.87  398
O16 	14895.1 	2.76232  1  4430.45  600
O16 	14895.1 	0.19297  1  -4194.58  9708
O16 	14895.1 	0.205331  1  -1690.19  7144
O16 	14895.1 	0.337806  1  -1909.67  7302
O16 	14895.1 	0.224464  1  -1604.94  6854
O16 	14895.1 	0.587927  1  -1942.14  7189
O16 	14895.1 	0.342505  1  -759.469  6003
O16 	14895.1 	0.925545  1  4027.45  1035
O16 	14895.1 	0.270327  1  660.312  4593
O16 	14895.1 	6.25399  1  -4824.18  10151
O16 	14895.1 	0.34727  1  -166.549  5455
O16 	14895.1 	0.45617  1  -4445.82  9720
O16 	14895.1 	0.543939  1  -2244.69  7581
O16 	14895.1 	0.192487  1  1839.71  3383
O16 	14895.1 	1.1741  1  -1661.88  7042
O16 	14895.1 	0.517014  1  2720.29  2455
O16 	14895.1 	0.245163  1  -714.04  5910
O16 	14895.1 	0.329033  1  2233.58  2873
O16 	14895.1 	0.20025  1  -819.676  6067
O16 	14895.1 	0.200171  1  -1455.33  6766
O16 	14895.1 	0.375959  1  1821.08  3288
O16 	14895.1 	0.838468  1  -3598.88  9058
O16 	14895.1 	0.237946  1  -1100.54  6316
O16 	14895.1 	3.30067  1  -2156.36  7552
O16 	14895.1 	0.291158  1  3416.53  1611
O16 	14895.1 	0.188546  1  62.6544  5169
O16 	14895.1 	0.305669  1  -830.874  6008
O16 	14895.1 	0.980111  1  -2218.61  7598
O16 	14895.1 	0.510576  1  4475.07  534
O16 	14895.1 	0.227946  1  2233.57  2854
O16 	14895.1 	0.21691  1  -1738.7  7143
O16 	14895.1 	0.263754  1  4039.16  964
O16 	14895.1 	0.389534  1  -675.624  5957
O16 	14895.1 	0.212306  1  1210.82  4077
O16 	14895.1 	0.496625  1  -1659.73  6959
O16 	14895.1 	0.234437  1  -3029.95  8413
O16 	14895.1 	0.215156  1  -3451.01  8839
O16 	14895.1 	1.05688  1  4861.87  140
O16 	14895.1 	0.526481  1  1703.35  3433
O16 	14895.1 	0.327116  1  665.179  4682
O16 	14895.1 	0.402428  1  4240.04  823
O16 	14895.1 	0.95307  1  -2085.34  7269
O16 	14895.1 	0.458352  1  -3893.12  9329
O16 	14895.1 	0.239929  1  65.8268  5137
O16 	14895.1 	0.586675  1  -3676.13  9219
O16 	14895.1 	3.35333  1  -4429.68  10004
O16 	14895.1 	0.532706  1  1480.94  3569
O16 	14895.1 	0.260953  1  86.2657  5202
O16 	14895.1 	0.870414  1  703.337  4559
O16 	14895.1 	0.72563  1  -3794.04  9176
O16 	14895.1 	0.607157  1  2693.33  2441
O16 	14895.1 	0.345363  1  -3108.84  8428
O16 	14895.1 	0.216096  1  -1104.82  6469
O16 	14895.1 	0.228165  1  3101.47  2024
O16 	14895.1 	1.30798  1  -70.9819  5276
O16 	14895.1 	0.247492  1  3096.14  2053
O16 	14895.1 	0.351523  1  3319.12  1764
O16 	14895.1 	0.334209  1  161.194  5007
O16 	14895.1 	0.210126  1  4588.9  444
O16 	14895.1 	0.34725  1  195.278  5042
O16 	14895.1 	0.39376  1  1314.9  3953
O16 	14895.1 	0.258891  1  -4945.38  10357
O16 	14895.1 	0.257893  1  2838.55  2155
O16 	14895.1 	0.342713  1  3841.93  1214
O16 	14895.1 	0.208256  1  2589.42  2553
O16 	14895.1 	0.194913  1  -831.27  5999
O16 	14895.1 	0.405859  1  -4451.65  9877
O16 	14895.1 	0.209162  1  -3226.66  8579
O16 	14895.1 	0.258552  1  1715.12  3427
O16 	14895.1 	0.216611  1  -481.975  5814
O16 	14895.1 	1.29564  1  -2964.76  8370
O16 	14895.1 	2.4892  1  4554.64  431
O16 	14895.1 	0.254626  1  -619.733  5930
O16 	14895.1 	0.701097  1  4852.57  157
O16 	14895.1 	0.376053  1  3537.52  1571
O16 	14895.1 	0.946731  1  -2232.91  7560
O16 	14895.1 	0.209915  1  2508.29  2601
O16 	14895.1 	0.219658  1  -1423.22  6678
O16 	14895.1 	0.557128  1  -4582.49  9861
O16 	14895.1 	0.227465  1  1432.62  3696
O16 	14895.1 	0.332936  1  -2947.66  8267
O16 	14895.1 	0.349765  1  -3328.99  8787
O16 	14895.1 	0.513019  1  829.078  4461
O16 	14895.1 	0.236417  1  -4171.83  9382
O16 	14895.1 	0.188679  1  -2368.4  7749
O16 	14895.1 	0.219318  1  4535.15  503
O16 	14895.1 	0.199853  1  -2860.56  8332
O16 	14895.1 	0.370331  1  3641.35  1401
O16 	14895.1 	0.810685  1  3135.65  1939
O16 	14895.1 	0.288126  1  562.461  4653
O16 	14895.1 	0.399409  1  -2962.62  8414
O16 	14895.1 	0.206509  1  -2962.49  8302
O16 	14895.1 	0.259127  1  -3318.77  8835
O16 	14895.1 	0.378754  1  -1209.2  6497
O16 	14895.1 	0.416661  1  -924.221  6195
O16 	14895.1 	0.277501  1  -177.543  5361
O16 	14895.1 	0.332681  1  1884.58  3192
O16 	14895.1 	0.263761  1  4196.08  856
O16 	14895.1 	0.219996  1  4312.69  727
O16 	14895.1 	0.453879  1  -2045.81  7259
O16 	14895.1 	0.297575  1  -4776.21  10262
O16 	14895.1 	0.408115  1  -2979.73  8391
O16 	14895.1 	0.345865  1  -3323.18  8815
O16 	14895.1 	0.464205  1  4125.87  945
O16 	14895.1 	0.390518  1  1368.53  3880
O16 	14895.1 	0.202262  1  1343.43  3942
O16 	14895.1 	0.378805  1  1481.71  3763
O16 	14895.1 	0.380424  1  1249.48  3806
O16 	14895.1 	0.207539  1  -3084.16  8497
O16 	14895.1 	0.290326  1  2125.02  2964
O16 	14895.1 	0.311863  1  -127.091  5396
O16 	14895.1 	1.33635  1  -3540.24  8866
O16 	14895.1 	0.296647  1  -2275.04  7580
O16 	14895.1 	0.20635  1  -16.8432  5380
O16 	14895.1 	0.257459  1  621.907  4691
O16 	14895.1 	0.559744  1  -4899.12  10287
O16 	14895.1 	0.357928  1  1680.1  3357
O16 	14895.1 	0.582083  1  -2487.76  7671
O16 	14895.1 	0.227482  1  -2466.62  7671
O16 	14895.1 	0.192406  1  3036.62  2061
O16 	14895.1 	1.03652  1  -4281.16  9679
O16 	14895.1 	0.241829  1  -1657.86  7018
O16 	14895.1 	0.199326  1  3486.92  1603
O16 	14895.1 	0.731872  1  899.475  4309
O16 	14895.1 	0.253707  1  -506.286  5842
O16 	14895.1 	0.670883  1  2711.53  2372
O16 	14895.1 	1.2172  1  1013.72  4141
O16 	14895.1 	0.587067  1  -2105.42  7455
O16 	14895.1 	0.380467  1  -1588.91  6850
O16 	14895.1 	0.188277  1  -4206.91  9656
O16 	14895.1 	0.235671  1  695.573  4599
O16 	14895.1 	0.217394  1  2376.57  2704
O16 	14895.1 	0.41693  1  3781.09  1247
O16 	14895.1 	0.501494  1  -2171.91  7500
O16 	14895.1 	0.291133  1  2531.16  2628
O16 	14895.1 	1.02376  1  4518.37  549
O16 	14895.1 	0.239651  1  -977.467  6175
O16 	14895.1 	0.595652  1  3491.7  1538
O16 	14895.1 	0.431033  1  -77.2866  5345
O16 	14895.1 	0.268023  1  -3671.04  9051
O16 	14895.1 	0.467739  1  915.632  4324
O16 	14895.1 	0.372134  1  3361.69  1715
O16 	14895.1 	0.854621  1  2282.75  2839
O16 	14895.1 	0.641029  1  -2711.58  8139
O16 	14895.1 	0.224798  1  -1200.18  6529
O16 	14895.1 	0.520309  1  3328.31  1776
O16 	14895.1 	0.222568  1  -1201.9  6488
O16 	14895.1 	0.288528  1  -2411.77  7823
O16 	14895.1 	0.272669  1  -2550.67  7990
O16 	14895.1 	0.372346  1  -1836.84  7209
O16 	14895.1 	0.449192  1  4768.84  235
O16 	14895.1 	0.326507  1  4493.26  529
O16 	14895.1 	1.20594  1  -1549.73  6913
O16 	14895.1 	0.365918  1  -3992.38  9492
O16 	14895.1 	0.250588  1  3636.28  1402
O16 	14895.1 	0.220612  1  4004.96  1029
O16 	14895.1 	0.26588  1  1613.33  3560
O16 	14895.1 	0.191498  1  538.331  4717
O16 	14895.1 	0.19295  1  351.525  4735
O16 	14895.1 	0.189761  1  -2582.55  7850
O16 	14895.1 	0.225309  1  -2702.1  7996
O16 	14895.1 	0.207687  1  -2860.73  8215
O16 	14895.1 	0.386046  1  -4237.92  9608
O16 	14895.1 	0.39137  1  3907.46  1080
O16 	14895.1 	0.25623  1  966.817  4282
O16 	14895.1 	0.785186  1  385.968  4872
O16 	14895.1 	0.378734  1  -4656.65  10070
O16 	14895.1 	0.217406  1  -4257.59  9784
O16 	14895.1 	0.469624  1  464.626  4654
O16 	14895.1 	0.905872  1  1499.23  3708
O16 	14895.1 	0.36075  1  -103.158  5255
O16 	14895.1 	0.224822  1  4995.5  6
O16 	14895.1 	0.237926  1  2521.71  2589
O16 	14895.1 	0.265499  1  -2081.12  7469
O16 	14895.1 	0.490216  1  4341.67  673
O16 	14895.1 	0.775167  1  2119.38  3029
O16 	14895.1 	2.14868  1  537.926  4669
O16 	14895.1 	0.193324  1  880.958  4344
O16 	14895.1 	0.926103  1  4703.75  341
O16 	14895.1 	4.07767  1  4319.9  687
O16 	14895.1 	0.18939  1  -4129.11  9471
O16 	14895.1 	0.197592  1  -1220.61  6461
O16 	14895.1 	0.356498  1  -387.365  5573
O16 	14895.1 	0.213573  1  4281.75  756
O16 	14895.1 	0.487508  1  2073.86  3183
O16 	14895.1 	0.498994  1  4964.15  35
O16 	14895.1 	0.342266  1  -3180.04  8654
O16 	14895.1 	0.493261  1  -4549.21  10059
O16 	14895.1 	0.231342  1  3.73318  5173
O16 	14895.1 	0.700088  1  242.547  4861
O16 	14895.1 	0.320074  1  1905.79  3175
O16 	14895.1 	0.245947  1  -2067.9  7208
O16 	14895.1 	0.402359  1  -3359.07  8661
O16 	14895.1 	0.190205  1  -3670.34  9004
O16 	14895.1 	0.189106  1  -3861.29  9168
O16 	14895.1 	0.20585  1  671.997  4706
O16 	14895.1 	0.25251  1  2867.28  2209
O16 	14895.1 	0.463387  1  -2843.1  8011
O16 	14895.1 	0.380622  1  -3835.51  9027
O16 	14895.1 	0.193276  1  4998.05  2
O16 	14895.1 	0.72994  1  3316.77  1735
O16 	14895.1 	2.95775  1  -2616.31  8029
O16 	14895.1 	0.758384  1  -3787.61  9180
O16 	14895.1 	0.407268  1  -3885.02  9458
O16 	14895.1 	0.389134  1  3453.55  1571
O16 	14895.1 	0.189725  1  -114.824  5443
O16 	14895.1 	0.395495  1  -1652  7053
O16 	14895.1 	0.191488  1  464.481  4650
O16 	14895.1 	0.227298  1  2352.71  2769
O16 	14895.1 	2.99872  1  -3519.13  8971
O16 	14895.1 	1.49174  1  -3700.62  9168
O16 	14895.1 	0.556945  1  3482.38  1601
O16 	14895.1 	0.308308  1  4028.53  1010
O16 	14895.1 	0.718756  1  -2761.57  8241
O16 	14895.1 	0.230412  1  4187.08  850
O16 	14895.1 	0.301104  1  -2812.82  8083
O16 	14895.1 	0.219113  1  4921.69  88
O16 	14895.1 	0.262556  1  -1569.94  6861
O16 	14895.1 	0.25806  1  971.126  4110
O16 	14895.1 	0.36663  1  -4087.85  9443
O16 	14895.1 	0.275565  1  -2282.26  7621
O16 	14895.1 	0.188934  1  4194.63  932
O16 	14895.1 	0.247871  1  1872.64  3151
O16 	14895.1 	0.200645  1  -1164.4  6429
O16 	14895.1 	0.29396  1  290.941  4873
O16 	14895.1 	0.230294  1  2023.52  3153
O16 	14895.1 	0.715711  1  533.032  4718
O16 	14895.1 	0.298903  1  3016.56  2062
O16 	14895.1 	0.268162  1  4716.1  308
O16 	14895.1 	0.377141  1  4171.89  817
O16 	14895.1 	0.299022  1  3151.42  1886
O16 	14895.1 	0.336543  1  2529.92  2560
O16 	14895.1 	0.253292  1  4061.11  940
O16 	14895.1 	0.536865  1  -2910.15  8185
O16 	14895.1 	0.242955  1  -3770.52  9166
O16 	14895.1 	0.215532  1  1793.92  3348
O16 	14895.1 	0.280264  1  -93.7476  5326
O16 	14895.1 	0.368779  1  2144.51  2954
O16 	14895.1 	0.254382  1  -2519.52  7803
O16 	14895.1 	0.227931  1  -3002.14  8279
O16 	14895.1 	0.479792  1  -530.606  5722
O16 	14895.1 	0.386889  1  3477.6  1597
O16 	14895.1 	0.510413  1  846.192  4344
O16 	14895.1 	0.381617  1  -3152.29  8390
O16 	14895.1 	0.848621  1  -3532.6  8910
O16 	14895.1 	0.244298  1  1190.17  4009
O16 	14895.1 	0.236704  1  4749.7  284
O16 	14895.1 	0.247285  1  3022.61  2113
O16 	14895.1 	0.211516  1  54.3945  5170
O16 	14895.1 	0.338195  1  2561.47  2556
O16 	14895.1 	0.204743  1  -4632.79  10121
O16 	14895.1 	0.383138  1  -2407.94  7886
O16 	14895.1 	0.280775  1  -2358.61  7590
O16 	14895.1 	0.270183  1  4209.19  757
O16 	14895.1 	0.363225  1  4452.99  591
O16 	14895.1 	0.2519  1  422.95  4779
O16 	14895.1 	0.342944  1  -2527.26  7821
O16 	14895.1 	0.379451  1  -2627.3  8192
O16 	14895.1 	0.719005  1  225.091  5064
O16 	14895.1 	0.203084  1  3694.36  1369
O16 	14895.1 	0.239101  1  -1517.76  6705
O16 	14895.1 	0.414094  1  2177.71  2999
O16 	14895.1 	0.234308  1  3155.07  1898
O16 	14895.1 	0.234613  1  -2075.17  7446
O16 	14895.1 	1.24447  1  -825.821  5931
O16 	14895.1 	0.197457  1  3411.71  1707
O16 	14895.1 	1.04968  1  3473.83  1539
O16 	14895.1 	0.238792  1  -4800.74  10246
O16 	14895.1 	0.193607  1  -4399.37  9895
O16 	14895.1 	0.235795  1  2642.36  2338
O16 	14895.1 	0.233239  1  -3868.43  9203
O16 	14895.1 	0.420596  1  -4636.27  10193
O16 	14895.1 	0.513011  1  -504.015  5558
O16 	14895.1 	0.191919  1  3600.52  1470
O16 	14895.1 	0.467419  1  -610.958  5677
O16 	14895.1 	0.275018  1  3323.08  1799
O16 	14895.1 	0.257828  1  3427.44  1642
O16 	14895.1 	0.406494  1  2261.36  2784
O16 	14895.1 	0.215823  1  1108.73  4089
O16 	14895.1 	0.288516  1  -2230.68  7585
O16 	14895.1 	0.299542  1  1423.91  3819
O16 	14895.1 	0.267186  1  -3276.34  8677
O16 	14895.1 	0.307182  1  -2374.21  7629
O16 	14895.1 	0.34877  1  -1948.63  7222
O16 	14895.1 	0.868017  1  4382.45  656
O16 	14895.1 	0.198619  1  2730.08  2425
O16 	14895.1 	0.353803  1  -352.869  5554
O16 	14895.1 	0.20478  1  2377.88  2724
O16 	14895.1 	0.430824  1  1380.69  3885
O16 	14895.1 	3.29439  1  1379.36  3888
O16 	14895.1 	0.687662  1  -4401.74  9743
O16 	14895.1 	0.190276  1  -2940.98  8244
O16 	14895.1 	0.317882  1  1731.69  3561
O16 	14895.1 	0.240213  1  4392.55  631
O16 	14895.1 	0.188612  1  4023.54  1057
O16 	14895.1 	0.334182  1  -2468.97  7870
O16 	14895.1 	0.233444  1  -3126.63  8538
O16 	14895.1 	1.04324  1  -3307.42  8642
O16 	14895.1 	0.438216  1  -2792.88  8013
O16 	14895.1 	0.289315  1  205.384  4913
O16 	14895.1 	0.310452  1  2176.67  2886
O16 	14895.1 	0.599232  1  501.764  4657
O16 	14895.1 	0.731898  1  -996.601  6140
O16 	14895.1 	0.904614  1  -1144.04  6297
O16 	14895.1 	1.73829  1  2920.31  2163
O16 	14895.1 	0.203662  1  -3353.44  8846
O16 	14895.1 	0.259787  1  -2485.32  7805
O16 	14895.1 	0.191062  1  803.963  4323
O16 	14895.1 	0.433926  1  4075.81  972
O16 	14895.1 	0.31118  1  -2021.91  7382
O16 	14895.1 	0.735061  1  4800.18  241
O16 	14895.1 	0.198976  1  -674.968  5914
O16 	14895.1 	0.2716  1  -2855.12  8298
O16 	14895.1 	0.208697  1  -1873.96  7174
O16 	14895.1 	0.275986  1  2105.19  3095
O16 	14895.1 	0.252974  1  -492.805  5812
O16 	14895.1 	0.475569  1  1480.95  3734
O16 	14895.1 	0.309849  1  4471.27  564
O16 	14895.1 	0.460845  1  -519.987  5760
O16 	14895.1 	0.292202  1  -817.634  6076
O16 	14895.1 	0.58941  1  4485.36  543
O16 	14895.1 	0.217642  1  -4861.23  10112
O16 	14895.1 	0.631103  1  4777.58  233
O16 	14895.1 	0.201072  1  4018.79  1022
O16 	14895.1 	0.403187  1  1217.62  4037
O16 	14895.1 	0.256861  1  -2286.98  7516
O16 	14895.1 	0.479302  1  1644.79  3585
O16 	14895.1 	3.5283  1  -4520.91  10108
O16 	14895.1 	0.237804  1  -3907.61  9306
O16 	14895.1 	0.240052  1  3053.24  2068
O16 	14895.1 	0.227898  1  1273.14  3864
O16 	14895.1 	0.900864  1  -4047.5  9492
O16 	14895.1 	0.217057  1  4236.43  809
O16 	14895.1 	0.274395  1  1906.67  3165
O16 	14895.1 	0.197244  1  775.312  4509
O16 	14895.1 	0.412527  1  3765.62  1273
O16 	14895.1 	0.195843  1  -3095.9  8406
O16 	14895.1 	0.336188  1  -4381.33  9808
O16 	14895.1 	0.212517  1  4680.33  321
O16 	14895.1 	0.367294  1  -497.777  5829
O16 	14895.1 	0.327994  1  -895.612  6183
O16 	14895.1 	0.285892  1  2091.39  3127
O16 	14895.1 	0.896053  1  818.178  4222
O16 	14895.1 	0.228449  1  129.142  5119
O16 	14895.1 	0.332066  1  -158.149  5384
O16 	14895.1 	0.416849  1  -2162.73  7372
O16 	14895.1 	0.741399  1  137.525  5154
O16 	14895.1 	0.58671  1  -4319.77  9711
O16 	14895.1 	0.241266  1  2997.7  2075
O16 	14895.1 	0.195397  1  125.327  5114
O16 	14895.1 	0.444226  1  3532.38  1553
O16 	14895.1 	0.295548  1  -2450.72  7908
O16 	14895.1 	0.608436  1  4495.45  494
O16 	14895.1 	0.292429  1  -4005.49  9284
O16 	14895.1 	0.447551  1  -2084.42  7377
O16 	14895.1 	1.43838  1  -4120.69  9541
O16 	14895.1 	0.282548  1  -832.022  6096
O16 	14895.1 	0.235023  1  1681.65  3461
O16 	14895.1 	4.79637  1  1472.84  3692
O16 	14895.1 	0.483082  1  3676.77  1431
O16 	14895.1 	0.649464  1  3509.29  1543
O16 	14895.1 	1.90066  1  1070.35  4108
O16 	14895.1 	0.47007  1  -1447.01  6793
O16 	14895.1 	0.37788  1  -1383.66  6661
O16 	14895.1 	0.204029  1  -2045.71  7381
O16 	14895.1 	0.229212  1  1787.09  3288
O16 	14895.1 	1.2328  1  -2024.72  7256
O16 	14895.1 	0.434164  1  145.686  5216
O16 	14895.1 	0.194549  1  4633.07  404
O16 	14895.1 	0.209278  1  -4914.76  10473
O16 	14895.1 	0.308604  1  -405.472  5578
O16 	14895.1 	0.261281  1  -3073.89  8619
O16 	14895.1 	0.241458  1  -3926.74  9471
O16 	14895.1 	0.608878  1  4849.84  164
O16 	14895.1 	0.66511  1  -374.811  5567
O16 	14895.1 	0.207334  1  -1767.11  7035
O16 	14895.1 	0.899371  1  -4502.5  9832
O16 	14895.1 	0.530854  1  -3281.82  8517
O16 	14895.1 	0.246534  1  -1679.41  7131
O16 	14895.1 	0.195887  1  -1068.62  6354
O16 	14895.1 	0.334015  1  2816.89  2288
O16 	14895.1 	0.222188  1  -3810.48  9287
O16 	14895.1 	0.522847  1  4559.48  466
O16 	14895.1 	0.835992  1  4123.12  863
O16 	14895.1 	0.779939  1  -4971.32  10419
O16 	14895.1 	0.216574  1  -868.595  6206
O16 	14895.1 	0.264176  1  -1057.06  6265
O16 	14895.1 	0.287037  1  2746.56  2347
O16 	14895.1 	0.360986  1  -286.178  5491
O16 	14895.1 	0.267702  1  -298.687  5504
O16 	14895.1 	0.233141  1  -3004.88  8338
O16 	14895.1 	0.258917  1  449.273  4760
O16 	14895.1 	0.548032  1  -3380.84  8768
O16 	14895.1 	0.25652  1  -4843.81  10342
O16 	14895.1 	0.236253  1  -3016.04  8310
O16 	14895.1 	0.375348  1  2822.25  2215
O16 	14895.1 	0.201071  1  3961.29  1111
O16 	14895.1 	0.190997  1  1494.29  3606
O16 	14895.1 	0.477262  1  -4794.76  10265
O16 	14895.1 	0.266048  1  4239.51  779
O16 	14895.1 	0.300101  1  -1271.94  6444
O16 	14895.1 	0.228021  1  -2391.62  7603
O16 	14895.1 	0.226239  1  1344.37  3808
O16 	14895.1 	0.257209  1  -165.994  5220
O16 	14895.1 	1.26689  1  -2625.86  7953
O16 	14895.1 	0.250379  1  851.944  4353
O16 	14895.1 	0.325889  1  2079.39  3078
O16 	14895.1 	0.199883  1  -872.077  6090
O16 	14895.1 	0.476787  1  3303.07  1702
O16 	14895.1 	0.343008  1  3178.72  1898
O16 	14895.1 	0.317953  1  -3952.5  9392
O16 	14895.1 	0.193717  1  3208.25  1913
O16 	14895.1 	0.205761  1  3177.38  1926
O16 	14895.1 	1.33425  1  -3739.13  9280
O16 	14895.1 	0.216891  1  -2933.15  8253
O16 	14895.1 	0.391041  1  -4866.61  10326
O16 	14895.1 	0.515432  1  4506.81  521
O16 	14895.1 	1.18456  1  4597.42  412
O16 	14895.1 	0.261406  1  -858.264  6051
O16 	14895.1 	0.232386  1  4341.54  693
O16 	14895.1 	0.279482  1  1436.9  3770
O16 	14895.1 	0.375475  1  -3644.48  8901
O16 	14895.1 	0.268781  1  3675.56  1411
O16 	14895.1 	0.310173  1  -1699.46  6926
O16 	14895.1 	0.250403  1  -4673.46  10019
O16 	14895.1 	0.255371  1  -4491.57  10139
O16 	14895.1 	0.334753  1  4787.51  231
O16 	14895.1 	0.298238  1  -4293.66  10003
O16 	14895.1 	0.946726  1  -3356.79  8849
O16 	14895.1 	0.198351  1  -1922.88  7283
O16 	14895.1 	0.327722  1  4524.53  488
O16 	14895.1 	0.226042  1  -2758.43  8035
O16 	14895.1 	0.585779  1  2654.28  2502
O16 	14895.1 	0.694032  1  2940.03  2172
O16 	14895.1 	1.64821  1  -1094.8  6325
O16 	14895.1 	0.399522  1  379.839  4869
O16 	14895.1 	0.510263  1  -4627.84  9911
O16 	14895.1 	0.192675  1  -4976.43  10402
O16 	14895.1 	0.469457  1  -1809.93  7213
O16 	14895.1 	0.188691  1  -3809.65  9308
O16 	14895.1 	0.859954  1  -4767.19  10269
O16 	14895.1 	0.29657  1  454.191  4706
O16 	14895.1 	0.216969  1  1711.02  3501
O16 	14895.1 	0.391425  1  -2497.59  7742
O16 	14895.1 	1.40937  1  -3283.69  8788
O16 	14895.1 	0.302326  1  -4223.28  9613
O16 	14895.1 	0.209677  1  518.902  4703
O16 	14895.1 	0.246614  1  -412.856  5677
O16 	14895.1 	0.303799  1  10.4422  5135
O16 	14895.1 	0.45641  1  1658.69  3410
O16 	14895.1 	0.249326  1  -1978.26  7337
O16 	14895.1 	0.192946  1  92.7397  5155
O16 	14895.1 	0.705462  1  -4644.69  10108
O16 	14895.1 	0.190998  1  2814.72  2178
O16 	14895.1 	0.31242  1  -1643.38  6889
O16 	14895.1 	0.204702  1  2100.13  2997
O16 	14895.1 	0.189263  1  345.438  4835
O16 	14895.1 	0.194609  1  3267.46  1885
O16 	14895.1 	0.272023  1  -344.789  5606
O16 	14895.1 	0.676625  1  277.236  5022
O16 	14895.1 	0.409069  1  887.108  4181
O16 	14895.1 	0.283758  1  758.602  4456
O16 	14895.1 	0.188394  1  -2268.84  7437
O16 	14895.1 	0.188593  1  2099.81  2991
O16 	14895.1 	0.29875  1  769.774  4408
O16 	14895.1 	0.190949  1  3926.05  1171
O16 	14895.1 	0.203036  1  -1374.13  6642
O16 	14895.1 	0.387309  1  -937.039  6198
O16 	14895.1 	0.197739  1  -779.301  6154
O16 	14895.1 	0.275966  1  4624.04  360
O16 	14895.1 	0.30482  1  2233.96  2780
O16 	14895.1 	0.369847  1  -1410.07  6708
O16 	14895.1 	0.22144  1  -4571.87  10021
O16 	14895.1 	0.220436  1  -1199.16  6542
O16 	14895.1 	0.56523  1  -4006.14  9274
O16 	14895.1 	0.188628  1  768.491  4362
O16 	14895.1 	0.421444  1  2127.22  3009
O16 	14895.1 	0.416038  1  -4493.92  9859
O16 	14895.1 	0.307256  1  -2750.19  8108
O16 	14895.1 	0.500229  1  -2088.02  7451
O16 	14895.1 	0.231926  1  -1409.95  6714
O16 	14895.1 	0.192731  1  4788.18  204
O16 	14895.1 	0.198769  1  -4179.08  9515
O16 	14895.1 	0.44925  1  -1253.37  6517
O16 	14895.1 	0.197484  1  623.154  4467
O16 	14895.1 	0.2001  1  -3520.13  8846
O16 	14895.1 	0.241942  1  -4878.61  10407
O16 	14895.1 	0.913247  1  -2437.42  7694
O16 	14895.1 	0.4522  1  4210.57  843
O16 	14895.1 	0.222254  1  277.154  4895
O16 	14895.1 	0.408608  1  2516.75  2551
