O16 	14895.1 	0.220474  1  1459.92  3637
O16 	14895.1 	0.299735  1  3081.78  1954
O16 	14895.1 	1.27877  1  1467.92  3736
O16 	14895.1 	0.55596  1  2298.95  2740
O16 	14895.1 	0.241486  1  453.623  4634
O16 	14895.1 	0.904799  1  4856.81  142
O16 	14895.1 	0.260661  1  4810.88  186
O16 	14895.1 	0.38315  1  73.9412  5048
O16 	14895.1 	0.210472  1  3048.15  2056
O16 	14895.1 	0.228241  1  4127.97  914
O16 	14895.1 	0.300302  1  -189.817  5369
O16 	14895.1 	0.331076  1  -119.698  5419
O16 	14895.1 	1.62545  1  2132.38  2945
O16 	14895.1 	0.352951  1  1830.93  3321
O16 	14895.1 	6.93415  1  -1959.33  7495
O16 	14895.1 	0.753688  1  1232.76  3843
O16 	14895.1 	0.428307  1  2868.5  2236
O16 	14895.1 	0.953777  1  -914.615  6320
O16 	14895.1 	0.188841  1  3348.71  1691
O16 	14895.1 	2.56478  1  -1991.01  7497
O16 	14895.1 	0.191427  1  -699.903  5976
O16 	14895.1 	0.224208  1  2801.78  2227
O16 	14895.1 	0.651761  1  1518.1  3678
O16 	14895.1 	0.454484  1  1469.13  3743
O16 	14895.1 	0.334404  1  4993.33  10
O16 	14895.1 	0.294716  1  373.648  4692
O16 	14895.1 	0.466746  1  -1075.52  6189
O16 	14895.1 	0.375201  1  4584.13  457
O16 	14895.1 	0.532015  1  -223.885  5448
O16 	14895.1 	0.714165  1  66.1207  5075
O16 	14895.1 	0.194002  1  2418.97  2730
O16 	14895.1 	0.206672  1  926.276  4179
O16 	14895.1 	0.629014  1  3320.52  1806
O16 	14895.1 	0.322954  1  4302.36  687
O16 	14895.1 	1.19178  1  -355.684  5636
O16 	14895.1 	0.402404  1  552.785  4715
O16 	14895.1 	0.215386  1  2278.16  2788
O16 	14895.1 	0.342922  1  4346.49  674
O16 	14895.1 	0.191225  1  318.478  4958
O16 	14895.1 	0.227197  1  4910.02  88
O16 	14895.1 	0.276004  1  2368.17  2673
O16 	14895.1 	0.56899  1  -969.173  6354
O16 	14895.1 	0.65861  1  1046.89  3838
O16 	14895.1 	0.428444  1  4633.65  375
O16 	14895.1 	0.218039  1  4686.54  336
O16 	14895.1 	0.557599  1  1873.45  3290
O16 	14895.1 	0.446837  1  4346.32  658
O16 	14895.1 	0.266301  1  4627.46  388
O16 	14895.1 	1.20678  1  2558.43  2551
O16 	14895.1 	1.18082  1  588.485  4571
O16 	14895.1 	0.215976  1  2323.74  2914
O16 	14895.1 	0.527478  1  2734.77  2387
O16 	14895.1 	0.20017  1  4300.09  777
O16 	14895.1 	1.9313  1  -1801.08  7262
O16 	14895.1 	0.196194  1  3128.65  1940
O16 	14895.1 	1.11113  1  3021.29  2078
O16 	14895.1 	0.351661  1  996.184  4111
O16 	14895.1 	0.447461  1  2611.07  2490
O16 	14895.1 	0.487834  1  -1616.19  6871
O16 	14895.1 	0.856389  1  4503  488
O16 	14895.1 	0.34831  1  1244.26  3994
O16 	14895.1 	0.334633  1  311.866  4924
O16 	14895.1 	0.734735  1  -1596.54  7152
O16 	14895.1 	0.347781  1  2671.62  2442
O16 	14895.1 	0.199219  1  3871.86  1135
O16 	14895.1 	0.387751  1  2919.38  2275
O16 	14895.1 	0.473599  1  2033.53  3191
O16 	14895.1 	0.193532  1  2450.61  2712
O16 	14895.1 	0.591091  1  -1709.39  7008
O16 	14895.1 	0.197588  1  3157.75  1877
O16 	14895.1 	0.847844  1  4240.8  783
O16 	14895.1 	0.337814  1  2294.38  2821
O16 	14895.1 	3.70313  1  -1802.94  7241
O16 	14895.1 	0.234881  1  1637.49  3626
O16 	14895.1 	0.288489  1  1487.58  3780
O16 	14895.1 	0.203395  1  2224.32  2925
O16 	14895.1 	0.349275  1  4449.75  551
O16 	14895.1 	0.33123  1  1537.33  3545
O16 	14895.1 	1.64809  1  3403.45  1561
O16 	14895.1 	0.604393  1  -1751.34  7174
O16 	14895.1 	4.21539  1  -2006.35  7539
O16 	14895.1 	0.188184  1  4230.03  774
O16 	14895.1 	1.41971  1  4142.77  905
O16 	14895.1 	0.495351  1  4519.77  528
O16 	14895.1 	0.213757  1  2493.07  2682
O16 	14895.1 	0.230827  1  2700.8  2361
O16 	14895.1 	0.598414  1  4539.25  493
O16 	14895.1 	0.487639  1  2339.9  2794
O16 	14895.1 	0.28365  1  -743.147  5987
O16 	14895.1 	2.00547  1  -1699.55  7099
O16 	14895.1 	0.218862  1  391.88  4830
O16 	14895.1 	0.188764  1  529.101  4693
O16 	14895.1 	3.11663  1  -1374.72  6917
O16 	14895.1 	0.205932  1  -849.396  5867
O16 	14895.1 	0.188786  1  3638.1  1414
O16 	14895.1 	0.291373  1  -490.734  5588
O16 	14895.1 	0.399245  1  4941.28  72
O16 	14895.1 	0.224656  1  4732.85  265
O16 	14895.1 	0.222438  1  4864.39  157
O16 	14895.1 	0.208226  1  -277.617  5616
O16 	14895.1 	0.241825  1  890.709  4316
O16 	14895.1 	0.189071  1  1992.21  3213
O16 	14895.1 	0.417569  1  1013.14  4164
O16 	14895.1 	0.218084  1  -1032.92  6332
O16 	14895.1 	0.300677  1  -1707.04  6952
O16 	14895.1 	0.391718  1  231.882  5009
O16 	14895.1 	0.365415  1  4585.97  399
O16 	14895.1 	0.504864  1  2952.42  2090
O16 	14895.1 	0.205536  1  -562.497  5826
O16 	14895.1 	0.30897  1  -898.358  6123
O16 	14895.1 	0.792656  1  2893.36  2218
O16 	14895.1 	0.318242  1  2780.69  2314
O16 	14895.1 	0.580072  1  -993.938  6098
O16 	14895.1 	0.274905  1  2629.11  2489
O16 	14895.1 	0.250346  1  2511.97  2640
O16 	14895.1 	0.355371  1  4244.9  765
O16 	14895.1 	0.241771  1  -1656.15  7096
O16 	14895.1 	0.586251  1  3847.49  1205
O16 	14895.1 	0.580784  1  1916.42  3181
O16 	14895.1 	3.00524  1  -1383.18  6834
O16 	14895.1 	0.206105  1  -1252.08  6669
O16 	14895.1 	0.25331  1  2097.66  3001
O16 	14895.1 	0.526915  1  3592.55  1527
O16 	14895.1 	0.495294  1  -740.823  5979
O16 	14895.1 	4.97806  1  -1699.52  7186
O16 	14895.1 	0.383733  1  340.967  4856
O16 	14895.1 	0.584452  1  -850.264  6223
O16 	14895.1 	4.53156  1  -1588.22  7075
O16 	14895.1 	0.318487  1  3843  1238
O16 	14895.1 	0.201188  1  4252.6  748
O16 	14895.1 	0.305892  1  4991.13  12
O16 	14895.1 	0.238106  1  434.209  4985
O16 	14895.1 	0.387449  1  4172.47  848
O16 	14895.1 	0.329208  1  -1817.42  7189
O16 	14895.1 	0.264336  1  3326.24  1779
O16 	14895.1 	1.003  1  -594.153  5663
O16 	14895.1 	0.398429  1  -955.058  6322
O16 	14895.1 	0.333327  1  2985.48  2076
O16 	14895.1 	0.197183  1  2299.63  2776
O16 	14895.1 	0.370384  1  2835.76  2347
O16 	14895.1 	0.279264  1  -884.381  6077
O16 	14895.1 	0.23228  1  4391.23  575
O16 	14895.1 	0.286893  1  2993.26  2043
O16 	14895.1 	0.231365  1  -1372.08  6785
O16 	14895.1 	0.325807  1  1410.83  3729
O16 	14895.1 	0.61223  1  -144.424  5396
O16 	14895.1 	0.379336  1  -1309  6573
O16 	14895.1 	0.786439  1  1376.26  3749
O16 	14895.1 	0.304881  1  2734.66  2387
O16 	14895.1 	0.663291  1  363.064  4777
O16 	14895.1 	1.02795  1  4124.43  851
O16 	14895.1 	0.304712  1  4711.28  316
O16 	14895.1 	3.04647  1  -1898.98  7533
O16 	14895.1 	0.23893  1  -1076.64  6370
O16 	14895.1 	0.224904  1  2505.92  2641
O16 	14895.1 	0.21418  1  647.93  4648
O16 	14895.1 	0.320232  1  1598.7  3572
O16 	14895.1 	0.220549  1  5.95164  5216
O16 	14895.1 	0.367606  1  -1592.57  6996
O16 	14895.1 	0.726325  1  -210.922  5350
O16 	14895.1 	0.479822  1  -625.468  5725
O16 	14895.1 	0.202013  1  4438.49  588
O16 	14895.1 	11.9552  1  585.666  4828
O16 	14895.1 	0.196264  1  173.538  5018
O16 	14895.1 	0.353352  1  -748.874  6042
O16 	14895.1 	0.544549  1  4682.02  314
O16 	14895.1 	0.362791  1  2568.68  2553
O16 	14895.1 	0.627716  1  4043.61  1019
O16 	14895.1 	0.550593  1  -168.855  5442
O16 	14895.1 	0.605214  1  -108.625  5415
O16 	14895.1 	0.239332  1  1458.23  3677
O16 	14895.1 	0.334386  1  55.0649  5114
O16 	14895.1 	0.563346  1  4576.34  421
O16 	14895.1 	0.800657  1  751.572  4328
O16 	14895.1 	0.265772  1  603.235  4609
O16 	14895.1 	0.267632  1  4192.48  830
O16 	14895.1 	0.251526  1  -464.393  5711
O16 	14895.1 	1.09772  1  4996.93  5
O16 	14895.1 	0.343804  1  4533.57  508
O16 	14895.1 	0.207563  1  1998.08  3081
O16 	14895.1 	0.551063  1  518.758  4785
O16 	14895.1 	0.210355  1  4721.47  280
O16 	14895.1 	0.239651  1  2264.28  2884
O16 	14895.1 	0.265537  1  4812.91  190
O16 	14895.1 	0.459511  1  2379.03  2722
O16 	14895.1 	0.193226  1  4272.68  734
O16 	14895.1 	0.191892  1  1735.79  3356
O16 	14895.1 	0.201695  1  4551.31  457
O16 	14895.1 	0.322496  1  -341.756  5557
O16 	14895.1 	0.434649  1  1385.09  3745
O16 	14895.1 	0.788946  1  4375.52  668
O16 	14895.1 	0.26251  1  1098.03  4128
O16 	14895.1 	0.212067  1  3489.48  1563
O16 	14895.1 	0.21352  1  -1659.51  7096
O16 	14895.1 	0.567666  1  4878.02  129
O16 	14895.1 	0.434065  1  1345.95  3785
O16 	14895.1 	0.230345  1  -1183.44  6418
O16 	14895.1 	0.225066  1  1658.71  3497
O16 	14895.1 	0.314489  1  3797.13  1247
O16 	14895.1 	0.687742  1  738.843  4383
O16 	14895.1 	0.440244  1  824.368  4358
O16 	14895.1 	0.267138  1  -266.321  5474
O16 	14895.1 	0.240825  1  951.665  4202
O16 	14895.1 	1.83828  1  -1905.9  7350
O16 	14895.1 	0.623543  1  -533.348  5841
O16 	14895.1 	1.11654  1  -780.965  6233
O16 	14895.1 	0.272424  1  4650.07  392
O16 	14895.1 	0.404272  1  1082.92  4004
O16 	14895.1 	0.977378  1  4100.29  942
O16 	14895.1 	0.199298  1  601.28  4491
O16 	14895.1 	0.18906  1  550.904  4586
O16 	14895.1 	3.0315  1  438.814  4769
O16 	14895.1 	0.602899  1  3761.87  1285
O16 	14895.1 	0.461558  1  641.238  4588
O16 	14895.1 	0.246172  1  -185.582  5452
O16 	14895.1 	1.05155  1  4569.01  441
O16 	14895.1 	0.274759  1  4749.58  240
O16 	14895.1 	0.276382  1  4189.33  814
O16 	14895.1 	0.284487  1  1930.02  3243
O16 	14895.1 	0.195951  1  2600.86  2570
O16 	14895.1 	0.249052  1  2022.33  3041
O16 	14895.1 	0.313009  1  -304.667  5421
O16 	14895.1 	0.415645  1  3772.93  1256
O16 	14895.1 	0.278446  1  -356.244  5551
O16 	14895.1 	0.267163  1  3011.33  1983
O16 	14895.1 	0.310615  1  945.44  4250
O16 	14895.1 	0.29983  1  2039.97  3109
O16 	14895.1 	0.228941  1  474.448  4848
O16 	14895.1 	0.19045  1  3418.88  1673
O16 	14895.1 	0.789554  1  -493.77  5869
O16 	14895.1 	0.191183  1  2401.21  2727
O16 	14895.1 	0.458399  1  2153.32  2939
O16 	14895.1 	0.427865  1  1548.14  3674
O16 	14895.1 	0.5221  1  2720.41  2356
O16 	14895.1 	0.322613  1  3933.45  1113
O16 	14895.1 	0.385615  1  269.711  5012
O16 	14895.1 	0.616446  1  110.231  5118
O16 	14895.1 	0.192811  1  4193.4  834
O16 	14895.1 	0.229356  1  -1176.17  6570
O16 	14895.1 	0.463114  1  -681.413  5972
O16 	14895.1 	0.336718  1  2299.23  2808
O16 	14895.1 	0.207088  1  -384.06  5664
O16 	14895.1 	0.368334  1  -987.413  6419
O16 	14895.1 	0.200097  1  1562.11  3499
O16 	14895.1 	0.366279  1  37.9151  5237
O16 	14895.1 	0.312452  1  2648.41  2479
O16 	14895.1 	0.930051  1  4349.48  724
O16 	14895.1 	0.485769  1  4444.71  596
O16 	14895.1 	0.258591  1  2935.91  2161
O16 	14895.1 	0.335444  1  975.099  4193
O16 	14895.1 	0.196873  1  1511.45  3566
O16 	14895.1 	0.32257  1  -1237.45  6461
O16 	14895.1 	0.300692  1  -1156.75  6489
O16 	14895.1 	0.209213  1  2919.37  2143
O16 	14895.1 	4.05847  1  -1871.06  7325
O16 	14895.1 	0.198266  1  4535.64  473
O16 	14895.1 	0.42787  1  4866.67  161
O16 	14895.1 	0.230745  1  4436.49  563
O16 	14895.1 	0.283221  1  1369.74  3788
O16 	14895.1 	0.41006  1  389.917  4836
O16 	14895.1 	0.314597  1  770.533  4424
O16 	14895.1 	0.441932  1  2438.49  2726
O16 	14895.1 	1.292  1  4364.11  646
O16 	14895.1 	0.463371  1  198.204  5001
O16 	14895.1 	0.517439  1  2177.62  3001
O16 	14895.1 	1.18692  1  1266.27  3907
O16 	14895.1 	1.26578  1  289.816  4887
O16 	14895.1 	0.189273  1  226.228  5006
O16 	14895.1 	0.333  1  2481.91  2619
O16 	14895.1 	0.789928  1  1900.82  3228
O16 	14895.1 	6.08685  1  -1039.53  6420
O16 	14895.1 	0.365153  1  2551.99  2473
O16 	14895.1 	0.258079  1  4307.16  740
O16 	14895.1 	0.429701  1  -151.427  5316
O16 	14895.1 	0.350116  1  -1316.03  6627
O16 	14895.1 	0.988342  1  706.212  4598
O16 	14895.1 	0.299114  1  -994.101  6184
O16 	14895.1 	0.35121  1  421.695  4918
O16 	14895.1 	0.217718  1  4132.32  879
O16 	14895.1 	0.37331  1  4497.35  535
O16 	14895.1 	0.193933  1  -114.355  5476
O16 	14895.1 	0.297666  1  -986.915  6247
O16 	14895.1 	0.317997  1  4595.6  423
O16 	14895.1 	0.233547  1  1269.06  3910
O16 	14895.1 	0.2391  1  2768.71  2309
O16 	14895.1 	0.191396  1  850.51  4369
O16 	14895.1 	0.571991  1  -637.372  5791
O16 	14895.1 	3.6734  1  -1750.73  7198
O16 	14895.1 	0.319569  1  371.42  4856
O16 	14895.1 	1.5979  1  -1896.13  7467
O16 	14895.1 	1.80769  1  -1620.68  7214
O16 	14895.1 	0.267119  1  2192  2910
O16 	14895.1 	0.727997  1  1935.87  3200
O16 	14895.1 	0.415193  1  494.026  4697
O16 	14895.1 	0.510005  1  793.637  4426
O16 	14895.1 	0.495833  1  4991.07  7
O16 	14895.1 	0.253993  1  1631.05  3582
O16 	14895.1 	0.452287  1  2168.57  3005
O16 	14895.1 	0.83837  1  -2151.32  7562
O16 	14895.1 	0.615674  1  -1239.37  6524
O16 	14895.1 	0.278222  1  3306.3  1849
O16 	14895.1 	0.44861  1  -236.24  5590
O16 	14895.1 	0.346821  1  4789.46  213
O16 	14895.1 	3.01902  1  -1461.25  7084
O16 	14895.1 	0.209182  1  3394.16  1698
O16 	14895.1 	0.661458  1  -1171.94  6452
O16 	14895.1 	0.247043  1  3288.7  1765
O16 	14895.1 	0.333669  1  -1382.64  6703
O16 	14895.1 	0.199267  1  -463.609  5701
O16 	14895.1 	0.251604  1  2019.93  3100
O16 	14895.1 	0.206683  1  2805.62  2305
O16 	14895.1 	0.218693  1  3513.25  1589
O16 	14895.1 	0.232271  1  -522.564  5970
O16 	14895.1 	0.316897  1  1639.92  3499
O16 	14895.1 	0.536798  1  4048.66  1061
O16 	14895.1 	0.213902  1  -205.387  5410
O16 	14895.1 	0.308069  1  -899.097  6146
O16 	14895.1 	0.28241  1  4321.27  717
O16 	14895.1 	1.69648  1  2899.65  2210
O16 	14895.1 	0.65709  1  -1417.38  6849
O16 	14895.1 	1.09597  1  -1397.4  6742
O16 	14895.1 	0.829313  1  186.904  4971
O16 	14895.1 	0.510903  1  4555.4  450
O16 	14895.1 	0.602867  1  2943.01  2057
O16 	14895.1 	0.307363  1  1349.93  3723
O16 	14895.1 	0.239266  1  4014.53  1056
O16 	14895.1 	0.802781  1  3569.8  1466
O16 	14895.1 	0.86819  1  -663.611  6052
O16 	14895.1 	0.299387  1  1488.15  3631
O16 	14895.1 	0.308388  1  1551.81  3513
O16 	14895.1 	0.352587  1  3623.68  1420
O16 	14895.1 	0.198745  1  4377.87  634
O16 	14895.1 	0.890261  1  4796.1  216
O16 	14895.1 	1.96247  1  -1833.13  7282
O16 	14895.1 	0.5184  1  4095.13  948
O16 	14895.1 	0.764106  1  3940.19  1149
O16 	14895.1 	0.201436  1  4265.29  769
O16 	14895.1 	0.280865  1  1354.64  3874
O16 	14895.1 	0.653384  1  2495.2  2559
O16 	14895.1 	3.39929  1  -1625.07  6938
O16 	14895.1 	0.240301  1  714.287  4505
O16 	14895.1 	0.68414  1  4565.31  441
O16 	14895.1 	0.714044  1  1976.24  3108
O16 	14895.1 	0.457656  1  -172.83  5464
O16 	14895.1 	0.337527  1  4119.18  889
O16 	14895.1 	1.20622  1  -995.01  6299
O16 	14895.1 	0.196658  1  608.004  4601
O16 	14895.1 	1.84473  1  450.888  4703
O16 	14895.1 	0.215738  1  2666.4  2408
O16 	14895.1 	0.471034  1  2948.02  2175
O16 	14895.1 	0.275902  1  3944.03  1122
O16 	14895.1 	0.246952  1  -534.803  5821
O16 	14895.1 	0.207957  1  -607.94  5709
O16 	14895.1 	1.29012  1  3451.13  1571
O16 	14895.1 	0.497  1  479.463  4789
O16 	14895.1 	1.37551  1  3146.29  1952
O16 	14895.1 	0.246104  1  1687.57  3463
O16 	14895.1 	0.80523  1  -1502.47  6890
O16 	14895.1 	0.192795  1  -1649.39  7008
O16 	14895.1 	0.21873  1  1335.16  3967
O16 	14895.1 	0.501785  1  3398.56  1715
O16 	14895.1 	0.430431  1  -1627.22  7029
O16 	14895.1 	0.491173  1  -243.966  5524
O16 	14895.1 	0.25183  1  4407.2  646
O16 	14895.1 	0.507361  1  4753.37  273
O16 	14895.1 	0.221088  1  2653.92  2463
O16 	14895.1 	0.456006  1  2744.19  2370
O16 	14895.1 	0.32976  1  -218.987  5446
O16 	14895.1 	0.310841  1  3841.8  1241
O16 	14895.1 	0.191882  1  -665.852  5972
O16 	14895.1 	0.481995  1  2839.94  2280
O16 	14895.1 	0.940643  1  13.5968  5204
O16 	14895.1 	0.216801  1  1348.7  3870
O16 	14895.1 	2.4374  1  -1381.22  6636
O16 	14895.1 	0.513286  1  2831.42  2290
O16 	14895.1 	0.264382  1  4785.59  185
O16 	14895.1 	0.656098  1  1130.09  3917
O16 	14895.1 	0.408966  1  1005.01  4176
O16 	14895.1 	0.327885  1  3720.93  1330
O16 	14895.1 	0.217872  1  -491.225  5733
O16 	14895.1 	0.412733  1  829.99  4384
O16 	14895.1 	0.784206  1  2679.92  2375
O16 	14895.1 	0.257779  1  -872.111  6241
O16 	14895.1 	0.44472  1  2444.98  2686
O16 	14895.1 	0.581546  1  2511.49  2557
O16 	14895.1 	0.336892  1  -663.061  5849
O16 	14895.1 	0.422749  1  -122.773  5374
O16 	14895.1 	0.812616  1  -1904.77  7458
O16 	14895.1 	0.329581  1  1852.44  3339
O16 	14895.1 	0.567045  1  766.47  4397
O16 	14895.1 	1.2925  1  1389.84  3753
O16 	14895.1 	0.323154  1  3829.32  1215
O16 	14895.1 	0.215517  1  -821.104  6129
O16 	14895.1 	0.247936  1  3700.15  1300
O16 	14895.1 	0.666777  1  912.454  4148
O16 	14895.1 	0.640589  1  3401.35  1738
O16 	14895.1 	0.315935  1  -566.673  5807
O16 	14895.1 	0.398772  1  3028.72  2112
O16 	14895.1 	0.19572  1  2673.75  2529
O16 	14895.1 	0.31288  1  3287.04  1705
O16 	14895.1 	0.297845  1  1272  3881
O16 	14895.1 	0.233313  1  2757.33  2414
O16 	14895.1 	0.201804  1  442.762  4836
O16 	14895.1 	1.286  1  -1959.04  7437
O16 	14895.1 	0.750004  1  -270.969  5552
O16 	14895.1 	0.235229  1  2793.66  2291
O16 	14895.1 	0.236043  1  4680.99  329
O16 	14895.1 	0.772464  1  2904.55  2174
O16 	14895.1 	0.523202  1  3366.71  1784
O16 	14895.1 	0.514977  1  1580.87  3607
O16 	14895.1 	0.197175  1  2463.94  2693
O16 	14895.1 	0.606485  1  1083.54  4140
O16 	14895.1 	0.309979  1  1084.63  4068
O16 	14895.1 	0.240775  1  1509.31  3685
O16 	14895.1 	1.53314  1  -758.265  6026
O16 	14895.1 	0.275924  1  1360.69  3731
O16 	14895.1 	1.04687  1  3408.07  1676
O16 	14895.1 	0.210586  1  2818.55  2336
O16 	14895.1 	1.41678  1  -2219.39  7707
O16 	14895.1 	0.267252  1  685.291  4514
O16 	14895.1 	0.201941  1  2502.16  2648
O16 	14895.1 	0.487348  1  4307.25  714
O16 	14895.1 	0.239787  1  -607.258  5787
O16 	14895.1 	0.19354  1  -1502.33  6790
O16 	14895.1 	0.192781  1  3915.23  1120
O16 	14895.1 	0.393085  1  -395.401  5738
O16 	14895.1 	0.585673  1  4007.94  1049
O16 	14895.1 	0.256836  1  1081.95  4119
O16 	14895.1 	0.340861  1  2760.44  2325
O16 	14895.1 	0.348855  1  -63.7047  5367
O16 	14895.1 	0.308497  1  2838.22  2313
O16 	14895.1 	0.34106  1  -920.648  6319
O16 	14895.1 	0.23083  1  3981.54  1059
O16 	14895.1 	3.25055  1  -2124.45  7585
O16 	14895.1 	0.289811  1  3087.73  1949
O16 	14895.1 	0.197555  1  3700.63  1403
O16 	14895.1 	0.231595  1  393.851  4828
O16 	14895.1 	1.36424  1  -353.541  5383
O16 	14895.1 	0.26572  1  -107.705  5299
O16 	14895.1 	0.466264  1  -1280.58  6591
O16 	14895.1 	0.34229  1  1788.16  3366
O16 	14895.1 	0.195441  1  324.385  4941
O16 	14895.1 	0.19739  1  2322.97  2775
O16 	14895.1 	0.190103  1  -895.674  6167
O16 	14895.1 	0.205283  1  334.876  4904
O16 	14895.1 	0.419586  1  200.434  5115
O16 	14895.1 	0.361814  1  -1342.74  6658
O16 	14895.1 	2.12679  1  -1044.94  6541
O16 	14895.1 	0.188752  1  469.801  4728
O16 	14895.1 	0.262359  1  1619.13  3652
O16 	14895.1 	1.21537  1  790.587  4347
O16 	14895.1 	0.312274  1  1028.01  4090
O16 	14895.1 	0.21635  1  -564.875  5923
O16 	14895.1 	1.42565  1  595.424  4581
O16 	14895.1 	0.232016  1  4049.47  981
O16 	14895.1 	1.28418  1  914.561  4326
O16 	14895.1 	0.465938  1  -938.89  6131
O16 	14895.1 	0.52945  1  3095.23  1995
O16 	14895.1 	0.661952  1  3889.19  1133
O16 	14895.1 	0.218934  1  -1590.06  6919
O16 	14895.1 	0.441256  1  1124.03  4126
O16 	14895.1 	1.44056  1  -1125.49  6844
O16 	14895.1 	0.2409  1  95.5045  5039
O16 	14895.1 	0.191199  1  3087.1  1983
O16 	14895.1 	0.258583  1  -612.447  5946
O16 	14895.1 	0.202881  1  -202.324  5459
O16 	14895.1 	0.215831  1  904.847  4266
O16 	14895.1 	0.243111  1  1106.49  4126
O16 	14895.1 	0.944575  1  4382.56  652
O16 	14895.1 	0.519892  1  3981.77  1038
O16 	14895.1 	0.236361  1  4751.09  258
O16 	14895.1 	0.727614  1  4259.8  796
O16 	14895.1 	0.810761  1  -766.19  5952
O16 	14895.1 	0.279863  1  3914.55  1077
O16 	14895.1 	0.361704  1  3316.19  1793
O16 	14895.1 	0.957009  1  2094.81  3042
O16 	14895.1 	1.61025  1  -1205.69  6804
O16 	14895.1 	0.237621  1  -1836.98  7344
O16 	14895.1 	0.228291  1  3851.28  1299
O16 	14895.1 	0.443804  1  620.966  4564
O16 	14895.1 	0.366824  1  156.724  5157
O16 	14895.1 	0.189776  1  2487.97  2663
O16 	14895.1 	0.195603  1  -658.9  5874
O16 	14895.1 	0.260185  1  3214.98  1866
O16 	14895.1 	0.870458  1  3546.59  1498
O16 	14895.1 	0.241422  1  -605.467  5850
O16 	14895.1 	0.261706  1  2681.94  2397
O16 	14895.1 	0.358263  1  4891.07  116
O16 	14895.1 	1.22574  1  1773.89  3389
O16 	14895.1 	0.388736  1  737.894  4423
O16 	14895.1 	0.780947  1  3504.6  1524
O16 	14895.1 	0.201503  1  -1470.25  6822
O16 	14895.1 	0.289175  1  1229.73  3949
O16 	14895.1 	0.204629  1  4499.01  540
O16 	14895.1 	0.306293  1  168.842  5030
O16 	14895.1 	0.201081  1  -844.614  6108
O16 	14895.1 	0.249728  1  3010.03  2031
O16 	14895.1 	0.65123  1  2888.74  2169
O16 	14895.1 	0.373615  1  3235.48  1899
O16 	14895.1 	0.371007  1  2317.2  2906
O16 	14895.1 	1.45046  1  4310.65  727
O16 	14895.1 	0.241899  1  623.9  4686
O16 	14895.1 	0.418664  1  -249.298  5566
O16 	14895.1 	0.237392  1  2511.71  2609
O16 	14895.1 	1.44026  1  4275.72  693
O16 	14895.1 	0.323785  1  3063.5  2070
O16 	14895.1 	0.594086  1  3886.29  1183
O16 	14895.1 	0.876845  1  2651.77  2560
O16 	14895.1 	0.18981  1  757.737  4434
O16 	14895.1 	0.653623  1  3851.07  1188
O16 	14895.1 	0.20028  1  4288.84  774
O16 	14895.1 	0.601615  1  703.519  4541
O16 	14895.1 	0.274408  1  2263.59  2896
O16 	14895.1 	0.213827  1  4810.1  202
O16 	14895.1 	0.294591  1  4758.79  242
O16 	14895.1 	0.45  1  440.865  4692
O16 	14895.1 	0.209317  1  817.921  4438
O16 	14895.1 	0.260307  1  4293.57  745
O16 	14895.1 	0.576497  1  -840.905  6094
O16 	14895.1 	0.209833  1  3961.23  1095
O16 	14895.1 	0.197171  1  2206.11  2911
O16 	14895.1 	0.274539  1  -1713.31  7186
O16 	14895.1 	0.601106  1  -147.762  5413
O16 	14895.1 	0.201923  1  839.527  4360
O16 	14895.1 	0.368932  1  132.209  5070
O16 	14895.1 	0.824824  1  -734.933  6079
O16 	14895.1 	0.246631  1  4746.84  244
O16 	14895.1 	0.217095  1  2402.25  2636
O16 	14895.1 	0.49923  1  4607.29  383
O16 	14895.1 	0.247077  1  -1638.02  7041
O16 	14895.1 	0.346646  1  -1038.54  6312
O16 	14895.1 	0.404011  1  -1528.33  6871
O16 	14895.1 	0.94011  1  -1754.59  6949
O16 	14895.1 	0.259364  1  3122.07  1997
O16 	14895.1 	0.451553  1  590.293  4482
O16 	14895.1 	1.1991  1  2322.37  2895
O16 	14895.1 	0.188633  1  3046.43  2060
O16 	14895.1 	0.32359  1  -383.814  5728
O16 	14895.1 	0.251936  1  3546.24  1601
O16 	14895.1 	0.295123  1  -780.096  6117
O16 	14895.1 	0.37753  1  -539.32  5746
O16 	14895.1 	0.236885  1  4137.41  866
O16 	14895.1 	0.321986  1  3933.83  1120
O16 	14895.1 	0.672204  1  2199.47  3041
O16 	14895.1 	0.485812  1  4796.87  231
O16 	14895.1 	0.191653  1  54.0102  5147
O16 	14895.1 	0.226477  1  -511.191  5776
O16 	14895.1 	0.242766  1  3918.5  1101
O16 	14895.1 	0.968174  1  1451.18  3575
O16 	14895.1 	1.16394  1  4630.58  392
O16 	14895.1 	0.416049  1  3119.77  2049
O16 	14895.1 	0.191042  1  4075.64  963
O16 	14895.1 	0.219205  1  -1206.41  6624
O16 	14895.1 	0.210861  1  2694.31  2409
O16 	14895.1 	0.519859  1  -243.7  5525
O16 	14895.1 	1.35497  1  4930.33  78
O16 	14895.1 	0.192764  1  516.463  4699
O16 	14895.1 	0.458613  1  -74.1865  5347
O16 	14895.1 	0.188146  1  -1705.92  6894
O16 	14895.1 	2.15159  1  -1959.22  7573
O16 	14895.1 	0.384129  1  -38.6236  5298
O16 	14895.1 	0.207754  1  4705.97  307
O16 	14895.1 	0.2454  1  183.451  5026
O16 	14895.1 	0.17851  1  -1777.14  7337
O16 	14895.1 	0.260203  1  1764.78  3413
O16 	14895.1 	0.215357  1  2174.22  2907
O16 	14895.1 	0.196708  1  3984.66  1039
O16 	14895.1 	0.614353  1  505.711  4699
O16 	14895.1 	4.71386  1  -1702.03  7260
O16 	14895.1 	0.23551  1  4796.47  213
O16 	14895.1 	0.563149  1  995.658  4146
O16 	14895.1 	0.262082  1  947.758  4136
O16 	14895.1 	0.265718  1  4769.2  226
O16 	14895.1 	0.329763  1  2301.06  2791
O16 	14895.1 	0.332201  1  2603.81  2482
O16 	14895.1 	0.324504  1  -548.604  5889
O16 	14895.1 	0.309953  1  1059.43  4104
O16 	14895.1 	2.84933  1  -1953.85  7288
O16 	14895.1 	0.272371  1  905.446  4258
O16 	14895.1 	0.670186  1  4253.43  774
O16 	14895.1 	2.25592  1  1314.99  3814
O16 	14895.1 	0.36507  1  3150.95  1957
O16 	14895.1 	0.202047  1  2269.41  2951
O16 	14895.1 	0.284257  1  546.099  4797
O16 	14895.1 	0.197994  1  1463.38  3765
O16 	14895.1 	0.72585  1  2081.46  3106
O16 	14895.1 	0.447137  1  -1088.47  6325
O16 	14895.1 	0.386222  1  -1251.95  6650
O16 	14895.1 	0.345955  1  -1499.95  6705
O16 	14895.1 	0.301631  1  1187.97  4023
O16 	14895.1 	0.246446  1  -1077.97  6379
O16 	14895.1 	0.519977  1  -60.8205  5336
O16 	14895.1 	0.218389  1  4011.28  1013
O16 	14895.1 	0.224118  1  4221.04  817
O16 	14895.1 	0.562474  1  1536.64  3597
O16 	14895.1 	0.2629  1  -436.826  5685
O16 	14895.1 	0.26739  1  1849.5  3365
O16 	14895.1 	0.238034  1  -1030.6  6308
O16 	14895.1 	0.389809  1  1919.51  3192
O16 	14895.1 	0.209009  1  4422.28  577
O16 	14895.1 	0.239032  1  1866.51  3343
O16 	14895.1 	0.518088  1  308.769  4934
O16 	14895.1 	0.231685  1  -987.986  6456
O16 	14895.1 	0.380903  1  4314.16  676
O16 	14895.1 	0.268448  1  -1206.15  6598
O16 	14895.1 	0.942436  1  -968.978  6302
O16 	14895.1 	0.320214  1  -165.582  5436
O16 	14895.1 	3.44909  1  675.512  4552
O16 	14895.1 	0.206598  1  4495.46  509
O16 	14895.1 	2.80465  1  2130.78  3076
O16 	14895.1 	1.01967  1  2968.49  2118
O16 	14895.1 	0.255768  1  96.6805  5208
O16 	14895.1 	0.331593  1  4156.94  924
O16 	14895.1 	0.217313  1  213.27  5024
O16 	14895.1 	0.29284  1  276.692  4940
O16 	14895.1 	0.32262  1  3409.48  1631
O16 	14895.1 	0.34763  1  -328.436  5422
O16 	14895.1 	0.296485  1  2105.12  3011
O16 	14895.1 	0.44478  1  1541.62  3591
O16 	14895.1 	0.354174  1  3034.88  2007
O16 	14895.1 	0.251782  1  -1893.91  7411
O16 	14895.1 	0.241301  1  3609.79  1435
O16 	14895.1 	0.214458  1  437.597  4730
O16 	14895.1 	0.246541  1  4229.06  849
O16 	14895.1 	0.53096  1  1161.4  3987
O16 	14895.1 	0.325441  1  2944.06  2171
O16 	14895.1 	0.195015  1  269.03  4981
O16 	14895.1 	0.449366  1  1924.09  3233
O16 	14895.1 	0.348218  1  -49.5509  5184
O16 	14895.1 	0.501775  1  2689.2  2400
O16 	14895.1 	0.752864  1  2542.45  2503
O16 	14895.1 	0.352354  1  -1094.99  6337
O16 	14895.1 	0.364328  1  4047.62  971
O16 	14895.1 	4.64658  1  2630.97  2554
O16 	14895.1 	0.648747  1  -1895.36  7319
O16 	14895.1 	0.206442  1  -1116.24  6521
O16 	14895.1 	0.209399  1  3129.24  1978
O16 	14895.1 	0.453325  1  3496.06  1495
O16 	14895.1 	0.46523  1  1054.33  4126
O16 	14895.1 	0.395356  1  36.6763  5162
O16 	14895.1 	0.439946  1  -308.128  5531
O16 	14895.1 	0.880657  1  1012.18  4197
O16 	14895.1 	0.234901  1  3505.15  1642
O16 	14895.1 	0.217795  1  829.221  4400
O16 	14895.1 	1.2986  1  2878.7  2045
O16 	14895.1 	0.396664  1  3311.57  1769
O16 	14895.1 	0.945712  1  4687.77  340
O16 	14895.1 	0.263243  1  -975.264  6217
O16 	14895.1 	2.47537  1  -1819.7  7413
O16 	14895.1 	0.848323  1  2432.48  2676
O16 	14895.1 	0.30245  1  3886.9  1174
O16 	14895.1 	0.695422  1  511.773  4752
O16 	14895.1 	0.501158  1  1757.27  3374
O16 	14895.1 	0.216155  1  -1466.14  6799
O16 	14895.1 	0.272251  1  2712.5  2424
O16 	14895.1 	0.345362  1  -304.074  5534
O16 	14895.1 	0.604858  1  3901.17  1096
O16 	14895.1 	0.386589  1  2989.74  2117
O16 	14895.1 	0.41205  1  4037.64  978
O16 	14895.1 	0.460156  1  1844.35  3160
O16 	14895.1 	0.257918  1  3601.73  1565
O16 	14895.1 	0.371848  1  -362.639  5672
O16 	14895.1 	0.242413  1  2433.64  2772
O16 	14895.1 	0.281085  1  1500.75  3698
O16 	14895.1 	0.406641  1  162.346  5122
O16 	14895.1 	0.28935  1  496.822  4754
O16 	14895.1 	0.417251  1  4131.33  886
O16 	14895.1 	1.77118  1  1060.88  4136
O16 	14895.1 	1.89745  1  -2101.21  7675
O16 	14895.1 	1.74248  1  -1262.15  6732
O16 	14895.1 	0.460468  1  1803.66  3419
O16 	14895.1 	0.235755  1  -1577.31  6995
O16 	14895.1 	0.264856  1  1733.48  3451
O16 	14895.1 	0.305056  1  2608.79  2446
O16 	14895.1 	0.257714  1  1998.32  2991
O16 	14895.1 	0.457538  1  -805.114  6076
O16 	14895.1 	0.350535  1  3734.58  1350
O16 	14895.1 	0.198801  1  752.397  4590
O16 	14895.1 	0.470861  1  1304.5  3926
O16 	14895.1 	0.23663  1  -240.609  5551
O16 	14895.1 	0.532309  1  4458.41  564
O16 	14895.1 	1.01263  1  4193.91  893
O16 	14895.1 	0.390987  1  1688.2  3547
O16 	14895.1 	0.267259  1  -741.445  6027
O16 	14895.1 	0.403911  1  -856.704  6209
O16 	14895.1 	0.274152  1  1136.24  4043
O16 	14895.1 	0.228745  1  4026.3  1052
O16 	14895.1 	0.527432  1  1607.19  3611
O16 	14895.1 	6.50539  1  -1998.79  7384
O16 	14895.1 	0.291342  1  -1867.21  7162
O16 	14895.1 	1.50548  1  -1727.52  7301
O16 	14895.1 	0.440135  1  2126.91  2904
O16 	14895.1 	2.89966  1  -2004.88  7585
O16 	14895.1 	0.304507  1  3832.4  1165
O16 	14895.1 	0.278783  1  3737.59  1354
O16 	14895.1 	1.22592  1  3203.06  1905
O16 	14895.1 	0.353982  1  -795.444  6115
O16 	14895.1 	0.224955  1  1551.27  3648
O16 	14895.1 	0.301592  1  -135.917  5408
O16 	14895.1 	0.316527  1  1152.55  4060
O16 	14895.1 	0.383764  1  3012.02  2056
O16 	14895.1 	0.19581  1  1622.67  3597
O16 	14895.1 	0.195819  1  4842.25  154
O16 	14895.1 	0.279576  1  136.441  5063
O16 	14895.1 	0.728071  1  195.568  5036
O16 	14895.1 	0.232191  1  2863.66  2258
O16 	14895.1 	1.56369  1  475.72  4824
O16 	14895.1 	0.37549  1  377.367  4924
O16 	14895.1 	3.49803  1  -1401.51  6951
O16 	14895.1 	0.225972  1  1723.57  3427
O16 	14895.1 	0.272879  1  1040.73  4280
O16 	14895.1 	0.228377  1  280.431  4928
O16 	14895.1 	1.2475  1  2675.43  2491
O16 	14895.1 	0.26722  1  -704.985  6024
O16 	14895.1 	0.195155  1  1135.84  3974
O16 	14895.1 	0.203005  1  4669.29  353
O16 	14895.1 	0.265028  1  1215.69  4076
O16 	14895.1 	0.373235  1  3671.16  1444
O16 	14895.1 	0.474402  1  4677.26  342
O16 	14895.1 	0.73077  1  -99.0591  5426
O16 	14895.1 	0.218351  1  4749.51  268
O16 	14895.1 	0.320388  1  -867.397  6100
O16 	14895.1 	0.341618  1  2628.36  2537
O16 	14895.1 	0.189375  1  3064.49  1994
O16 	14895.1 	0.549995  1  3187.25  1834
O16 	14895.1 	0.616383  1  1544.7  3543
O16 	14895.1 	0.365673  1  1279.22  3897
O16 	14895.1 	0.309843  1  3256.49  1887
O16 	14895.1 	0.430196  1  319.874  4799
O16 	14895.1 	0.543902  1  -921.594  6073
O16 	14895.1 	0.316195  1  328.431  4917
O16 	14895.1 	0.255275  1  1507.22  3595
O16 	14895.1 	0.345721  1  -1300.71  6537
O16 	14895.1 	0.232019  1  -437.134  5753
O16 	14895.1 	0.33011  1  4305.68  713
O16 	14895.1 	0.212567  1  -342.051  5376
O16 	14895.1 	0.212408  1  151.185  5159
O16 	14895.1 	0.425056  1  -510.473  5819
O16 	14895.1 	0.517316  1  -1147.85  6450
O16 	14895.1 	0.400896  1  -353.623  5546
O16 	14895.1 	0.259553  1  -1907.7  7271
O16 	14895.1 	0.605836  1  2926.28  2188
O16 	14895.1 	0.324541  1  1861.28  3150
O16 	14895.1 	0.387479  1  18.9898  5229
O16 	14895.1 	0.190797  1  -745.458  5943
O16 	14895.1 	0.277166  1  -192.343  5429
O16 	14895.1 	0.200764  1  2942.74  2177
O16 	14895.1 	0.417146  1  1517.09  3671
O16 	14895.1 	0.190823  1  204.415  5000
O16 	14895.1 	0.192164  1  2336.65  2824
O16 	14895.1 	0.249145  1  -453.544  5734
O16 	14895.1 	0.359554  1  4174.12  873
O16 	14895.1 	0.199114  1  413.672  4857
O16 	14895.1 	0.410977  1  3523.11  1555
O16 	14895.1 	0.201912  1  2481.92  2559
O16 	14895.1 	0.322516  1  -153.513  5334
O16 	14895.1 	0.374593  1  2771.97  2370
O16 	14895.1 	0.269514  1  597.063  4563
O16 	14895.1 	0.232176  1  1844.26  3309
O16 	14895.1 	0.501962  1  -687.301  5990
O16 	14895.1 	0.321065  1  94.5338  5185
O16 	14895.1 	0.229778  1  1338.81  3946
O16 	14895.1 	0.379006  1  305.634  4881
O16 	14895.1 	0.357539  1  2937.18  2177
O16 	14895.1 	0.283189  1  2744.04  2311
O16 	14895.1 	0.19508  1  -770.262  6227
O16 	14895.1 	0.284432  1  2328.01  2823
O16 	14895.1 	0.256688  1  536.756  4629
O16 	14895.1 	0.675077  1  3665.31  1448
O16 	14895.1 	0.371582  1  1882.7  3225
O16 	14895.1 	0.233327  1  4628.68  383
O16 	14895.1 	5.41151  1  -1499.76  6954
O16 	14895.1 	0.674221  1  2645.65  2490
O16 	14895.1 	0.238088  1  1121.5  4034
O16 	14895.1 	2.16396  1  4850.15  167
O16 	14895.1 	0.51115  1  3248.38  1818
O16 	14895.1 	0.31124  1  4035.17  1018
O16 	14895.1 	0.44712  1  -1308.51  6532
O16 	14895.1 	0.213608  1  3444.49  1642
O16 	14895.1 	0.22212  1  2408.44  2790
O16 	14895.1 	0.251512  1  -1339.7  6689
O16 	14895.1 	0.272441  1  -539.524  5727
O16 	14895.1 	1.7931  1  -1581.27  7069
O16 	14895.1 	0.290816  1  4232.23  779
O16 	14895.1 	0.193132  1  3489.99  1582
O16 	14895.1 	0.234341  1  2694.82  2484
O16 	14895.1 	0.249192  1  3925.91  1051
O16 	14895.1 	0.819777  1  4402.68  613
O16 	14895.1 	0.332494  1  -94.4729  5322
O16 	14895.1 	0.253971  1  -1317.9  6528
O16 	14895.1 	1.13992  1  3777.41  1291
O16 	14895.1 	0.274693  1  1995.18  3113
O16 	14895.1 	0.224332  1  891.845  4426
O16 	14895.1 	0.288124  1  1920.01  3178
O16 	14895.1 	1.55623  1  -224.856  5455
O16 	14895.1 	0.226346  1  2357.66  2758
O16 	14895.1 	0.8164  1  -1591.65  6946
O16 	14895.1 	1.52721  1  -1985.27  7352
O16 	14895.1 	1.17881  1  2774.29  2324
O16 	14895.1 	0.222253  1  108.925  5128
O16 	14895.1 	1.13418  1  -1290.33  6661
O16 	14895.1 	0.421946  1  -1181.89  6445
O16 	14895.1 	0.70961  1  4931.5  78
O16 	14895.1 	0.235676  1  -780.12  6048
O16 	14895.1 	1.20989  1  1868.66  3143
O16 	14895.1 	0.246134  1  4615.58  397
O16 	14895.1 	0.287459  1  1911.37  3345
O16 	14895.1 	0.2665  1  3201.32  1826
O16 	14895.1 	0.38063  1  -1516.21  6896
O16 	14895.1 	4.80547  1  -1207.57  6663
O16 	14895.1 	0.444999  1  2866.25  2259
O16 	14895.1 	0.309973  1  -614.753  5843
O16 	14895.1 	1.06759  1  3518.03  1525
O16 	14895.1 	0.190681  1  1631.22  3527
O16 	14895.1 	0.275808  1  711.927  4507
O16 	14895.1 	0.27615  1  3541.86  1534
O16 	14895.1 	0.333438  1  2684.64  2463
O16 	14895.1 	3.85831  1  -202.69  5369
O16 	14895.1 	0.225281  1  4949.93  44
O16 	14895.1 	0.223662  1  3165.84  1862
O16 	14895.1 	0.305377  1  943.735  4198
O16 	14895.1 	0.215251  1  4186.42  864
O16 	14895.1 	0.203732  1  2265.23  2845
O16 	14895.1 	0.340759  1  1736.78  3477
O16 	14895.1 	1.37366  1  4188.12  865
O16 	14895.1 	0.378212  1  1432.47  3687
O16 	14895.1 	3.75323  1  2516.97  2531
O16 	14895.1 	0.522566  1  -1207.2  6543
O16 	14895.1 	0.191165  1  2127.25  3106
O16 	14895.1 	0.282598  1  -486.682  5654
O16 	14895.1 	0.520728  1  -1436.27  6731
O16 	14895.1 	0.190481  1  2952.8  2120
O16 	14895.1 	0.262082  1  1383.09  3870
O16 	14895.1 	0.202545  1  3768.94  1300
O16 	14895.1 	0.277802  1  1446.75  3675
O16 	14895.1 	0.680424  1  2901.56  2087
O16 	14895.1 	0.267095  1  4787.37  196
O16 	14895.1 	1.68694  1  -1685.14  7119
O16 	14895.1 	0.465878  1  2799.87  2371
O16 	14895.1 	8.30493  1  -1807.06  7218
O16 	14895.1 	0.228072  1  4642.78  386
O16 	14895.1 	0.457743  1  1111.15  3997
O16 	14895.1 	0.290912  1  3822.36  1244
O16 	14895.1 	0.874954  1  2223.11  2892
O16 	14895.1 	4.53159  1  -1794.46  7267
O16 	14895.1 	3.51591  1  -1958.68  7502
O16 	14895.1 	1.88963  1  -1534.76  6980
O16 	14895.1 	1.09381  1  3779.64  1351
O16 	14895.1 	0.549958  1  347.942  4828
O16 	14895.1 	0.323413  1  4833.02  214
O16 	14895.1 	0.241065  1  1932.73  3115
O16 	14895.1 	0.470038  1  2208.09  2976
O16 	14895.1 	0.200303  1  -1775.46  7261
O16 	14895.1 	0.197102  1  3711.38  1337
O16 	14895.1 	0.884456  1  -1709.7  7059
O16 	14895.1 	3.142  1  -1456.82  7066
O16 	14895.1 	0.653128  1  1060.83  4225
O16 	14895.1 	0.23788  1  4163.17  837
O16 	14895.1 	0.46505  1  2101.13  2907
O16 	14895.1 	0.236943  1  3243.28  1812
O16 	14895.1 	0.597262  1  2518.42  2683
O16 	14895.1 	0.285242  1  -780.996  6023
O16 	14895.1 	0.289378  1  3506.89  1523
O16 	14895.1 	3.54922  1  -1806.24  7187
O16 	14895.1 	0.212206  1  -878.081  6232
O16 	14895.1 	0.246214  1  -987.506  6194
O16 	14895.1 	0.20296  1  421.904  4791
O16 	14895.1 	0.246714  1  4494.59  536
O16 	14895.1 	1.07064  1  -566.688  5818
O16 	14895.1 	0.270357  1  -1215.18  6726
O16 	14895.1 	0.351238  1  395.102  4874
O16 	14895.1 	0.344266  1  3081.67  1982
O16 	14895.1 	0.502193  1  3203.53  1925
O16 	14895.1 	0.33991  1  2505.8  2508
O16 	14895.1 	0.192286  1  3348.31  1751
O16 	14895.1 	0.470908  1  -1149.43  6389
O16 	14895.1 	1.86755  1  47.1641  5139
O16 	14895.1 	0.222636  1  4225.62  778
O16 	14895.1 	0.223076  1  3351.61  1716
O16 	14895.1 	0.458937  1  2754.51  2335
O16 	14895.1 	0.974622  1  -221.529  5394
O16 	14895.1 	0.767691  1  -1372.73  6776
O16 	14895.1 	0.778214  1  1855.96  3227
O16 	14895.1 	0.271862  1  2854.69  2246
O16 	14895.1 	0.288528  1  4487.19  514
O16 	14895.1 	0.405657  1  532.667  4664
O16 	14895.1 	0.889994  1  4363.12  684
O16 	14895.1 	0.931435  1  801.766  4409
O16 	14895.1 	0.461107  1  -1682.83  7045
O16 	14895.1 	0.259941  1  160.524  5089
O16 	14895.1 	1.10127  1  -1858.13  7383
O16 	14895.1 	0.37217  1  2014.82  3076
O16 	14895.1 	0.194562  1  4942  73
O16 	14895.1 	0.242108  1  4534.69  453
O16 	14895.1 	0.514885  1  689.553  4592
O16 	14895.1 	0.606816  1  4392.71  672
O16 	14895.1 	0.231284  1  3021.44  2140
O16 	14895.1 	1.19683  1  1798.63  3421
O16 	14895.1 	0.263854  1  4970.13  48
O16 	14895.1 	0.251464  1  -1789.52  7101
O16 	14895.1 	0.239738  1  1089.48  4089
O16 	14895.1 	0.316622  1  2417.38  2716
O16 	14895.1 	0.232876  1  -1319.63  6636
O16 	14895.1 	0.463746  1  3612.9  1459
O16 	14895.1 	0.410559  1  1023.82  4153
O16 	14895.1 	0.431063  1  -635.49  5893
O16 	14895.1 	0.389386  1  3132.71  1918
O16 	14895.1 	0.196433  1  3276.53  1852
O16 	14895.1 	0.208992  1  -323.588  5594
O16 	14895.1 	0.309264  1  2784.1  2319
O16 	14895.1 	0.384757  1  1195.68  4031
O16 	14895.1 	0.336012  1  1049.95  4093
O16 	14895.1 	0.229184  1  1989.02  3045
O16 	14895.1 	0.301642  1  3477.53  1545
O16 	14895.1 	0.249121  1  1867.84  3223
O16 	14895.1 	0.29049  1  -622.011  6070
O16 	14895.1 	4.15857  1  -1727.18  7258
O16 	14895.1 	0.848838  1  2173.43  3041
O16 	14895.1 	0.256929  1  2263.43  2854
O16 	14895.1 	0.191906  1  459.902  4539
O16 	14895.1 	0.271425  1  -432.532  5414
O16 	14895.1 	0.427525  1  450.422  4916
O16 	14895.1 	0.641979  1  4242.08  811
O16 	14895.1 	3.50759  1  -1925.82  7407
O16 	14895.1 	0.362851  1  4959.73  38
O16 	14895.1 	0.519606  1  430.516  4765
O16 	14895.1 	0.661196  1  1176.28  3968
O16 	14895.1 	0.250149  1  3089.86  2023
O16 	14895.1 	0.218186  1  2903.39  2139
O16 	14895.1 	0.693537  1  2642.92  2412
O16 	14895.1 	0.195454  1  3608.42  1473
O16 	14895.1 	0.320872  1  194.008  5054
O16 	14895.1 	0.424999  1  3642.35  1388
O16 	14895.1 	1.04276  1  3244.89  1847
O16 	14895.1 	0.272428  1  1674.06  3427
O16 	14895.1 	0.23122  1  3440.67  1643
O16 	14895.1 	0.20051  1  -1116.2  6505
O16 	14895.1 	0.198147  1  -1012.3  6324
O16 	14895.1 	0.195927  1  4793.18  206
O16 	14895.1 	0.361096  1  4500.35  498
O16 	14895.1 	0.397064  1  -1468.84  6856
O16 	14895.1 	4.85123  1  -1573.56  6993
O16 	14895.1 	0.547206  1  3952.31  1178
O16 	14895.1 	0.454858  1  -683.201  6084
O16 	14895.1 	0.253229  1  3301.7  1804
O16 	14895.1 	1.19284  1  2861.92  2200
O16 	14895.1 	0.201252  1  3998.17  1034
O16 	14895.1 	4.40653  1  -1703.77  7054
O16 	14895.1 	0.239226  1  4877.25  137
O16 	14895.1 	0.34466  1  -1741.66  7095
O16 	14895.1 	2.33783  1  -1570.31  7024
O16 	14895.1 	3.16882  1  -2105.37  7685
O16 	14895.1 	0.20325  1  3328.77  1730
O16 	14895.1 	0.241817  1  1450.11  3742
O16 	14895.1 	0.277715  1  4830.85  184
O16 	14895.1 	0.218854  1  4477.9  522
O16 	14895.1 	0.213925  1  217.401  4907
O16 	14895.1 	0.542665  1  -1872.36  7365
O16 	14895.1 	0.273898  1  -742.495  6080
O16 	14895.1 	0.464244  1  433.221  4837
O16 	14895.1 	0.434068  1  3423.81  1654
O16 	14895.1 	0.758019  1  2586.11  2543
O16 	14895.1 	0.407586  1  3002.31  2042
O16 	14895.1 	0.200437  1  -371.155  5646
O16 	14895.1 	0.283998  1  4221.24  752
O16 	14895.1 	0.79219  1  4606.75  396
O16 	14895.1 	0.61984  1  -1415.9  6972
O16 	14895.1 	0.340911  1  2338.63  2766
O16 	14895.1 	0.451417  1  -1003.4  6172
O16 	14895.1 	0.274101  1  -1574.32  6946
O16 	14895.1 	0.787647  1  -689.961  5889
O16 	14895.1 	0.372196  1  875.576  4230
O16 	14895.1 	0.314506  1  4574.88  407
O16 	14895.1 	0.258329  1  1392.13  3681
O16 	14895.1 	1.65949  1  -1551.11  7046
O16 	14895.1 	0.247961  1  1370.66  3771
O16 	14895.1 	0.19603  1  3717.03  1348
O16 	14895.1 	0.338319  1  4680.33  358
O16 	14895.1 	0.207423  1  -75.7433  5342
O16 	14895.1 	0.247705  1  1305.36  3862
O16 	14895.1 	0.280824  1  2260.86  2904
O16 	14895.1 	0.209038  1  4406.29  618
O16 	14895.1 	0.537335  1  -804.398  6095
O16 	14895.1 	0.255953  1  -785.853  5946
O16 	14895.1 	0.327555  1  3849.22  1260
O16 	14895.1 	0.21847  1  1137.48  4125
O16 	14895.1 	0.299831  1  4147.59  922
O16 	14895.1 	0.356233  1  -304.367  5446
O16 	14895.1 	1.98163  1  -1697.51  7139
O16 	14895.1 	0.190333  1  4559.7  460
O16 	14895.1 	1.28327  1  1089.03  4040
O16 	14895.1 	0.234654  1  528.538  4765
O16 	14895.1 	0.249219  1  1564.23  3657
O16 	14895.1 	0.285954  1  2758.85  2318
O16 	14895.1 	0.198236  1  4491.29  510
O16 	14895.1 	0.736403  1  4940.01  71
O16 	14895.1 	0.191433  1  1350.25  3801
O16 	14895.1 	0.228486  1  -506.273  5752
O16 	14895.1 	0.23158  1  -1699.08  7028
O16 	14895.1 	0.221963  1  -183.614  5324
O16 	14895.1 	2.57461  1  2844.37  2253
O16 	14895.1 	0.230764  1  1426.26  3664
O16 	14895.1 	0.199325  1  3544.25  1553
O16 	14895.1 	0.3891  1  3356.35  1693
O16 	14895.1 	0.255956  1  522.849  4724
O16 	14895.1 	0.206246  1  4862.41  173
O16 	14895.1 	0.421263  1  1055.07  4118
O16 	14895.1 	3.397  1  -1820.25  7444
O16 	14895.1 	2.08101  1  2799.04  2271
O16 	14895.1 	0.382921  1  3295.04  1815
O16 	14895.1 	0.356201  1  2110.31  3081
O16 	14895.1 	0.378596  1  356.757  4888
O16 	14895.1 	0.27571  1  2536.37  2491
O16 	14895.1 	0.35273  1  4917.54  84
O16 	14895.1 	1.30769  1  1800.81  3266
O16 	14895.1 	0.204045  1  3043.09  2097
O16 	14895.1 	0.737245  1  1648.08  3564
O16 	14895.1 	0.348184  1  -1148.09  6465
O16 	14895.1 	0.298717  1  -558.634  5835
O16 	14895.1 	0.286918  1  -560.667  5768
O16 	14895.1 	0.384673  1  699.915  4509
O16 	14895.1 	0.31488  1  1636.08  3470
O16 	14895.1 	0.313902  1  4510.4  502
O16 	14895.1 	0.260658  1  1287.44  3960
O16 	14895.1 	0.230277  1  1239.83  4012
O16 	14895.1 	0.204767  1  3649.36  1415
O16 	14895.1 	0.248828  1  2272.24  2910
O16 	14895.1 	0.324499  1  -32.0848  5294
O16 	14895.1 	0.257419  1  26.8879  5151
O16 	14895.1 	0.280557  1  3724.53  1353
O16 	14895.1 	0.305668  1  1227.04  3948
O16 	14895.1 	0.728091  1  4194.51  819
O16 	14895.1 	0.273126  1  1806.35  3287
O16 	14895.1 	0.353173  1  2628.28  2376
O16 	14895.1 	3.37539  1  1545.2  3523
O16 	14895.1 	0.250099  1  854.109  4248
O16 	14895.1 	0.377584  1  3461.14  1684
O16 	14895.1 	0.563973  1  4476.17  547
O16 	14895.1 	4.31742  1  -1129.19  6698
O16 	14895.1 	0.551067  1  3785.04  1211
O16 	14895.1 	0.250299  1  1149.84  4157
O16 	14895.1 	0.271544  1  875.065  4270
O16 	14895.1 	0.248995  1  3628.56  1383
O16 	14895.1 	3.24471  1  -1750.99  7139
O16 	14895.1 	0.198072  1  -1354.13  6723
O16 	14895.1 	0.342409  1  3252.07  1897
O16 	14895.1 	0.236415  1  3976.97  1078
O16 	14895.1 	0.524209  1  2647.86  2431
O16 	14895.1 	0.261039  1  4797.34  213
O16 	14895.1 	0.361449  1  2889.29  2228
O16 	14895.1 	0.561473  1  -77.1338  5235
O16 	14895.1 	0.37697  1  2347.88  2768
O16 	14895.1 	0.202587  1  3337.85  1765
O16 	14895.1 	1.36984  1  846.609  4401
O16 	14895.1 	0.243333  1  3863.98  1180
O16 	14895.1 	0.303461  1  2548.35  2498
O16 	14895.1 	0.197538  1  2986.84  2082
O16 	14895.1 	0.307839  1  -1400.37  6630
O16 	14895.1 	3.05068  1  -1675.92  7157
O16 	14895.1 	0.28214  1  3600.83  1520
O16 	14895.1 	0.230105  1  -63.8667  5349
O16 	14895.1 	0.216791  1  2031.57  3212
O16 	14895.1 	0.193872  1  -1088.61  6474
O16 	14895.1 	0.52796  1  2337.14  2806
O16 	14895.1 	3.39921  1  -230.19  5612
O16 	14895.1 	0.18939  1  920.652  4234
O16 	14895.1 	0.944255  1  4404.67  643
O16 	14895.1 	0.285029  1  320.5  4875
O16 	14895.1 	0.212443  1  4061.87  1027
O16 	14895.1 	0.260077  1  -1105.02  6548
O16 	14895.1 	0.400408  1  3955.67  1068
O16 	14895.1 	0.651774  1  545.319  4645
O16 	14895.1 	0.263883  1  1297.81  3870
O16 	14895.1 	4.63708  1  -1518.36  7082
O16 	14895.1 	0.676262  1  1492.69  3524
O16 	14895.1 	0.277928  1  2406.26  2824
O16 	14895.1 	0.219798  1  3491.61  1585
O16 	14895.1 	0.197167  1  1323.02  3835
O16 	14895.1 	0.265402  1  4364.43  632
O16 	14895.1 	1.96578  1  3133.11  1922
O16 	14895.1 	0.32145  1  3280.96  1808
O16 	14895.1 	0.219098  1  -1549.64  6805
O16 	14895.1 	0.2959  1  740.332  4448
O16 	14895.1 	0.670913  1  -409.668  5685
O16 	14895.1 	0.390525  1  -915.456  6308
O16 	14895.1 	2.99617  1  -2101.9  7625
O16 	14895.1 	0.351403  1  4463.67  576
O16 	14895.1 	0.217165  1  124.456  5055
O16 	14895.1 	0.215679  1  2577.02  2501
O16 	14895.1 	0.495469  1  1827.37  3323
O16 	14895.1 	0.521469  1  -508.713  5871
O16 	14895.1 	0.215295  1  -1365.27  6769
O16 	14895.1 	0.196809  1  4535.76  488
O16 	14895.1 	0.429678  1  2967.31  2210
O16 	14895.1 	1.69939  1  -827.535  6077
O16 	14895.1 	0.531094  1  3068.95  1936
O16 	14895.1 	0.245729  1  2969.3  2096
O16 	14895.1 	0.228288  1  -920.321  6126
O16 	14895.1 	0.400775  1  4489.8  534
O16 	14895.1 	0.563048  1  599.386  4656
O16 	14895.1 	0.312278  1  2512.69  2589
O16 	14895.1 	0.461987  1  3491.1  1535
O16 	14895.1 	0.706867  1  3924.74  1118
O16 	14895.1 	0.22071  1  -348.916  5576
O16 	14895.1 	0.327887  1  -521.801  5787
O16 	14895.1 	0.351307  1  2626.28  2377
O16 	14895.1 	0.348833  1  3115.4  2065
O16 	14895.1 	1.13034  1  -621.284  6012
O16 	14895.1 	0.331886  1  427.149  4753
O16 	14895.1 	0.751251  1  3834.77  1183
O16 	14895.1 	0.356121  1  3936.34  1146
