Energy (GeV) Flux (m^-2 s^-1 sr^-1)
1.159051e+00 2.326533e+01
1.266380e+00 2.198960e+01
1.343399e+00 2.247953e+01
1.467799e+00 2.095983e+01
1.603719e+00 2.018268e+01
1.701254e+00 2.063291e+01
1.858792e+00 1.931240e+01
2.030918e+00 1.840428e+01
2.285464e+00 1.703590e+01
2.424462e+00 1.693859e+01
2.648969e+00 1.643267e+01
2.894266e+00 1.606919e+01
3.354602e+00 1.425820e+01
3.888155e+00 1.296282e+01
4.506570e+00 1.182762e+01
5.071404e+00 1.102985e+01
5.878016e+00 9.597224e+00
6.614741e+00 8.715730e+00
7.896523e+00 7.360929e+00
9.709111e+00 6.027352e+00
1.193777e+01 4.995475e+00
1.467799e+01 4.014280e+00
1.804722e+01 2.981748e+00
2.285464e+01 2.360728e+00
3.162278e+01 1.389017e+00
4.375479e+01 8.806944e-01
6.054124e+01 5.467363e-01
7.896523e+01 3.566026e-01
1.060818e+02 2.334266e-01
1.383648e+02 1.256240e-01
1.971841e+02 6.907507e-02
2.648969e+02 4.456976e-02
3.455107e+02 2.730456e-02
4.375479e+02 1.338167e-02
5.379838e+02 8.757007e-03
6.614741e+02 5.804012e-03
8.133106e+02 3.839656e-03
9.709111e+02 2.430528e-03
1.193777e+03 1.750901e-03
1.425103e+03 1.045906e-03
1.651767e+03 8.147829e-04
2.030918e+03 5.866207e-04
2.353937e+03 3.922869e-04
2.810075e+03 3.192426e-04
3.354602e+03 2.884786e-04
4.004646e+03 1.891078e-04
4.780653e+03 9.257970e-05
5.878016e+03 3.713860e-05
7.017038e+03 2.094883e-05
8.133106e+03 1.451891e-05
9.709111e+03 1.005287e-05
1.159051e+04 6.510342e-06
1.383648e+04 3.580232e-06
1.603719e+04 2.375373e-06
1.804722e+04 1.274924e-06
2.154435e+04 5.826124e-07
2.497100e+04 2.744974e-07
2.980979e+04 1.047327e-07
