Energy (GeV) Flux (m^-2 s^-1 sr^-1)
1.159051e+00 2.398159e+01
1.266380e+00 2.277770e+01
1.343399e+00 2.331918e+01
1.467799e+00 2.183752e+01
1.603719e+00 2.111078e+01
1.701254e+00 2.159718e+01
1.858792e+00 2.033508e+01
2.030918e+00 1.949741e+01
2.285464e+00 1.818089e+01
2.424462e+00 1.810614e+01
2.648969e+00 1.763666e+01
2.894266e+00 1.731299e+01
3.354602e+00 1.570937e+01
3.888155e+00 1.481410e+01
4.506570e+00 1.369671e+01
5.071404e+00 1.276755e+01
5.878016e+00 1.129571e+01
6.614741e+00 1.037841e+01
7.896523e+00 8.829309e+00
9.709111e+00 7.085373e+00
1.193777e+01 5.635024e+00
1.467799e+01 4.396533e+00
1.804722e+01 3.548452e+00
2.285464e+01 2.532286e+00
3.162278e+01 1.652118e+00
4.375479e+01 1.032537e+00
6.054124e+01 6.111891e-01
7.896523e+01 3.794118e-01
1.060818e+02 2.211868e-01
1.383648e+02 1.412035e-01
1.971841e+02 6.788461e-02
2.648969e+02 3.786421e-02
3.455107e+02 2.262723e-02
4.375479e+02 1.362556e-02
5.379838e+02 8.841642e-03
6.614741e+02 5.735332e-03
8.133106e+02 3.652427e-03
9.709111e+02 2.440264e-03
1.193777e+03 1.597092e-03
1.425103e+03 1.065991e-03
1.651767e+03 7.451151e-04
2.030918e+03 5.140041e-04
2.353937e+03 3.730414e-04
2.810075e+03 3.383797e-04
3.354602e+03 2.970198e-04
4.004646e+03 1.660117e-04
4.780653e+03 7.830549e-05
5.878016e+03 3.546882e-05
7.017038e+03 1.986170e-05
8.133106e+03 1.511708e-05
9.709111e+03 9.845629e-06
1.159051e+04 6.037945e-06
1.383648e+04 3.266031e-06
1.603719e+04 2.188076e-06
1.804722e+04 1.298070e-06
2.154435e+04 8.212709e-07
2.497100e+04 4.614764e-07
2.980979e+04 1.109668e-07
