Energy (GeV) Flux (m^-2 s^-1 sr^-1)
1.159051e+00 2.160010e+01
1.266380e+00 2.020002e+01
1.343399e+00 2.060071e+01
1.467799e+00 1.893904e+01
1.603719e+00 1.803528e+01
1.701254e+00 1.839465e+01
1.858792e+00 1.693446e+01
2.030918e+00 1.588112e+01
2.285464e+00 1.395580e+01
2.424462e+00 1.356795e+01
2.648969e+00 1.259277e+01
2.894266e+00 1.170486e+01
3.354602e+00 9.476140e+00
3.888155e+00 7.954964e+00
4.506570e+00 6.507965e+00
5.071404e+00 5.798648e+00
5.878016e+00 4.628460e+00
6.614741e+00 3.962329e+00
7.896523e+00 2.974970e+00
9.709111e+00 2.162142e+00
1.193777e+01 1.555211e+00
1.467799e+01 1.123539e+00
1.804722e+01 8.019973e-01
2.285464e+01 5.423152e-01
3.162278e+01 3.197662e-01
4.375479e+01 1.847522e-01
6.054124e+01 1.080009e-01
7.896523e+01 6.828665e-02
1.060818e+02 3.983714e-02
1.383648e+02 2.419407e-02
1.971841e+02 1.244574e-02
2.648969e+02 6.907665e-03
3.455107e+02 3.987567e-03
4.375479e+02 2.410926e-03
5.379838e+02 1.589386e-03
6.614741e+02 1.036785e-03
8.133106e+02 6.672788e-04
9.709111e+02 4.533386e-04
1.193777e+03 2.893089e-04
1.425103e+03 1.878157e-04
1.651767e+03 1.418037e-04
2.030918e+03 9.195762e-05
2.353937e+03 6.887844e-05
2.810075e+03 5.626030e-05
3.354602e+03 5.381197e-05
4.004646e+03 3.611370e-05
4.780653e+03 1.601982e-05
5.878016e+03 7.302691e-06
7.017038e+03 4.172582e-06
8.133106e+03 2.851026e-06
9.709111e+03 1.655122e-06
1.159051e+04 1.000165e-06
1.383648e+04 1.000083e-06
1.603719e+04 4.773237e-07
1.804722e+04 2.754683e-11
2.154435e+04 1.354512e-11
2.497100e+04 7.677356e-12
2.980979e+04 3.912253e-12
