Energy (GeV) Flux (m^-2 s^-1 sr^-1)
1.159051e+00 2.217623e+01
1.266380e+00 2.081753e+01
1.343399e+00 2.124792e+01
1.467799e+00 1.963369e+01
1.603719e+00 1.878105e+01
1.701254e+00 1.917712e+01
1.858792e+00 1.778678e+01
2.030918e+00 1.682084e+01
2.285464e+00 1.503566e+01
2.424462e+00 1.475084e+01
2.648969e+00 1.394204e+01
2.894266e+00 1.321871e+01
3.354602e+00 1.122666e+01
3.888155e+00 9.879570e+00
4.506570e+00 8.561192e+00
5.071404e+00 7.875697e+00
5.878016e+00 6.714434e+00
6.614741e+00 6.006763e+00
7.896523e+00 4.914233e+00
9.709111e+00 3.930112e+00
1.193777e+01 3.123415e+00
1.467799e+01 2.468023e+00
1.804722e+01 1.922749e+00
2.285464e+01 1.427043e+00
3.162278e+01 9.402762e-01
4.375479e+01 5.932432e-01
6.054124e+01 3.724228e-01
7.896523e+01 2.469735e-01
1.060818e+02 1.503888e-01
1.383648e+02 9.429918e-02
1.971841e+02 5.025129e-02
2.648969e+02 2.859086e-02
3.455107e+02 1.684024e-02
4.375479e+02 1.033951e-02
5.379838e+02 6.895589e-03
6.614741e+02 4.541365e-03
8.133106e+02 2.950323e-03
9.709111e+02 2.019879e-03
1.193777e+03 1.295911e-03
1.425103e+03 8.460893e-04
1.651767e+03 6.426639e-04
2.030918e+03 4.188137e-04
2.353937e+03 3.133501e-04
2.810075e+03 2.550916e-04
3.354602e+03 2.407900e-04
4.004646e+03 1.629629e-04
4.780653e+03 7.462386e-05
5.878016e+03 3.267980e-05
7.017038e+03 1.781562e-05
8.133106e+03 1.355180e-05
9.709111e+03 9.274336e-06
1.159051e+04 5.617755e-06
1.383648e+04 3.298406e-06
1.603719e+04 1.954601e-06
1.804722e+04 9.425988e-07
2.154435e+04 1.830685e-07
2.497100e+04 7.677356e-12
2.980979e+04 3.912253e-12
