Energy (GeV) Flux (m^-2 s^-1 sr^-1)
1.159051e+00 2.171956e+01
1.266380e+00 2.032566e+01
1.343399e+00 2.073080e+01
1.467799e+00 1.907553e+01
1.603719e+00 1.817770e+01
1.701254e+00 1.854133e+01
1.858792e+00 1.709049e+01
2.030918e+00 1.604994e+01
2.285464e+00 1.414643e+01
2.424462e+00 1.377751e+01
2.648969e+00 1.283290e+01
2.894266e+00 1.197432e+01
3.354602e+00 9.783530e+00
3.888155e+00 8.281715e+00
4.506570e+00 6.839743e+00
5.071404e+00 6.119227e+00
5.878016e+00 4.930327e+00
6.614741e+00 4.241723e+00
7.896523e+00 3.217367e+00
9.709111e+00 2.360739e+00
1.193777e+01 1.714407e+00
1.467799e+01 1.246703e+00
1.804722e+01 8.949544e-01
2.285464e+01 6.082485e-01
3.162278e+01 3.600518e-01
4.375479e+01 2.074068e-01
6.054124e+01 1.207113e-01
7.896523e+01 7.595172e-02
1.060818e+02 4.399354e-02
1.383648e+02 2.654781e-02
1.971841e+02 1.355484e-02
2.648969e+02 7.472020e-03
3.455107e+02 4.286808e-03
4.375479e+02 2.579561e-03
5.379838e+02 1.694285e-03
6.614741e+02 1.101232e-03
8.133106e+02 7.066331e-04
9.709111e+02 4.788511e-04
1.193777e+03 3.043329e-04
1.425103e+03 1.967127e-04
1.651767e+03 1.488414e-04
2.030918e+03 9.631155e-05
2.353937e+03 7.187844e-05
2.810075e+03 5.926030e-05
3.354602e+03 5.607717e-05
4.004646e+03 3.761679e-05
4.780653e+03 1.674849e-05
5.878016e+03 7.302691e-06
7.017038e+03 4.172582e-06
8.133106e+03 2.851026e-06
9.709111e+03 1.655122e-06
1.159051e+04 1.000165e-06
1.383648e+04 1.000083e-06
1.603719e+04 4.773237e-07
1.804722e+04 2.754683e-11
2.154435e+04 1.354512e-11
2.497100e+04 7.677356e-12
2.980979e+04 3.912253e-12
