8.912509381337455072e-02 2.506952803295680265e+00
1.122018454301963591e-01 2.777088808334228442e+00
1.412537544622754770e-01 3.058703565563628768e+00
1.778279410038923203e-01 3.335013946729616929e+00
2.238721138568339764e-01 3.600956051258401125e+00
2.818382931264454272e-01 3.848144131141472357e+00
3.548133892335755268e-01 4.062476814651894585e+00
4.466835921509632046e-01 4.218202186285675559e+00
5.623413251903491838e-01 4.301432986813522596e+00
7.079457843841380216e-01 4.290083535871387355e+00
8.912509381337456738e-01 4.170093603670808058e+00
1.122018454301963564e+00 3.934529017875939338e+00
1.412537544622754826e+00 3.594323612159302961e+00
1.778279410038923647e+00 3.168232482834545394e+00
2.238721138568341207e+00 2.692745708785055481e+00
2.818382931264455049e+00 2.201884091342805938e+00
3.548133892335755046e+00 1.731080216383835912e+00
4.466835921509632712e+00 1.307637869837604994e+00
5.623413251903492949e+00 9.532011798694212112e-01
7.079457843841383990e+00 6.760698855058309142e-01
8.912509381337459402e+00 4.683757241175108277e-01
1.122018454301963608e+01 3.142271739753017545e-01
1.412537544622754737e+01 2.034909259128741543e-01
1.778279410038923558e+01 1.288609304457997984e-01
2.238721138568341118e+01 7.924326920289218035e-02
2.818382931264454783e+01 4.759908189388487032e-02
3.548133892335754780e+01 2.796686744741154126e-02
4.466835921509632357e+01 1.611891112115495378e-02
5.623413251903493659e+01 9.127095389152409949e-03
7.079457843841383635e+01 5.079883162748305599e-03
8.912509381337459047e+01 2.780910009208000834e-03
1.122018454301964141e+02 1.498491656947548460e-03
1.412537544622755661e+02 7.934704006473795347e-04
1.778279410038922776e+02 4.135050241712930519e-04
2.238721138568340052e+02 2.126025142716296166e-04
2.818382931264455351e+02 1.079165339949224328e-04
3.548133892335756627e+02 5.413337691484569364e-05
4.466835921509634773e+02 2.683002077010148169e-05
5.623413251903496075e+02 1.313894800635657077e-05
7.079457843841387330e+02 6.360062117759802959e-06
8.912509381337458763e+02 3.044332087554307517e-06
1.122018454301964084e+03 1.441738546508453719e-06
1.412537544622755377e+03 6.754779503606747676e-07
1.778279410038924652e+03 3.133274060969234664e-07
2.238721138568342212e+03 1.439823709756826578e-07
2.818382931264455237e+03 6.563258081721090367e-08
3.548133892335757082e+03 2.966521135142451253e-08
4.466835921509635227e+03 1.329806267103973789e-08
5.623413251903496530e+03 5.917479904005379018e-09
7.079457843841388240e+03 2.614592546293383565e-09
8.912509381337458763e+03 1.148309308142182500e-09
1.122018454301964084e+04 5.009471093422575762e-10
1.412537544622755377e+04 2.172713668807858355e-10
1.778279410038924470e+04 9.373358747465654517e-11
2.238721138568342576e+04 4.019846897007519915e-11
2.818382931264454965e+04 1.712898149763324244e-11
3.548133892335756536e+04 7.252422916161837265e-12
4.466835921509634500e+04 3.050457028524491189e-12
