# Energy (GeV) Flux (m^-2 s^-1 sr^-1 GeV^-1)
1.159051e+00 1.061798e+01
1.266380e+00 9.906695e+00
1.343399e+00 1.009897e+01
1.467799e+00 9.255755e+00
1.603719e+00 8.791245e+00
1.701254e+00 8.961870e+00
1.858792e+00 8.213600e+00
2.030918e+00 7.663375e+00
2.285464e+00 6.661890e+00
2.424462e+00 6.437090e+00
2.648969e+00 5.899625e+00
2.894266e+00 5.407035e+00
3.354602e+00 4.225936e+00
3.888155e+00 3.422870e+00
4.506570e+00 2.675186e+00
5.071404e+00 2.325579e+00
5.878016e+00 1.753844e+00
6.614741e+00 1.445148e+00
7.896523e+00 9.974940e-01
9.709111e+00 6.530565e-01
1.193777e+01 4.125605e-01
1.467799e+01 2.606299e-01
1.804722e+01 1.588756e-01
2.285464e+01 8.707155e-02
3.162278e+01 3.658567e-02
4.375479e+01 1.510059e-02
6.054124e+01 6.014130e-03
7.896523e+01 2.710309e-03
1.060818e+02 1.117902e-03
1.383648e+02 4.948775e-04
1.971841e+02 1.536199e-04
2.648969e+02 5.899625e-05
3.455107e+02 2.388686e-05
4.375479e+02 1.075739e-05
5.379838e+02 5.293180e-06
6.614741e+02 2.558434e-06
8.133106e+02 1.281550e-06
9.709111e+02 6.889800e-07
1.193777e+03 3.330154e-07
1.425103e+03 1.790339e-07
1.651767e+03 1.033038e-07
2.030918e+03 4.993140e-08
2.353937e+03 2.932961e-08
2.810075e+03 1.548908e-08
3.354602e+03 8.179835e-09
4.004646e+03 4.319801e-09
4.780653e+03 2.240944e-09
5.878016e+03 1.063988e-09
7.017038e+03 5.519550e-10
8.133106e+03 3.184817e-10
9.709111e+03 1.594218e-10
1.159051e+04 8.270180e-11
1.383648e+04 4.139790e-11
1.603719e+04 2.304916e-11
1.804722e+04 1.377342e-11
2.154435e+04 6.772560e-12
2.497100e+04 3.838678e-12
2.980979e+04 1.956127e-12
