# Energy (GeV) Flux (m^-2 s^-1 sr^-1 GeV^-1)
1.159051e+00 2.731066e+05
1.266380e+00 2.332172e+05
1.343399e+00 2.241146e+05
1.467799e+00 1.879953e+05
1.603719e+00 1.634285e+05
1.701254e+00 1.570500e+05
1.858792e+00 1.317394e+05
2.030918e+00 1.124983e+05
2.285464e+00 8.690576e+04
2.424462e+00 7.915963e+04
2.648969e+00 6.640238e+04
2.894266e+00 5.570113e+04
3.354602e+00 3.756112e+04
3.888155e+00 2.624938e+04
4.506570e+00 1.770101e+04
5.071404e+00 1.367444e+04
5.878016e+00 8.897955e+03
6.614741e+00 6.515548e+03
7.896523e+00 3.767587e+03
9.709111e+00 2.006379e+03
1.193777e+01 1.031029e+03
1.467799e+01 5.298391e+02
1.804722e+01 2.627430e+02
2.285464e+01 1.137434e+02
3.162278e+01 3.456132e+01
4.375479e+01 1.031811e+01
6.054124e+01 2.973315e+00
7.896523e+01 1.028577e+00
1.060818e+02 3.163746e-01
1.383648e+02 1.076079e-01
1.971841e+02 2.353111e-02
2.648969e+02 6.757050e-03
3.455107e+02 2.108672e-03
4.375479e+02 7.544075e-04
5.379838e+02 3.038825e-04
6.614741e+02 1.204145e-04
8.133106e+02 4.953501e-05
9.709111e+02 2.253165e-05
1.193777e+03 8.981754e-06
1.425103e+03 4.103035e-06
1.651767e+03 2.070952e-06
2.030918e+03 8.327552e-07
2.353937e+03 4.300836e-07
2.810075e+03 1.952891e-07
3.354602e+03 8.904763e-08
4.004646e+03 4.079534e-08
4.780653e+03 1.845530e-08
5.878016e+03 7.523885e-09
7.017038e+03 3.448726e-09
8.133106e+03 1.804275e-09
9.709111e+03 8.083151e-10
1.159051e+04 3.781055e-10
1.383648e+04 1.719849e-10
1.603719e+04 8.894192e-11
1.804722e+04 5.029729e-11
2.154435e+04 2.291596e-11
2.497100e+04 1.225988e-11
2.980979e+04 5.868379e-12
