# Energy (GeV) Flux (m^-2 s^-1 sr^-1 GeV^-1)
1.159051e+00 5.674068e+02
1.266380e+00 4.862081e+02
1.343399e+00 4.683867e+02
1.467799e+00 3.944650e+02
1.603719e+00 3.444043e+02
1.701254e+00 3.319879e+02
1.858792e+00 2.798732e+02
2.030918e+00 2.402926e+02
2.285464e+00 1.871087e+02
2.424462e+00 1.711677e+02
2.648969e+00 1.445804e+02
2.894266e+00 1.221947e+02
3.354602e+00 8.355721e+01
3.888155e+00 5.933081e+01
4.506570e+00 4.074169e+01
5.071404e+00 3.199074e+01
5.878016e+00 2.129658e+01
6.614741e+00 1.591561e+01
7.896523e+00 9.526173e+00
9.709111e+00 5.316259e+00
1.193777e+01 2.885529e+00
1.467799e+01 1.579896e+00
1.804722e+01 8.426017e-01
2.285464e+01 4.012816e-01
3.162278e+01 1.421477e-01
4.375479e+01 5.077700e-02
6.054124e+01 1.795083e-02
7.896523e+01 7.466931e-03
1.060818e+02 2.864081e-03
1.383648e+02 1.202991e-03
1.971841e+02 3.536876e-04
2.648969e+02 1.312706e-04
3.455107e+02 5.189552e-05
4.375479e+02 2.298058e-05
5.379838e+02 1.117295e-05
6.614741e+02 5.347463e-06
8.133106e+02 2.657045e-06
9.709111e+02 1.420267e-06
1.193777e+03 6.826622e-07
1.425103e+03 3.655578e-07
1.651767e+03 2.103362e-07
2.030918e+03 1.013286e-07
2.353937e+03 5.940207e-08
2.810075e+03 3.130677e-08
3.354602e+03 1.650505e-08
4.004646e+03 8.703913e-09
4.780653e+03 4.509834e-09
5.878016e+03 2.138767e-09
7.017038e+03 1.108600e-09
8.133106e+03 6.392980e-10
9.709111e+03 3.198226e-10
1.159051e+04 1.658290e-10
1.383648e+04 8.297419e-11
1.603719e+04 4.618402e-11
1.804722e+04 2.759233e-11
2.154435e+04 1.356386e-11
2.497100e+04 7.686521e-12
2.980979e+04 3.916165e-12
