# Energy (GeV) Flux (m^-2 s^-1 GeV^-1)
1.159051e+00 2.123597e+00
1.266380e+00 1.981339e+00
1.343399e+00 2.019794e+00
1.467799e+00 1.851151e+00
1.603719e+00 1.758249e+00
1.701254e+00 1.792374e+00
1.858792e+00 1.642720e+00
2.030918e+00 1.532675e+00
2.285464e+00 1.332378e+00
2.424462e+00 1.287418e+00
2.648969e+00 1.179925e+00
2.894266e+00 1.081407e+00
3.354602e+00 8.451872e-01
3.888155e+00 6.845740e-01
4.506570e+00 5.350372e-01
5.071404e+00 4.651158e-01
5.878016e+00 3.507687e-01
6.614741e+00 2.890295e-01
7.896523e+00 1.994988e-01
9.709111e+00 1.306113e-01
1.193777e+01 8.251209e-02
1.467799e+01 5.212598e-02
1.804722e+01 3.177511e-02
2.285464e+01 1.741431e-02
3.162278e+01 7.317135e-03
4.375479e+01 3.020118e-03
6.054124e+01 1.202826e-03
7.896523e+01 5.420619e-04
1.060818e+02 2.235803e-04
1.383648e+02 9.897551e-05
1.971841e+02 3.072399e-05
2.648969e+02 1.179925e-05
3.455107e+02 4.777372e-06
4.375479e+02 2.151479e-06
5.379838e+02 1.058636e-06
6.614741e+02 5.116868e-07
8.133106e+02 2.563101e-07
9.709111e+02 1.377960e-07
1.193777e+03 6.660308e-08
1.425103e+03 3.580679e-08
1.651767e+03 2.066075e-08
2.030918e+03 9.986279e-09
2.353937e+03 5.865922e-09
2.810075e+03 3.097815e-09
3.354602e+03 1.635967e-09
4.004646e+03 8.639602e-10
4.780653e+03 4.481887e-10
5.878016e+03 2.127975e-10
7.017038e+03 1.103910e-10
8.133106e+03 6.369634e-11
9.709111e+03 3.188437e-11
1.159051e+04 1.654036e-11
1.383648e+04 8.279581e-12
1.603719e+04 4.609833e-12
1.804722e+04 2.754683e-12
2.154435e+04 1.354512e-12
2.497100e+04 7.677356e-13
2.980979e+04 3.912253e-13
