# Energy (GeV) Flux (m^-2 s^-1 sr^-1 GeV^-1)
1.159051e+00 5.461729e+06
1.266380e+00 4.663967e+06
1.343399e+00 4.481908e+06
1.467799e+00 3.759554e+06
1.603719e+00 3.268236e+06
1.701254e+00 3.140660e+06
1.858792e+00 2.634477e+06
2.030918e+00 2.249674e+06
2.285464e+00 1.737862e+06
2.424462e+00 1.582948e+06
2.648969e+00 1.327823e+06
2.894266e+00 1.113817e+06
3.354602e+00 7.510619e+05
3.888155e+00 5.248575e+05
4.506570e+00 3.539186e+05
5.071404e+00 2.734004e+05
5.878016e+00 1.778925e+05
6.614741e+00 1.302560e+05
7.896523e+00 7.531384e+04
9.709111e+00 4.010277e+04
1.193777e+01 2.060491e+04
1.467799e+01 1.058688e+04
1.804722e+01 5.248823e+03
2.285464e+01 2.271559e+03
3.162278e+01 6.898362e+02
4.375479e+01 2.057884e+02
6.054124e+01 5.923776e+01
7.896523e+01 2.046854e+01
1.060818e+02 6.285012e+00
1.383648e+02 2.133352e+00
1.971841e+02 4.647847e-01
2.648969e+02 1.328991e-01
3.455107e+02 4.126573e-02
4.375479e+02 1.467937e-02
5.379838e+02 5.876510e-03
6.614741e+02 2.311069e-03
8.133106e+02 9.420013e-04
9.709111e+02 4.244517e-04
1.193777e+03 1.669805e-04
1.425103e+03 7.525742e-05
1.651767e+03 3.749350e-05
2.030918e+03 1.475771e-05
2.353937e+03 7.487146e-06
2.810075e+03 3.317197e-06
3.354602e+03 1.470119e-06
4.004646e+03 6.517544e-07
4.780653e+03 2.839502e-07
5.878016e+03 1.100462e-07
7.017038e+03 4.800023e-08
8.133106e+03 2.398320e-08
9.709111e+03 1.010827e-08
1.159051e+04 4.419441e-09
1.383648e+04 1.866577e-09
1.603719e+04 9.029701e-10
1.804722e+04 4.825561e-10
2.154435e+04 2.009619e-10
2.497100e+04 9.932782e-11
2.980979e+04 4.303478e-11
