# Energy (GeV) Flux (m^-2 s^-1 sr^-1 GeV^-1)
1.159051e+00 5.463832e+04
1.266380e+00 4.665929e+04
1.343399e+00 4.483908e+04
1.467799e+00 3.761387e+04
1.603719e+00 3.269976e+04
1.701254e+00 3.142434e+04
1.858792e+00 2.636103e+04
2.030918e+00 2.251191e+04
2.285464e+00 1.739181e+04
2.424462e+00 1.584223e+04
2.648969e+00 1.328991e+04
2.894266e+00 1.114888e+04
3.354602e+00 7.518986e+03
3.888155e+00 5.255352e+03
4.506570e+00 3.544482e+03
5.071404e+00 2.738609e+03
5.878016e+00 1.782397e+03
6.614741e+00 1.305422e+03
7.896523e+00 7.551135e+02
9.709111e+00 4.023207e+02
1.193777e+01 2.068660e+02
1.467799e+01 1.063848e+02
1.804722e+01 5.280281e+01
2.285464e+01 2.288800e+01
3.162278e+01 6.970802e+00
4.375479e+01 2.087784e+00
6.054124e+01 6.042855e-01
7.896523e+01 2.100518e-01
1.060818e+02 6.506356e-02
1.383648e+02 2.231338e-02
1.971841e+02 4.952014e-03
2.648969e+02 1.445804e-03
3.455107e+02 4.599533e-04
4.375479e+02 1.680933e-04
5.379838e+02 6.924559e-05
6.614741e+02 2.817639e-05
8.133106e+02 1.195748e-05
9.709111e+02 5.608697e-06
1.193777e+03 2.329175e-06
1.425103e+03 1.107061e-06
1.651767e+03 5.794764e-07
2.030918e+03 2.464413e-07
2.353937e+03 1.329441e-07
2.810075e+03 6.384034e-08
3.354602e+03 3.089726e-08
4.004646e+03 1.507075e-08
4.780653e+03 7.276570e-09
5.878016e+03 3.207157e-09
7.017038e+03 1.572873e-09
8.133106e+03 8.704258e-10
9.709111e+03 4.167380e-10
1.159051e+04 2.079440e-10
1.383648e+04 1.006336e-10
1.603719e+04 5.466705e-11
1.804722e+04 3.209692e-11
2.154435e+04 1.541929e-11
2.497100e+04 8.593861e-12
2.980979e+04 4.303478e-12
