# Energy (GeV) Flux (m^-2 s^-1 sr^-1 GeV^-1)
1.159051e+00 2.335957e+02
1.266380e+00 2.362946e+02
1.343399e+00 2.543023e+02
1.467799e+00 2.529376e+02
1.603719e+00 2.608623e+02
1.701254e+00 2.810082e+02
1.858792e+00 2.798733e+02
2.030918e+00 2.838859e+02
2.285464e+00 2.760475e+02
2.424462e+00 2.821717e+02
2.648969e+00 2.814668e+02
2.894266e+00 2.808522e+02
3.354602e+00 2.530715e+02
3.888155e+00 2.364931e+02
4.506570e+00 2.133811e+02
5.071404e+00 2.081616e+02
5.878016e+00 1.813967e+02
6.614741e+00 1.678404e+02
7.896523e+00 1.379119e+02
9.709111e+00 1.107163e+02
1.193777e+01 8.580933e+01
1.467799e+01 6.653256e+01
1.804722e+01 4.979378e+01
2.285464e+01 3.451239e+01
3.162278e+01 2.003676e+01
4.375479e+01 1.143131e+01
6.054124e+01 6.294804e+00
7.896523e+01 3.698446e+00
1.060818e+02 2.048548e+00
1.383648e+02 1.182536e+00
1.971841e+02 5.230006e-01
2.648969e+02 2.697856e-01
3.455107e+02 1.424602e-01
4.375479e+02 8.124099e-02
5.379838e+02 4.914812e-02
6.614741e+02 2.920725e-02
8.133106e+02 1.798794e-02
9.709111e+02 1.154424e-02
1.193777e+03 6.860522e-03
1.425103e+03 4.402957e-03
1.651767e+03 2.944576e-03
2.030918e+03 1.749921e-03
2.353937e+03 1.191379e-03
2.810075e+03 7.510844e-04
3.354602e+03 4.735087e-04
4.004646e+03 2.985162e-04
4.780653e+03 1.848656e-04
5.878016e+03 1.079203e-04
7.017038e+03 6.683318e-05
8.133106e+03 4.469661e-05
9.709111e+03 2.670914e-05
1.159051e+04 1.654053e-05
1.383648e+04 9.884053e-06
1.603719e+04 6.378434e-06
1.804722e+04 4.289258e-06
2.154435e+04 2.517770e-06
2.497100e+04 1.654044e-06
2.980979e+04 1.006202e-06
