# Energy (GeV) Flux (m^-2 s^-1 sr^-1 GeV^-1)
1.159051e+00 4.247194e+01
1.266380e+00 4.146151e+01
1.343399e+00 4.360838e+01
1.467799e+00 4.195412e+01
1.603719e+00 4.191047e+01
1.701254e+00 4.423219e+01
1.858792e+00 4.277181e+01
2.030918e+00 4.218266e+01
2.285464e+00 3.959615e+01
2.424462e+00 3.980394e+01
2.648969e+00 3.876601e+01
2.894266e+00 3.781788e+01
3.354602e+00 3.291384e+01
3.888155e+00 2.981047e+01
4.506570e+00 2.615345e+01
5.071404e+00 2.500220e+01
5.878016e+00 2.129659e+01
6.614741e+00 1.938530e+01
7.896523e+00 1.558668e+01
9.709111e+00 1.224713e+01
1.193777e+01 9.323542e+00
1.467799e+01 7.122390e+00
1.804722e+01 5.265354e+00
2.285464e+01 3.607968e+00
3.162278e+01 2.069530e+00
4.375479e+01 1.170312e+00
6.054124e+01 6.403059e-01
7.896523e+01 3.747231e-01
1.060818e+02 2.068670e-01
1.383648e+02 1.191444e-01
1.971841e+02 5.257657e-02
2.648969e+02 2.708475e-02
3.455107e+02 1.428902e-02
4.375479e+02 8.143462e-03
5.379838e+02 4.924339e-03
6.614741e+02 2.925330e-03
8.133106e+02 1.801101e-03
9.709111e+02 1.155664e-03
1.193777e+03 6.866516e-04
1.425103e+03 4.406179e-04
1.651767e+03 2.946436e-04
2.030918e+03 1.750819e-04
2.353937e+03 1.191907e-04
2.810075e+03 7.513632e-05
3.354602e+03 4.736560e-05
4.004646e+03 2.985939e-05
4.780653e+03 1.849059e-05
5.878016e+03 1.079395e-05
7.017038e+03 6.684311e-06
8.133106e+03 4.470234e-06
9.709111e+03 2.671201e-06
1.159051e+04 1.654201e-06
1.383648e+04 9.884798e-07
1.603719e+04 6.378849e-07
1.804722e+04 4.289506e-07
2.154435e+04 2.517892e-07
2.497100e+04 1.654113e-07
2.980979e+04 1.006237e-07
