# Energy (GeV) Flux (m^-2 s^-1 sr^-1 GeV^-1)
1.159051e+00 5.482944e+03
1.266380e+00 4.683761e+03
1.343399e+00 4.502086e+03
1.467799e+00 3.778047e+03
1.603719e+00 3.285801e+03
1.701254e+00 3.158565e+03
1.858792e+00 2.650888e+03
2.030918e+00 2.264985e+03
2.285464e+00 1.751173e+03
2.424462e+00 1.595809e+03
2.648969e+00 1.339611e+03
2.894266e+00 1.124620e+03
3.354602e+00 7.595053e+02
3.888155e+00 5.316964e+02
4.506570e+00 3.592636e+02
5.071404e+00 2.780469e+02
5.878016e+00 1.813966e+02
6.614741e+00 1.331434e+02
7.896523e+00 7.730684e+01
9.709111e+00 4.140757e+01
1.193777e+01 2.142920e+01
1.467799e+01 1.110762e+01
1.804722e+01 5.566257e+00
2.285464e+01 2.445528e+00
3.162278e+01 7.629344e-01
4.375479e+01 2.359594e-01
6.054124e+01 7.125399e-02
7.896523e+01 2.588374e-02
1.060818e+02 8.518579e-03
1.383648e+02 3.122118e-03
1.971841e+02 7.717174e-04
2.648969e+02 2.507737e-04
3.455107e+02 8.899168e-05
4.375479e+02 3.617265e-05
5.379838e+02 1.645228e-05
6.614741e+02 7.422820e-06
8.133106e+02 3.502539e-06
9.709111e+02 1.801034e-06
1.193777e+03 8.323453e-07
1.425103e+03 4.329673e-07
1.651767e+03 2.438944e-07
2.030918e+03 1.145206e-07
2.353937e+03 6.608771e-08
2.810075e+03 3.426437e-08
3.354602e+03 1.781343e-08
4.004646e+03 9.282717e-09
4.780653e+03 4.761355e-09
5.878016e+03 2.235893e-09
7.017038e+03 1.150806e-09
8.133106e+03 6.603096e-10
9.709111e+03 3.286331e-10
1.159051e+04 1.696576e-10
1.383648e+04 8.457959e-11
1.603719e+04 4.695520e-11
1.804722e+04 2.800184e-11
2.154435e+04 1.373254e-11
2.497100e+04 7.769006e-12
2.980979e+04 3.951376e-12
