8.912509381337455072e-02 1.025585540585220556e+01 0.000000000000000000e+00
1.122018454301963591e-01 1.136470852963541489e+01 0.000000000000000000e+00
1.412537544622754770e-01 1.252196723377483245e+01 0.000000000000000000e+00
1.778279410038923203e-01 1.365926769362738114e+01 0.000000000000000000e+00
2.238721138568339764e-01 1.475639081306655065e+01 0.000000000000000000e+00
2.818382931264454272e-01 1.577952682563396536e+01 0.000000000000000000e+00
3.548133892335755268e-01 1.667136717394499712e+01 0.000000000000000000e+00
4.466835921509632046e-01 1.732671192982655484e+01 0.000000000000000000e+00
5.623413251903491838e-01 1.768871145473539030e+01 5.580329159871970646e-01
7.079457843841380216e-01 1.766634526007483785e+01 2.613965324626670861e-01
8.912509381337456738e-01 1.720055866031794878e+01 1.027481175090908250e-01
1.122018454301963564e+00 1.626030214784282535e+01 1.466910179916530999e-01
1.412537544622754826e+00 1.488684972523030048e+01 7.427890570216467980e-02
1.778279410038923647e+00 1.315302541402250114e+01 6.079071557331567482e-02
2.238721138568341207e+00 1.120565047394175373e+01 2.784840090459583806e-02
2.818382931264455049e+00 9.183676388829272952e+00 1.713715343367800889e-02
3.548133892335755046e+00 7.234890738009896793e+00 6.728188602213431430e-03
4.466835921509632712e+00 5.475333220034822368e+00 2.976223404070359700e-03
5.623413251903492949e+00 3.997735012031614410e+00 1.554239640153677691e-03
7.079457843841383990e+00 2.839119721703214250e+00 8.833825544556034391e-04
8.912509381337459402e+00 1.968160904313215553e+00 5.234261652673888711e-04
1.122018454301963608e+01 1.320713142324789313e+00 3.068719315255600947e-04
1.412537544622754737e+01 8.550085826545456014e-01 1.777347204993681511e-04
1.778279410038923558e+01 5.409499421991786905e-01 1.029664861910855093e-04
2.238721138568341118e+01 3.321491443132672527e-01 6.023311370111185728e-05
2.818382931264454783e+01 1.990769722074305637e-01 3.553278912486980336e-05
3.548133892335754780e+01 1.166394479519665128e-01 2.116978212751495476e-05
4.466835921509632357e+01 6.699322952626499128e-02 1.279595850351855854e-05
5.623413251903493659e+01 3.777723382949980252e-02 7.810472874979814336e-06
7.079457843841383635e+01 2.092587433481974540e-02 4.850760589024715865e-06
8.912509381337459047e+01 1.139395866254220430e-02 2.874193963709377136e-06
1.122018454301964141e+02 6.103396180080939391e-03 1.678575640838030310e-06
1.412537544622755661e+02 3.210917485444032392e-03 9.506923285253490766e-07
1.778279410038922776e+02 1.661573331974428155e-03 5.025361157888740648e-07
2.238721138568340052e+02 8.478433551995445076e-04 2.637908031726937750e-07
2.818382931264455351e+02 4.269124722019032787e-04 1.366920038518117500e-07
3.548133892335756627e+02 2.123162249723858452e-04 7.068868522655675016e-08
4.466835921509634773e+02 1.042701907283115380e-04 3.618938310214451738e-08
5.623413251903496075e+02 5.056644726924012145e-05 1.847447971627925483e-08
7.079457843841387330e+02 2.422463818771587651e-05 9.365039495685838689e-09
8.912509381337458763e+02 1.146859011982871758e-05 4.743776344270567407e-09
1.122018454301964084e+03 5.368854393076709431e-06 2.387553924164164701e-09
1.412537544622755377e+03 2.484494285061257860e-06 1.197649897482491175e-09
1.778279410038924652e+03 1.137451313684713068e-06 5.986582293504259764e-10
2.238721138568342212e+03 5.154738485240534398e-07 2.974331182964376249e-10
2.818382931264455237e+03 2.315140230169380071e-07 1.467966825085178478e-10
3.548133892335757082e+03 1.029921474871866604e-07 7.235919453377085671e-11
4.466835921509635227e+03 4.538832323687702161e-08 3.526097017005208169e-11
5.623413251903496530e+03 1.983237316716652641e-08 1.717405257743770266e-11
7.079457843841388240e+03 8.591958518070296608e-09 8.315149212694556389e-12
8.912509381337458763e+03 3.694296201211521378e-09 4.002181906848294635e-12
1.122018454301964084e+04 1.575043844903072462e-09 1.918399951840940492e-12
1.412537544622755377e+04 6.662703504057722332e-10 9.110290360131320005e-13
1.778279410038924470e+04 2.797614488974668545e-10 4.288869084570655333e-13
2.238721138568342576e+04 1.164935501672462753e-10 2.007864240520545792e-13
2.818382931264454965e+04 4.806061360256230058e-11 9.344923812073524385e-14
3.548133892335756536e+04 1.964274790943568084e-11 4.305584863895651801e-14
4.466835921509634500e+04 7.947740986903217444e-12 1.960249033916960980e-14
