8.912509381337455072e-02 0.000000000000000000e+00
1.122018454301963591e-01 0.000000000000000000e+00
1.412537544622754770e-01 0.000000000000000000e+00
1.778279410038923203e-01 0.000000000000000000e+00
2.238721138568339764e-01 0.000000000000000000e+00
2.818382931264454272e-01 0.000000000000000000e+00
3.548133892335755268e-01 0.000000000000000000e+00
4.466835921509632046e-01 0.000000000000000000e+00
5.623413251903491838e-01 0.000000000000000000e+00
7.079457843841380216e-01 0.000000000000000000e+00
8.912509381337456738e-01 0.000000000000000000e+00
1.122018454301963564e+00 0.000000000000000000e+00
1.412537544622754826e+00 0.000000000000000000e+00
1.778279410038923647e+00 0.000000000000000000e+00
2.238721138568341207e+00 0.000000000000000000e+00
2.818382931264455049e+00 0.000000000000000000e+00
3.548133892335755046e+00 0.000000000000000000e+00
4.466835921509632712e+00 0.000000000000000000e+00
5.623413251903492949e+00 0.000000000000000000e+00
7.079457843841383990e+00 0.000000000000000000e+00
8.912509381337459402e+00 0.000000000000000000e+00
1.122018454301963608e+01 0.000000000000000000e+00
1.412537544622754737e+01 0.000000000000000000e+00
1.778279410038923558e+01 0.000000000000000000e+00
2.238721138568341118e+01 0.000000000000000000e+00
2.818382931264454783e+01 0.000000000000000000e+00
3.548133892335754780e+01 0.000000000000000000e+00
4.466835921509632357e+01 0.000000000000000000e+00
5.623413251903493659e+01 0.000000000000000000e+00
7.079457843841383635e+01 0.000000000000000000e+00
8.912509381337459047e+01 0.000000000000000000e+00
1.122018454301964141e+02 0.000000000000000000e+00
1.412537544622755661e+02 0.000000000000000000e+00
1.778279410038922776e+02 0.000000000000000000e+00
2.238721138568340052e+02 0.000000000000000000e+00
2.818382931264455351e+02 0.000000000000000000e+00
3.548133892335756627e+02 0.000000000000000000e+00
4.466835921509634773e+02 0.000000000000000000e+00
5.623413251903496075e+02 0.000000000000000000e+00
7.079457843841387330e+02 0.000000000000000000e+00
8.912509381337458763e+02 0.000000000000000000e+00
1.122018454301964084e+03 0.000000000000000000e+00
1.412537544622755377e+03 0.000000000000000000e+00
1.778279410038924652e+03 0.000000000000000000e+00
2.238721138568342212e+03 0.000000000000000000e+00
2.818382931264455237e+03 0.000000000000000000e+00
3.548133892335757082e+03 0.000000000000000000e+00
4.466835921509635227e+03 0.000000000000000000e+00
5.623413251903496530e+03 0.000000000000000000e+00
7.079457843841388240e+03 0.000000000000000000e+00
8.912509381337458763e+03 0.000000000000000000e+00
1.122018454301964084e+04 0.000000000000000000e+00
1.412537544622755377e+04 0.000000000000000000e+00
1.778279410038924470e+04 0.000000000000000000e+00
2.238721138568342576e+04 0.000000000000000000e+00
2.818382931264454965e+04 0.000000000000000000e+00
3.548133892335756536e+04 0.000000000000000000e+00
4.466835921509634500e+04 0.000000000000000000e+00
