8.912509381337455072e-02 1.762590091403867731e+01
1.122018454301963591e-01 1.953814699923125886e+01
1.412537544622754770e-01 2.154316803032317651e+01
1.778279410038923203e-01 2.353135851175579418e+01
2.238721138568339764e-01 2.547619269047178392e+01
2.818382931264454272e-01 2.733092242292958218e+01
3.548133892335755268e-01 2.901506333924034209e+01
4.466835921509632046e-01 3.036349525961524876e+01
5.623413251903491838e-01 3.129338965636907588e+01
7.079457843841380216e-01 3.165357955803851553e+01
8.912509381337456738e-01 3.133246439813381201e+01
1.122018454301963564e+00 3.024248057629538522e+01
1.412537544622754826e+00 2.839604573260475817e+01
1.778279410038923647e+00 2.583615223819675677e+01
2.238721138568341207e+00 2.273806746499440123e+01
2.818382931264455049e+00 1.928883801402060882e+01
3.548133892335755046e+00 1.574623703806657282e+01
4.466835921509632712e+00 1.236380640407399234e+01
5.623413251903492949e+00 9.382612034157920888e+00
7.079457843841383990e+00 6.938945468109710468e+00
8.912509381337459402e+00 5.004895982827096468e+00
1.122018454301963608e+01 3.496636490389504193e+00
1.412537544622754737e+01 2.354162844668494792e+00
1.778279410038923558e+01 1.545291469869616519e+00
2.238721138568341118e+01 9.831387151329391560e-01
2.818382931264454783e+01 6.091889175026852232e-01
3.548133892335754780e+01 3.683373308322640538e-01
4.466835921509632357e+01 2.178642335646571171e-01
5.623413251903493659e+01 1.262344821310166787e-01
7.079457843841383635e+01 7.167705115097987301e-02
8.912509381337459047e+01 3.991332836332555506e-02
1.122018454301964141e+02 2.181286289781700014e-02
1.412537544622755661e+02 1.168259298805685714e-02
1.778279410038922776e+02 6.142854855381465855e-03
2.238721138568340052e+02 3.179220272257383701e-03
2.818382931264455351e+02 1.620965637437584523e-03
3.548133892335756627e+02 8.150009063626232697e-04
4.466835921509634773e+02 4.040587555289961905e-04
5.623413251903496075e+02 1.975505354475712142e-04
7.079457843841387330e+02 9.529617535349931641e-05
8.912509381337458763e+02 4.537721686902789273e-05
1.122018454301964084e+03 2.134300377037198337e-05
1.412537544622755377e+03 9.913569434949363125e-06
1.778279410038924652e+03 4.551175511914630771e-06
2.238721138568342212e+03 2.066357467559090243e-06
2.818382931264455237e+03 9.289165458504014877e-07
3.548133892335757082e+03 4.132475909320520437e-07
4.466835921509635227e+03 1.819483422566586648e-07
5.623413251903496530e+03 7.935192908306653786e-08
7.079457843841388240e+03 3.427663645718221460e-08
8.912509381337458763e+03 1.467821186378989128e-08
1.122018454301964084e+04 6.224962224263140339e-09
1.412537544622755377e+04 2.615693156199776038e-09
1.778279410038924470e+04 1.089311875440316939e-09
2.238721138568342576e+04 4.490748815221521265e-10
2.818382931264454965e+04 1.830342407421321042e-10
3.548133892335756536e+04 7.372378737591266914e-11
4.466835921509634500e+04 2.931024865987749927e-11
