8.912509381337455072e-02 2.090753116037041437e+01
1.122018454301963591e-01 2.306903458885535940e+01
1.412537544622754770e-01 2.531109503154882745e+01
1.778279410038923203e-01 2.751008628455375771e+01
2.238721138568339764e-01 2.963398970845566893e+01
2.818382931264454272e-01 3.163272029078506620e+01
3.548133892335755268e-01 3.343507893408306586e+01
4.466835921509632046e-01 3.487070017517925180e+01
5.623413251903491838e-01 3.587092641620516531e+01
7.079457843841380216e-01 3.628590430129465005e+01
8.912509381337456738e-01 3.600887183107649037e+01
1.122018454301963564e+00 3.495069379266673337e+01
1.412537544622754826e+00 3.311974993518051491e+01
1.778279410038923647e+00 3.053404716158543053e+01
2.238721138568341207e+00 2.733984592636387845e+01
2.818382931264455049e+00 2.368346850754184985e+01
3.548133892335755046e+00 1.980555507730588971e+01
4.466835921509632712e+00 1.598224611815869167e+01
5.623413251903492949e+00 1.252185132829964154e+01
7.079457843841383990e+00 9.621184180193198543e+00
8.912509381337459402e+00 7.249108405630774854e+00
1.122018454301963608e+01 5.316947615856360443e+00
1.412537544622754737e+01 3.769827908640212666e+00
1.778279410038923558e+01 2.611433340106420253e+00
2.238721138568341118e+01 1.757914041556034146e+00
2.818382931264454783e+01 1.154304987265047711e+00
3.548133892335754780e+01 7.406158607665890292e-01
4.466835921509632357e+01 4.650598847610160624e-01
5.623413251903493659e+01 2.859547051389753625e-01
7.079457843841383635e+01 1.721013502260055894e-01
8.912509381337459047e+01 1.014326214112013513e-01
1.122018454301964141e+02 5.854660624958429177e-02
1.412537544622755661e+02 3.304942800674902370e-02
1.778279410038922776e+02 1.828042440511042088e-02
2.238721138568340052e+02 9.931080821820339327e-03
2.818382931264455351e+02 5.303332337080137251e-03
3.548133892335756627e+02 2.786198844059085359e-03
4.466835921509634773e+02 1.440013807462602611e-03
5.623413251903496075e+02 7.322983949412034807e-04
7.079457843841387330e+02 3.666168886336085937e-04
8.912509381337458763e+02 1.807779217807067168e-04
1.122018454301964084e+03 8.785084442837117478e-05
1.412537544622755377e+03 4.207853677033345543e-05
1.778279410038924652e+03 1.987926451347853116e-05
2.238721138568342212e+03 9.270464565772389552e-06
2.818382931264455237e+03 4.272192970762057817e-06
3.548133892335757082e+03 1.945069640499731867e-06
4.466835921509635227e+03 8.749799968215926859e-07
5.623413251903496530e+03 3.892401983592168132e-07
7.079457843841388240e+03 1.712466025398584444e-07
8.912509381337458763e+03 7.457782671189622423e-08
1.122018454301964084e+04 3.212174754403964369e-08
1.412537544622755377e+04 1.369029922507900767e-08
1.778279410038924470e+04 5.775415072086376212e-09
2.238721138568342576e+04 2.408917631388485090e-09
2.818382931264454965e+04 9.922446904594273661e-10
3.548133892335756536e+04 4.034414036265068225e-10
4.466835921509634500e+04 1.617313123955718065e-10
