8.912509381337455072e-02 8.318544795765058453e+00 0.000000000000000000e+00
1.122018454301963591e-01 9.217161655890864225e+00 0.000000000000000000e+00
1.412537544622754770e-01 1.015464743989627650e+01 0.000000000000000000e+00
1.778279410038923203e-01 1.107538642413926055e+01 0.000000000000000000e+00
2.238721138568339764e-01 1.196277608829705308e+01 0.000000000000000000e+00
2.818382931264454272e-01 1.278914878832376090e+01 0.000000000000000000e+00
3.548133892335755268e-01 1.350769871595650251e+01 0.000000000000000000e+00
4.466835921509632046e-01 1.403285589595520477e+01 0.000000000000000000e+00
5.623413251903491838e-01 1.431831453105412955e+01 4.578894644215228404e-01
7.079457843841380216e-01 1.429030794327686849e+01 2.141452529493376722e-01
8.912509381337456738e-01 1.390137556331413471e+01 8.390227905164002187e-02
1.122018454301963564e+00 1.312732042504559082e+01 1.199884092372701938e-01
1.412537544622754826e+00 1.200308307969237553e+01 6.058494391995822292e-02
1.778279410038923647e+00 1.058958579579933534e+01 4.950561568533118351e-02
2.238721138568341207e+00 9.007402713030950636e+00 2.261842418922770104e-02
2.818382931264455049e+00 7.369924493680173327e+00 1.389986843804108183e-02
3.548133892335755046e+00 5.796366009250265350e+00 5.432537836557230909e-03
4.466835921509632712e+00 4.379248504345524040e+00 2.393838688757637424e-03
5.623413251903492949e+00 3.191882767218010120e+00 1.246725853026629978e-03
7.079457843841383990e+00 2.262746513417178473e+00 7.071049133270797217e-04
8.912509381337459402e+00 1.565966403694341036e+00 4.180989331668237010e-04
1.122018454301963608e+01 1.049040008467041707e+00 2.446371377131143724e-04
1.412537544622754737e+01 6.780381792418483933e-01 1.414306109793425376e-04
1.778279410038923558e+01 4.283499660174869272e-01 8.179863713038374872e-05
2.238721138568341118e+01 2.626458588930223326e-01 4.778114196581655277e-05
2.818382931264454783e+01 1.572211142092805047e-01 2.815174417732233650e-05
3.548133892335754780e+01 9.200954483343949664e-02 1.675452149208037653e-05
4.466835921509632357e+01 5.279193246880157370e-02 1.011858986942065983e-05
5.623413251903493659e+01 2.974198588289216766e-02 6.172408380589198540e-06
7.079457843841383635e+01 1.646204738803601353e-02 3.832051885741772978e-06
8.912509381337459047e+01 8.957613692794670276e-03 2.269718422046425629e-06
1.122018454301964141e+02 4.795834750210808961e-03 1.325203130796248829e-06
1.412537544622755661e+02 2.522040039739941938e-03 7.504097343894364161e-07
1.778279410038922776e+02 1.304740710309588688e-03 3.965496162093104413e-07
2.238721138568340052e+02 6.656609824719314939e-04 2.081197534698756894e-07
2.818382931264455351e+02 3.351635912572440952e-04 1.078364599022345453e-07
3.548133892335756627e+02 1.666986989028930606e-04 5.576943561490938247e-08
4.466835921509634773e+02 8.188239160827670343e-05 2.855597683282461811e-08
5.623413251903496075e+02 3.972140562841203855e-05 1.458186363088561614e-08
7.079457843841387330e+02 1.903715017166117212e-05 7.394863606215683019e-09
8.912509381337458763e+02 9.017537976525093687e-06 3.747678746871250588e-09
1.122018454301964084e+03 4.224173279554872109e-06 1.887421577178735177e-09
1.412537544622755377e+03 1.956306611191576156e-06 9.474858019919016913e-10
1.778279410038924652e+03 8.964514400122554478e-07 4.740294055091469369e-10
2.238721138568342212e+03 4.066806564619404656e-07 2.357498903958781605e-10
2.818382931264455237e+03 1.828700161888385584e-07 1.164858595965042870e-10
3.548133892335757082e+03 8.146274557987325765e-08 5.749162047145067706e-11
4.466835921509635227e+03 3.595558447781292095e-08 2.805488490066132616e-11
5.623413251903496530e+03 1.573786820364665159e-08 1.368595200647380406e-11
7.079457843841388240e+03 6.831386144227794652e-09 6.637789632745705036e-12
8.912509381337458763e+03 2.943730272161341764e-09 3.201036714806800721e-12
1.122018454301964084e+04 1.258134485450176194e-09 1.537625955000337971e-12
1.412537544622755377e+04 5.336932365459197927e-10 7.319251539140512632e-13
1.778279410038924470e+04 2.247939357001589225e-10 3.454827124785081057e-13
2.238721138568342576e+04 9.393530858733352578e-11 1.622103476664618700e-13
2.818382931264454965e+04 3.890955483227968891e-11 7.573957102109794847e-14
3.548133892335756536e+04 1.597507230084776140e-11 3.502233663178438055e-14
4.466835921509634500e+04 6.497348706740805917e-12 1.600978376574211903e-14
