8.912509381337455072e-02 1.588580467669176244e+01
1.122018454301963591e-01 1.759743582902349246e+01
1.412537544622754770e-01 1.938086868358942993e+01
1.778279410038923203e-01 2.112872074232379305e+01
2.238721138568339764e-01 2.280792317493706989e+01
2.818382931264454272e-01 2.436395278229100470e+01
3.548133892335755268e-01 2.570505071693872523e+01
4.466835921509632046e-01 2.666597743567414014e+01
5.623413251903491838e-01 2.715676351803138999e+01
7.079457843841380216e-01 2.703673287816762638e+01
8.912509381337456738e-01 2.621804619152802118e+01
1.122018454301963564e+00 2.466109364059300191e+01
1.412537544622754826e+00 2.244258207886037226e+01
1.778279410038923647e+00 1.969167008383934103e+01
2.238721138568341207e+00 1.664912138563335375e+01
2.818382931264455049e+00 1.353660053367208072e+01
3.548133892335755046e+00 1.057769456006148090e+01
4.466835921509632712e+00 7.938373955916004476e+00
5.623413251903492949e+00 5.745582112980623712e+00
7.079457843841383990e+00 4.042928091166296589e+00
8.912509381337459402e+00 2.777896533939331558e+00
1.122018454301963608e+01 1.847006567092059681e+00
1.412537544622754737e+01 1.185038397879458749e+00
1.778279410038923558e+01 7.433816683912577439e-01
2.238721138568341118e+01 4.526325293186071463e-01
2.818382931264454783e+01 2.691257110900414085e-01
3.548133892335754780e+01 1.564598649574737710e-01
4.466835921509632357e+01 8.919462602644910587e-02
5.623413251903493659e+01 4.993676495308069230e-02
7.079457843841383635e+01 2.747358348153061333e-02
8.912509381337459047e+01 1.486277215770085564e-02
1.122018454301964141e+02 7.913477916892551825e-03
1.412537544622755661e+02 4.139483235925994244e-03
1.778279410038922776e+02 2.130541211042973147e-03
2.238721138568340052e+02 1.081606771368136613e-03
2.818382931264455351e+02 5.420018883631221767e-04
3.548133892335756627e+02 2.683316639095809195e-04
4.466835921509634773e+02 1.312150552929176883e-04
5.623413251903496075e+02 6.337507527471186069e-05
7.079457843841387330e+02 3.024363069704127282e-05
8.912509381337458763e+02 1.426557365162959586e-05
1.122018454301964084e+03 6.654964564054229182e-06
1.412537544622755377e+03 3.069337528791367385e-06
1.778279410038924652e+03 1.400692294381222624e-06
2.238721138568342212e+03 6.328033572413161959e-07
2.818382931264455237e+03 2.833579329532114191e-07
3.548133892335757082e+03 1.256852899652419467e-07
4.466835921509635227e+03 5.522900389602282695e-08
5.623413251903496530e+03 2.406331524659591409e-08
7.079457843841388240e+03 1.039508034663359303e-08
8.912509381337458763e+03 4.456696609370358101e-09
1.122018454301964084e+04 1.894496310049893803e-09
1.412537544622755377e+04 7.989652424073780390e-10
1.778279410038924470e+04 3.344177164817977263e-10
2.238721138568342576e+04 1.387882888265542690e-10
2.818382931264454965e+04 5.705386512539094657e-11
3.548133892335756536e+04 2.322837546483441257e-11
4.466835921509634500e+04 9.358811953678932322e-12
