8.912509381337455072e-02 9.004187618918567892e+00
1.122018454301963591e-01 9.974292528759610477e+00
1.412537544622754770e-01 1.098513650305721079e+01
1.778279410038923203e-01 1.197592402377607534e+01
2.238721138568339764e-01 1.292797366522261804e+01
2.818382931264454272e-01 1.381047307768721844e+01
3.548133892335755268e-01 1.457158045804781388e+01
4.466835921509632046e-01 1.511778397058322199e+01
5.623413251903491838e-01 1.539823257285846836e+01
7.079457843841380216e-01 1.533325566026292286e+01
8.912509381337456738e-01 1.487300288932621051e+01
1.122018454301963564e+00 1.399475839413101674e+01
1.412537544622754826e+00 1.274152453832745380e+01
1.778279410038923647e+00 1.118583097722022579e+01
2.238721138568341207e+00 9.463494606065854242e+00
2.818382931264455049e+00 7.699715291429349406e+00
3.548133892335755046e+00 6.021236701016845494e+00
4.466835921509632712e+00 4.522562925506875331e+00
5.623413251903492949e+00 3.276312151973567843e+00
7.079457843841383990e+00 2.307799900653539460e+00
8.912509381337459402e+00 1.587439643729493532e+00
1.122018454301963608e+01 1.056765621265524313e+00
1.412537544622754737e+01 6.788915748790607108e-01
1.778279410038923558e+01 4.264377477033733377e-01
2.238721138568341118e+01 2.600191368855311325e-01
2.818382931264454783e+01 1.548312326561891716e-01
3.548133892335754780e+01 9.015417838444735044e-02
4.466835921509632357e+01 5.147970547066487573e-02
5.623413251903493659e+01 2.887141186626251965e-02
7.079457843841383635e+01 1.591264093083715955e-02
8.912509381337459047e+01 8.624572038832238260e-03
1.122018454301964141e+02 4.600831803035690566e-03
1.412537544622755661e+02 2.411429660867223015e-03
1.778279410038922776e+02 1.243679000206281094e-03
2.238721138568340052e+02 6.327140282857724200e-04
2.818382931264455351e+02 3.177496345515213368e-04
3.548133892335756627e+02 1.576652641443605752e-04
4.466835921509634773e+02 7.727971213119448450e-05
5.623413251903496075e+02 3.741629472195449874e-05
7.079457843841387330e+02 1.790127721427573184e-05
8.912509381337458763e+02 8.466373258958224797e-06
1.122018454301964084e+03 3.960577214022107948e-06
1.412537544622755377e+03 1.832032915890005325e-06
1.778279410038924652e+03 8.386410683749469762e-07
2.238721138568342212e+03 3.801230284962775741e-07
2.818382931264455237e+03 1.708067813016956675e-07
3.548133892335757082e+03 7.604652433453441820e-08
4.466835921509635227e+03 3.355145600894065799e-08
5.623413251903496530e+03 1.468191128442478652e-08
7.079457843841388240e+03 6.372433726820497592e-09
8.912509381337458763e+03 2.746151782422066458e-09
1.122018454301964084e+04 1.173965606549049341e-09
1.412537544622755377e+04 4.981943310802482162e-10
1.778279410038924470e+04 2.099665250656665119e-10
2.238721138568342576e+04 8.780907535633704625e-11
2.818382931264454965e+04 3.640893236804644370e-11
3.548133892335756536e+04 1.496714651496797384e-11
4.466835921509634500e+04 6.096680151883945764e-12
