8.912509381337455072e-02 5.928419775506511513e+01
1.122018454301963591e-01 6.567441374141627364e+01
1.412537544622754770e-01 7.233340646359822301e+01
1.778279410038923203e-01 7.886044414341692743e+01
2.238721138568339764e-01 8.513227116603233924e+01
2.818382931264454272e-01 9.094548553636879262e+01
3.548133892335755268e-01 9.595745852926459918e+01
4.466835921509632046e-01 9.955123844818284340e+01
5.623413251903491838e-01 1.013906597939375729e+02
7.079457843841380216e-01 1.009501192521730530e+02
8.912509381337456738e-01 9.790096753362426796e+01
1.122018454301963564e+00 9.209433298850638039e+01
1.412537544622754826e+00 8.381548666345094034e+01
1.778279410038923647e+00 7.354570799770453959e+01
2.238721138568341207e+00 6.218366290709436583e+01
2.818382931264455049e+00 5.055767190200287331e+01
3.548133892335755046e+00 3.950401700905532465e+01
4.466835921509632712e+00 2.964379103885957178e+01
5.623413251903492949e+00 2.145166843283922375e+01
7.079457843841383990e+00 1.509077974320653048e+01
8.912509381337459402e+00 1.036515817191801503e+01
1.122018454301963608e+01 6.888637869270724856e+00
1.412537544622754737e+01 4.417361147060701931e+00
1.778279410038923558e+01 2.769310265275826577e+00
2.238721138568341118e+01 1.684949162924273214e+00
2.818382931264454783e+01 1.000997028063806971e+00
3.548133892335754780e+01 5.813931524390028027e-01
4.466835921509632357e+01 3.310901135994544497e-01
5.623413251903493659e+01 1.851476341300331840e-01
7.079457843841383635e+01 1.017319362673853589e-01
8.912509381337459047e+01 5.495888261727799318e-02
1.122018454301964141e+02 2.921879877383187774e-02
1.412537544622755661e+02 1.525993276814137378e-02
1.778279410038922776e+02 7.840822044786808706e-03
2.238721138568340052e+02 3.973381499885002104e-03
2.818382931264455351e+02 1.987323031599365960e-03
3.548133892335756627e+02 9.818982141964599768e-04
4.466835921509634773e+02 4.791274177531074248e-04
5.623413251903496075e+02 2.308870814928466644e-04
7.079457843841387330e+02 1.099170301114715960e-04
8.912509381337458763e+02 5.171336809995716994e-05
1.122018454301964084e+03 2.405900348847798102e-05
1.412537544622755377e+03 1.106380550728303227e-05
1.778279410038924652e+03 5.033165992071764685e-06
2.238721138568342212e+03 2.266244318307900754e-06
2.818382931264455237e+03 1.011102766615422610e-06
3.548133892335757082e+03 4.467114571633767727e-07
4.466835921509635227e+03 1.954500249561451913e-07
5.623413251903496530e+03 8.475760033180040971e-08
7.079457843841388240e+03 3.642441701452419938e-08
8.912509381337458763e+03 1.552678979873293119e-08
1.122018454301964084e+04 6.558189253664991459e-09
1.412537544622755377e+04 2.745980399451503760e-09
1.778279410038924470e+04 1.140137695168077024e-09
2.238721138568342576e+04 4.688732192989864833e-10
2.818382931264454965e+04 1.907411294412916586e-10
3.548133892335756536e+04 7.672936760972036706e-11
4.466835921509634500e+04 3.048671076963024871e-11
