8.912509381337455072e-02 1.146164346581140592e+02 0.000000000000000000e+00
1.122018454301963591e-01 1.269758835446845779e+02 0.000000000000000000e+00
1.412537544622754770e-01 1.398572870494527081e+02 0.000000000000000000e+00
1.778279410038923203e-01 1.524867553034629850e+02 0.000000000000000000e+00
2.238721138568339764e-01 1.646270871409422512e+02 0.000000000000000000e+00
2.818382931264454272e-01 1.758863099981428491e+02 0.000000000000000000e+00
3.548133892335755268e-01 1.856036025557789628e+02 0.000000000000000000e+00
4.466835921509632046e-01 1.925873140555220004e+02 0.000000000000000000e+00
5.623413251903491838e-01 1.961883612087027018e+02 6.520999152164503876e+00
7.079457843841380216e-01 1.953900085600826628e+02 3.026977306029435155e+00
8.912509381337456738e-01 1.895542508620147828e+02 1.173364251963663785e+00
1.122018454301963564e+00 1.783877445774569992e+02 1.684207025865063434e+00
1.412537544622754826e+00 1.624340763211584431e+02 8.419700551641339237e-01
1.778279410038923647e+00 1.426139136425078675e+02 6.840798355030177635e-01
2.238721138568341207e+00 1.206571771521693961e+02 3.092926212871834890e-01
2.818382931264455049e+00 9.816235635230702883e+01 1.892543580003487602e-01
3.548133892335755046e+00 7.675056152492348360e+01 7.256989341371461455e-02
4.466835921509632712e+00 5.763155383345819160e+01 3.138593297105613661e-02
5.623413251903492949e+00 4.173315926115951413e+01 1.616549799703048337e-02
7.079457843841383990e+00 2.937884605832350715e+01 9.090734321261348741e-03
8.912509381337459402e+00 2.019196770373869043e+01 5.328131200222157270e-03
1.122018454301963608e+01 1.342825136751806525e+01 3.090242074473760914e-03
1.412537544622754737e+01 8.616199489496958464e+00 1.771448289669165944e-03
1.778279410038923558e+01 5.404655151299269100e+00 1.016531043171992228e-03
2.238721138568341118e+01 3.290116904586139146e+00 5.894983217016167747e-04
2.818382931264454783e+01 1.955521748367344603e+00 3.450425118546704049e-04
3.548133892335754780e+01 1.136284438457656254e+00 2.041613203769645536e-04
4.466835921509632357e+01 6.473367342001256075e-01 1.226646925512278488e-04
5.623413251903493659e+01 3.621162997390560689e-01 7.444765444677940301e-05
7.079457843841383635e+01 1.990264412826430462e-01 4.596285440823049778e-05
8.912509381337459047e+01 1.075456168444926114e-01 2.705394799348235922e-05
1.122018454301964141e+02 5.718684430893877096e-02 1.568725820780686182e-05
1.412537544622755661e+02 2.987058982586105610e-02 8.816913210134380593e-06
1.778279410038922776e+02 1.534934620938576376e-02 4.624166055876119130e-06
2.238721138568340052e+02 7.778674478782837340e-03 2.408815211100241623e-06
2.818382931264455351e+02 3.890558113693994881e-03 1.238893537041446451e-06
3.548133892335756627e+02 1.922152867925925896e-03 6.360120162905625786e-07
4.466835921509634773e+02 9.378433863562518407e-04 3.232642181354127737e-07
5.623413251903496075e+02 4.518729181641594752e-04 1.638554833155690188e-07
7.079457843841387330e+02 2.150791354948653465e-04 8.247009080922661653e-08
8.912509381337458763e+02 1.011653118496706776e-04 4.148620457013913136e-08
1.122018454301964084e+03 4.705235412285275521e-05 2.073408717134042210e-08
1.412537544622755377e+03 2.163012155006963907e-05 1.032810056826105066e-08
1.778279410038924652e+03 9.836077525000976038e-06 5.125911770054791161e-09
2.238721138568342212e+03 4.426780133300953716e-06 2.528395661003480695e-09
2.818382931264455237e+03 1.974002058777761026e-06 1.238648918623352056e-09
3.548133892335757082e+03 8.716006219653033889e-07 6.059297441607583669e-10
4.466835921509635227e+03 3.810901397013150184e-07 2.929933100661095659e-10
5.623413251903496530e+03 1.651324807387174114e-07 1.415350283209294652e-10
7.079457843841388240e+03 7.090233154175244435e-08 6.794340809141380031e-11
8.912509381337458763e+03 3.019327831757700450e-08 3.240520897609154118e-11
1.122018454301964084e+04 1.273827450139063235e-08 1.538452421260331515e-11
1.412537544622755377e+04 5.326556663080807172e-09 7.230444758783078416e-12
1.778279410038924470e+04 2.208227418179673690e-09 3.365399337117900516e-12
2.238721138568342576e+04 9.065157351175923201e-10 1.556316515161141997e-12
2.818382931264454965e+04 3.680166945775521899e-10 7.146250283862555987e-13
3.548133892335756536e+04 1.476839928560585781e-10 3.243602507589079563e-13
4.466835921509634500e+04 5.851075428476275082e-11 1.452091257230605343e-13
