8.912509381337455072e-02 2.505087661147060629e+01 0.000000000000000000e+00
1.122018454301963591e-01 2.775026160643204065e+01 0.000000000000000000e+00
1.412537544622754770e-01 3.056290340988666543e+01 0.000000000000000000e+00
1.778279410038923203e-01 3.331940923212449235e+01 0.000000000000000000e+00
2.238721138568339764e-01 3.596759175664772812e+01 0.000000000000000000e+00
2.818382931264454272e-01 3.842140037754643345e+01 0.000000000000000000e+00
3.548133892335755268e-01 4.053598162630918722e+01 0.000000000000000000e+00
4.466835921509632046e-01 4.205061708162204326e+01 0.000000000000000000e+00
5.623413251903491838e-01 4.282327774574316237e+01 1.435788380866634295e+00
7.079457843841380216e-01 4.263202307508864664e+01 6.661286816235358899e-01
8.912509381337456738e-01 4.133832178280466962e+01 2.578423248222930231e-01
1.122018454301963564e+00 3.887985012986001720e+01 3.704245176944421791e-01
1.412537544622754826e+00 3.537788951802650672e+01 1.849078757402380646e-01
1.778279410038923647e+00 3.103662491568938009e+01 1.501034479461237081e-01
2.238721138568341207e+00 2.623628164774143912e+01 6.778238627362813407e-02
2.818382931264455049e+00 2.132686609445529413e+01 4.144357190363037735e-02
3.548133892335755046e+00 1.666109840632323014e+01 1.585867775316992037e-02
4.466835921509632712e+00 1.250047778873674709e+01 6.848437646170421611e-03
5.623413251903492949e+00 9.044702249895088642e+00 3.522905626563144470e-03
7.079457843841383990e+00 6.362070658987395433e+00 1.979209013489992980e-03
8.912509381337459402e+00 4.369620332777607530e+00 1.158976589329835513e-03
1.122018454301963608e+01 2.904012293164381031e+00 6.716723315432382869e-04
1.412537544622754737e+01 1.862294668041110102e+00 3.847776783405297898e-04
1.778279410038923558e+01 1.167619139040166454e+00 2.206779167982312597e-04
2.238721138568341118e+01 7.105374632922959455e-01 1.279188745286865593e-04
2.818382931264454783e+01 4.222123730029618272e-01 7.484867253504502791e-05
3.548133892335754780e+01 2.452974836011960480e-01 4.427763740580861182e-05
4.466835921509632357e+01 1.397407001672283378e-01 2.659996736141729580e-05
5.623413251903493659e+01 7.817678544465478385e-02 1.614543092629321336e-05
7.079457843841383635e+01 4.297617969396401449e-02 9.971804567322187742e-06
8.912509381337459047e+01 2.322994230099938856e-02 5.872184290040296588e-06
1.122018454301964141e+02 1.235768936333274913e-02 3.407253328562459175e-06
1.412537544622755661e+02 6.458322011534732218e-03 1.916588367231833173e-06
1.778279410038922776e+02 3.320843467341922078e-03 1.005941735816959533e-06
2.238721138568340052e+02 1.684201928562285844e-03 5.244651849907518173e-07
2.818382931264455351e+02 8.430918507268518342e-04 2.700001557576338496e-07
3.548133892335756627e+02 4.169410561201492634e-04 1.387598102346855712e-07
4.466835921509634773e+02 2.036536368762864189e-04 7.061098795960004122e-08
5.623413251903496075e+02 9.824428915435535657e-05 3.583834650720967244e-08
7.079457843841387330e+02 4.682471563295459248e-05 1.806429611305071861e-08
8.912509381337458763e+02 2.205734326921027325e-05 9.101187788992525819e-09
1.122018454301964084e+03 1.027553499413715053e-05 4.556428037910000494e-09
1.412537544622755377e+03 4.732134602948029689e-06 2.273859177365798166e-09
1.778279410038924652e+03 2.156098803157608680e-06 1.130820683493105102e-09
2.238721138568342212e+03 9.724406794538979234e-07 5.590067037883078093e-10
2.818382931264455237e+03 4.346548242467476527e-07 2.745081803714995053e-10
3.548133892335757082e+03 1.924173536689048617e-07 1.346327046876809594e-10
4.466835921509635227e+03 8.437337885795771873e-08 6.528024931567821800e-11
5.623413251903496530e+03 3.667697222635149198e-08 3.163165279925645755e-11
7.079457843841388240e+03 1.580401231282009451e-08 1.523513181873404928e-11
8.912509381337458763e+03 6.756858758720216792e-09 7.293074945568238679e-12
1.122018454301964084e+04 2.863441027174209607e-09 3.476311389763569801e-12
1.412537544622755377e+04 1.203450918577831040e-09 1.641110505888638143e-12
1.778279410038924470e+04 5.017907630237491705e-10 7.677034185284876608e-13
2.238721138568342576e+04 2.073524592575949167e-10 3.570020395805453444e-13
2.818382931264454965e+04 8.482118106783873724e-11 1.649566815835928570e-13
3.548133892335756536e+04 3.434006671038039696e-11 7.540527530551270448e-14
4.466835921509634500e+04 1.374665394503455277e-11 3.403318861103740868e-14
