8.912509381337455072e-02 9.942286641264878710e+00 0.000000000000000000e+00
1.122018454301963591e-01 1.101346848064185302e+01 0.000000000000000000e+00
1.412537544622754770e-01 1.212962012676874757e+01 0.000000000000000000e+00
1.778279410038923203e-01 1.322359382297980268e+01 0.000000000000000000e+00
2.238721138568339764e-01 1.427474499844226763e+01 0.000000000000000000e+00
2.818382931264454272e-01 1.524902683588896046e+01 0.000000000000000000e+00
3.548133892335755268e-01 1.608915313174792772e+01 0.000000000000000000e+00
4.466835921509632046e-01 1.669183202394194865e+01 0.000000000000000000e+00
5.623413251903491838e-01 1.700087818683974561e+01 5.686462597337621494e-01
7.079457843841380216e-01 1.692830548547624758e+01 2.642090468775193379e-01
8.912509381337456738e-01 1.641908916920127837e+01 1.024107704822218995e-01
1.122018454301963564e+00 1.544821968567626946e+01 1.471168713673981776e-01
1.412537544622754826e+00 1.406330757538577814e+01 7.353163217676837726e-02
1.778279410038923647e+00 1.234461914798503734e+01 5.973608059970710038e-02
2.238721138568341207e+00 1.044229095733744828e+01 2.702006632512215720e-02
2.818382931264455049e+00 8.494678569348620201e+00 1.652805908885329397e-02
3.548133892335755046e+00 6.641720540678926810e+00 6.345451075751142554e-03
4.466835921509632712e+00 4.987648122884944968e+00 2.750610768564330788e-03
5.623413251903492949e+00 3.612467626035273494e+00 1.417665426180266452e-03
7.079457843841383990e+00 2.543974219734909781e+00 7.976367208614823815e-04
8.912509381337459402e+00 1.749451852063169666e+00 4.678306326747378742e-04
1.122018454301963608e+01 1.164294263349431535e+00 2.716006902571700948e-04
1.412537544622754737e+01 7.477526594480246036e-01 1.558666945657493719e-04
1.778279410038923558e+01 4.695515308587442371e-01 8.954372117457641642e-05
2.238721138568341118e+01 2.862165273893714779e-01 5.199072203793454365e-05
2.818382931264454783e+01 1.703743414421490521e-01 3.046862863208751678e-05
3.548133892335754780e+01 9.917002618464129671e-02 1.804992439346931178e-05
4.466835921509632357e+01 5.660731164319361686e-02 1.085832993238226896e-05
5.623413251903493659e+01 3.173505203936848040e-02 6.600785728806437493e-06
7.079457843841383635e+01 1.748406787472727569e-02 4.084825987703812995e-06
8.912509381337459047e+01 9.472413000406300701e-03 2.410852218416639589e-06
1.122018454301964141e+02 5.051013208966641764e-03 1.402519311599872522e-06
1.412537544622755661e+02 2.646246894637016914e-03 7.912302323720537358e-07
1.778279410038922776e+02 1.364180286163088661e-03 4.164848871238377791e-07
2.238721138568340052e+02 6.937018815065661105e-04 2.177858142145114933e-07
2.818382931264455351e+02 3.482149133575878144e-04 1.124597644850502211e-07
3.548133892335756627e+02 1.726985524946633471e-04 5.797740368131491137e-08
4.466835921509634773e+02 8.460599425898344711e-05 2.959892700965640301e-08
5.623413251903496075e+02 4.094218207668606676e-05 1.507344725562876208e-08
7.079457843841387330e+02 1.957760096109531573e-05 7.624744563860980408e-09
8.912509381337458763e+02 9.253972938345384166e-06 3.855252865467040797e-09
1.122018454301964084e+03 4.326489218344728494e-06 1.937426725393288181e-09
1.412537544622755377e+03 2.000057908260271955e-06 9.706713737692517630e-10
1.778279410038924652e+03 9.149640345107009437e-07 4.847386127993028921e-10
2.238721138568342212e+03 4.144340901924167153e-07 2.406687632434867632e-10
2.818382931264455237e+03 1.860893849665231270e-07 1.187296840782948536e-10
3.548133892335757082e+03 8.278643519816665414e-08 5.851466768465659107e-11
4.466835921509635227e+03 3.649472647257379188e-08 2.851640914307620946e-11
5.623413251903496530e+03 1.595563642452482715e-08 1.389401937731492901e-11
7.079457843841388240e+03 6.918579449076632901e-09 6.731067378284669199e-12
8.912509381337458763e+03 2.978383094256411821e-09 3.242610081639675073e-12
1.122018454301964084e+04 1.271785965166761396e-09 1.556088865887830922e-12
1.412537544622755377e+04 5.390266230600281038e-10 7.400440132993717526e-13
1.778279410038924470e+04 2.268615507933848388e-10 3.490207330732574599e-13
2.238721138568342576e+04 9.472970239091317693e-11 1.637438944795235635e-13
2.818382931264454965e+04 3.921151775620355574e-11 7.640014790820850475e-14
3.548133892335756536e+04 1.608860612952930361e-11 3.530367891305741069e-14
4.466835921509634500e+04 6.539507623065561511e-12 1.612802394922147376e-14
