8.912509381337455072e-02 1.128147982879089817e+01 0.000000000000000000e+00
1.122018454301963591e-01 1.249695950522521315e+01 0.000000000000000000e+00
1.412537544622754770e-01 1.376345076907248455e+01 0.000000000000000000e+00
1.778279410038923203e-01 1.500473853674637859e+01 0.000000000000000000e+00
2.238721138568339764e-01 1.619737680309250294e+01 0.000000000000000000e+00
2.818382931264454272e-01 1.730270263109674289e+01 0.000000000000000000e+00
3.548133892335755268e-01 1.825565929445453506e+01 0.000000000000000000e+00
4.466835921509632046e-01 1.893899458339493691e+01 0.000000000000000000e+00
5.623413251903491838e-01 1.928890913008510921e+01 6.456652880063704636e-01
7.079457843841380216e-01 1.920554546430082610e+01 2.998964475820459774e-01
8.912509381337456738e-01 1.862648960883744209e+01 1.162048494498873485e-01
1.122018454301963564e+00 1.752345226928896693e+01 1.669390101663649761e-01
1.412537544622754826e+00 1.595061458677338173e+01 8.341295532748677077e-02
1.778279410038923647e+00 1.399927758459608462e+01 6.775106291664256819e-02
2.238721138568341207e+00 1.184001229072929817e+01 3.063358830652741088e-02
2.818382931264455049e+00 9.629951557211605007e+00 1.873624717328298619e-02
3.548133892335755046e+00 7.527874351068306602e+00 7.187809245931407916e-03
4.466835921509632712e+00 5.651906761673200386e+00 3.113151303078970974e-03
5.623413251903492949e+00 4.092612176129268420e+00 1.603816926012742493e-03
7.079457843841383990e+00 2.881333763811321003e+00 9.020707589180171218e-04
8.912509381337459402e+00 1.980890123594639451e+00 5.288920619762732794e-04
1.122018454301963608e+01 1.317911402496033224e+00 3.069317539625736682e-04
1.412537544622754737e+01 8.461348699248467664e-01 1.760744523435184316e-04
1.778279410038923558e+01 5.311520792513366729e-01 1.011158776939213090e-04
2.238721138568341118e+01 3.236492664073337133e-01 5.868901043035879971e-05
2.818382931264454783e+01 1.925846849986315168e-01 3.438268465307483157e-05
3.548133892335754780e+01 1.120539141149145268e-01 2.036249343127552019e-05
4.466835921509632357e+01 6.393516871368273846e-02 1.224602928791612138e-05
5.623413251903493659e+01 3.582767462263027752e-02 7.442040723742360516e-06
7.079457843841383635e+01 1.973000270277720097e-02 4.603613178426619587e-06
8.912509381337459047e+01 1.068422677458942538e-02 2.715825264628688671e-06
1.122018454301964141e+02 5.694480170138440690e-03 1.579121149308349858e-06
1.412537544622755661e+02 2.981895409740935657e-03 8.903469341810747568e-07
1.778279410038922776e+02 1.536431182845084337e-03 4.683912431861113331e-07
2.238721138568340052e+02 7.808839577181039436e-04 2.447862887742355392e-07
2.818382931264455351e+02 3.917663133006622040e-04 1.263273886461458173e-07
3.548133892335756627e+02 1.941898743283002103e-04 6.508718298855241046e-08
4.466835921509634773e+02 9.507978997488395856e-05 3.320790610786511135e-08
5.623413251903496075e+02 4.598298151657315109e-05 1.690045915518308302e-08
7.079457843841387330e+02 2.197421816631735833e-05 8.543153233311363978e-09
8.912509381337458763e+02 1.038001703637579475e-05 4.316702859051998197e-09
1.122018454301964084e+03 4.849649692815250114e-06 2.167776997786571397e-09
1.412537544622755377e+03 2.240294954866895529e-06 1.085279459655872468e-09
1.778279410038924652e+03 1.024090119068019620e-06 5.415524671503040577e-10
2.238721138568342212e+03 4.634925832495814105e-07 2.686596418790788796e-10
2.818382931264455237e+03 2.079410022586654685e-07 1.324258777771062970e-10
3.548133892335757082e+03 9.242353012098351252e-08 6.520653249385130666e-11
4.466835921509635227e+03 4.070322784971948445e-08 3.174825271762430726e-11
5.623413251903496530e+03 1.777692148279975268e-08 1.545320283260224426e-11
7.079457843841388240e+03 7.699515150073320882e-09 7.478552076267836711e-12
8.912509381337458763e+03 3.310454662584509234e-09 3.598615674062837279e-12
1.122018454301964084e+04 1.411662230924865133e-09 1.724853568879957129e-12
1.412537544622755377e+04 5.974144222154476061e-10 8.192333175674522477e-13
1.778279410038924470e+04 2.510206361550590980e-10 3.858146352783477188e-13
2.238721138568342576e+04 1.046259396679624518e-10 1.807267746094975290e-13
2.818382931264454965e+04 4.321913567008160981e-11 8.418191401587995631e-14
3.548133892335756536e+04 1.769227123791768623e-11 3.882742291407564869e-14
4.466835921509634500e+04 7.172745657206266250e-12 1.770130822978590553e-14
