8.912509381337455072e-02 3.516685669906910761e+01 0.000000000000000000e+00
1.122018454301963591e-01 3.895667539558239412e+01 0.000000000000000000e+00
1.412537544622754770e-01 4.290560358788609108e+01 0.000000000000000000e+00
1.778279410038923203e-01 4.677584437555859864e+01 0.000000000000000000e+00
2.238721138568339764e-01 5.049415708917783974e+01 0.000000000000000000e+00
2.818382931264454272e-01 5.393975079504870962e+01 0.000000000000000000e+00
3.548133892335755268e-01 5.690924571602840842e+01 0.000000000000000000e+00
4.466835921509632046e-01 5.903659475671396706e+01 0.000000000000000000e+00
5.623413251903491838e-01 6.012235265211629098e+01 2.014516708505047049e+00
7.079457843841380216e-01 5.985486498000871336e+01 9.344980148919750373e-01
8.912509381337456738e-01 5.803953876473171647e+01 3.617111543159603482e-01
1.122018454301963564e+00 5.458873684984003916e+01 5.196012469510313814e-01
1.412537544622754826e+00 4.967258387869707548e+01 2.593715073491902334e-01
1.778279410038923647e+00 4.357762889977444587e+01 2.105498699473097590e-01
2.238721138568341207e+00 3.683767724350153827e+01 9.506987410544673334e-02
2.818382931264455049e+00 2.994424223665553342e+01 5.812913257885183455e-02
3.548133892335755046e+00 2.339275011635455570e+01 2.223873104207917117e-02
4.466835921509632712e+00 1.755053510354006363e+01 9.600293110597587706e-03
5.623413251903492949e+00 1.269805637019867106e+01 4.937877434348251181e-03
7.079457843841383990e+00 8.931234915126772478e+00 2.773892389837154769e-03
8.912509381337459402e+00 6.133604058148047322e+00 1.624127120093496078e-03
1.122018454301963608e+01 4.075863217362878821e+00 9.410995346945918083e-04
1.412537544622754737e+01 2.613417613980808518e+00 5.390305398890021240e-04
1.778279410038923558e+01 1.638294127014882973e+00 3.090923112624122354e-04
2.238721138568341118e+01 9.967721342422860564e-01 1.791372025967301936e-04
2.818382931264454783e+01 5.921707558962444606e-01 1.047989792630842049e-04
3.548133892335754780e+01 3.439571755556011246e-01 6.198438397150719933e-05
4.466835921509632357e+01 1.958922561045096933e-01 3.723080767290016656e-05
5.623413251903493659e+01 1.095576317393787691e-01 2.259304846774622342e-05
7.079457843841383635e+01 6.020763905402946869e-02 1.394960931323279137e-05
8.912509381337459047e+01 3.253260334496597961e-02 8.211654944760158405e-06
1.122018454301964141e+02 1.729995793160678252e-02 4.762618121697766181e-06
1.412537544622755661e+02 9.037601124537643360e-03 2.677649303853061504e-06
1.778279410038922776e+02 4.645109131157696379e-03 1.404707689315692056e-06
2.238721138568340052e+02 2.354746433481632976e-03 7.319941706091293092e-07
2.818382931264455351e+02 1.178193582103341562e-03 3.766367859913235810e-07
3.548133892335756627e+02 5.823654452321833140e-04 1.934541441650748358e-07
4.466835921509634773e+02 2.843011487499899604e-04 9.838518607870732412e-08
5.623413251903496075e+02 1.370706051672960634e-04 4.990386582252492379e-08
7.079457843841387330e+02 6.528998165202375159e-05 2.513720095035495881e-08
8.912509381337458763e+02 3.073561301494538120e-05 1.265603554710663129e-08
1.122018454301964084e+03 1.430849868147351352e-05 6.331476538011303571e-09
1.412537544622755377e+03 6.584528802616756342e-06 3.157247567247356501e-09
1.778279410038924652e+03 2.997722964555985211e-06 1.568844495313563489e-09
2.238721138568342212e+03 1.350877216412570898e-06 7.748599986824221044e-10
2.818382931264455237e+03 6.032498237739096502e-07 3.801495003792662102e-10
3.548133892335757082e+03 2.667849321555388150e-07 1.862583278854605099e-10
4.466835921509635227e+03 1.168548471303462183e-07 9.021734081007878482e-11
5.623413251903496530e+03 5.073586959444330831e-08 4.366438811153384863e-11
7.079457843841388240e+03 2.183306269675821581e-08 2.100459799541567138e-11
8.912509381337458763e+03 9.320875409856993086e-09 1.004129356638292469e-11
1.122018454301964084e+04 3.943592077398017137e-09 4.779274965117739597e-12
1.412537544622755377e+04 1.654381814531768984e-09 2.252572518933600172e-12
1.778279410038924470e+04 6.883909247569703274e-10 1.051840008708734688e-12
2.238721138568342576e+04 2.837961794840951907e-10 4.881637578832034550e-13
2.818382931264454965e+04 1.157807747274444677e-10 2.250622805522307759e-13
3.548133892335756536e+04 4.672965823423915711e-11 1.026247220580713622e-13
4.466835921509634500e+04 1.863928127753105882e-11 4.618714241387596876e-14
