8.912509381337455072e-02 3.939604786733229780e+00 0.000000000000000000e+00
1.122018454301963591e-01 4.357807991833502648e+00 0.000000000000000000e+00
1.412537544622754770e-01 4.793404752330092222e+00 0.000000000000000000e+00
1.778279410038923203e-01 5.221584772929896978e+00 0.000000000000000000e+00
2.238721138568339764e-01 5.635522132778650217e+00 0.000000000000000000e+00
2.818382931264454272e-01 6.024018129319574477e+00 0.000000000000000000e+00
3.548133892335755268e-01 6.369141687810801145e+00 0.000000000000000000e+00
4.466835921509632046e-01 6.634391253150797141e+00 0.000000000000000000e+00
5.623413251903491838e-01 6.802070775523250568e+00 2.050751266877245960e-01
7.079457843841380216e-01 6.840206690390341571e+00 9.996072044114591437e-02
8.912509381337456738e-01 6.726969399803806482e+00 4.247936070848781775e-02
1.122018454301963564e+00 6.447542994613590928e+00 5.774062684100499110e-02
1.412537544622754826e+00 6.010297929395246541e+00 3.061650598537268494e-02
1.778279410038923647e+00 5.430746534796723424e+00 2.537172270669832766e-02
2.238721138568341207e+00 4.751110317085697865e+00 1.223024396288893700e-02
2.818382931264455049e+00 4.012461020175441817e+00 7.652588148384314483e-03
3.548133892335755046e+00 3.266731617784264685e+00 3.261672885798116463e-03
4.466835921509632712e+00 2.562951246759008761e+00 1.558329582067574919e-03
5.623413251903492949e+00 1.948299962874491476e+00 8.558595544060332815e-04
7.079457843841383990e+00 1.448539637984270101e+00 5.073729024051201048e-04
8.912509381337459402e+00 1.055012524820482467e+00 3.148383161468955652e-04
1.122018454301963608e+01 7.471690991254544834e-01 1.940107473406028622e-04
1.412537544622754737e+01 5.117638780885587213e-01 1.183400910701868009e-04
1.778279410038923558e+01 3.429195272789288262e-01 7.213749091374718433e-05
2.238721138568341118e+01 2.234800964139822266e-01 4.429301062256184871e-05
2.818382931264454783e+01 1.422822776336713779e-01 2.735331597680508518e-05
3.548133892335754780e+01 8.864221654746677614e-02 1.699486669229673385e-05
4.466835921509632357e+01 5.414590520255534861e-02 1.066740213656868167e-05
5.623413251903493659e+01 3.245347011733516751e-02 6.745133827241616156e-06
7.079457843841383635e+01 1.908179712954487933e-02 4.332665983383025749e-06
8.912509381337459047e+01 1.101061898046221989e-02 2.671980824096190649e-06
1.122018454301964141e+02 6.235689047766891126e-03 1.628415624134216051e-06
1.412537544622755661e+02 3.460559423722170836e-03 9.655518174968601438e-07
1.778279410038922776e+02 1.885052738475883434e-03 5.373214642096990600e-07
2.238721138568340052e+02 1.010188070738211917e-03 2.963397957329600717e-07
2.818382931264455351e+02 5.329358533629946406e-04 1.610832805908091836e-07
3.548133892335756627e+02 2.769970689721844271e-04 8.715544605257626657e-08
4.466835921509634773e+02 1.418160289474736080e-04 4.660135111851972617e-08
5.623413251903496075e+02 7.152290918947167226e-05 2.477670560456843869e-08
7.079457843841387330e+02 3.554857104206829226e-05 1.305588398665621584e-08
8.912509381337458763e+02 1.741895051054507740e-05 6.854419459358971491e-09
1.122018454301964084e+03 8.419208389216622371e-06 3.567762413059990352e-09
1.412537544622755377e+03 4.013948482643445315e-06 1.846153815183647347e-09
1.778279410038924652e+03 1.888940235950066648e-06 9.500193245732144931e-10
2.238721138568342212e+03 8.780408206141929632e-07 4.848176879374216629e-10
2.818382931264455237e+03 4.035962423937264447e-07 2.452955420672531384e-10
3.548133892335757082e+03 1.833903978024036421e-07 1.236748760196047443e-10
4.466835921509635227e+03 8.238471654678915718e-08 6.151528569854761347e-11
5.623413251903496530e+03 3.662121817534162110e-08 3.052388876544422378e-11
7.079457843841388240e+03 1.610911535092940200e-08 1.502860603162490351e-11
8.912509381337458763e+03 7.018998563630622323e-09 7.342063720881846231e-12
1.122018454301964084e+04 3.026745307327673204e-09 3.565646257663105516e-12
1.412537544622755377e+04 1.292506625925568035e-09 1.712694378405625919e-12
1.778279410038924470e+04 5.467702057417312507e-10 8.140376598553625172e-13
2.238721138568342576e+04 2.289076053939736613e-10 3.840645937381225139e-13
2.818382931264454965e+04 9.474676820832828499e-11 1.798093373795530208e-13
3.548133892335756536e+04 3.876161684050558698e-11 8.318603348440436613e-14
4.466835921509634500e+04 1.565979954842970395e-11 3.795261687318273424e-14
