8.912509381337455072e-02 4.247953112189339464e+00
1.122018454301963591e-01 4.707212836460776373e+00
1.412537544622754770e-01 5.187140392023221303e+00
1.778279410038923203e-01 5.660093147164366734e+00
2.238721138568339764e-01 6.118356224888397144e+00
2.818382931264454272e-01 6.548867743055566848e+00
3.548133892335755268e-01 6.929475049221371918e+00
4.466835921509632046e-01 7.217999749180088465e+00
5.623413251903491838e-01 7.392243221326937785e+00
7.079457843841380216e-01 7.415067465243972755e+00
8.912509381337456738e-01 7.261302982542961360e+00
1.122018454301963564e+00 6.915369292150569613e+00
1.412537544622754826e+00 6.389570181261790438e+00
1.778279410038923647e+00 5.707250580604391388e+00
2.238721138568341207e+00 4.922711056197106139e+00
2.818382931264455049e+00 4.089019309257347246e+00
3.548133892335755046e+00 3.267467586499824606e+00
4.466835921509632712e+00 2.510446826086380145e+00
5.623413251903492949e+00 1.863107524967099637e+00
7.079457843841383990e+00 1.346824724751754410e+00
8.912509381337459402e+00 9.506821427776608324e-01
1.122018454301963608e+01 6.502383906739339636e-01
1.412537544622754737e+01 4.291602507551199874e-01
1.778279410038923558e+01 2.767187122353431117e-01
2.238721138568341118e+01 1.731922865782592191e-01
2.818382931264454783e+01 1.057791553956545089e-01
3.548133892335754780e+01 6.314824508652351620e-02
4.466835921509632357e+01 3.694475597027634811e-02
5.623413251903493659e+01 2.121170051237396617e-02
7.079457843841383635e+01 1.195595663961786584e-02
8.912509381337459047e+01 6.619972325286505206e-03
1.122018454301964141e+02 3.603097812531167333e-03
1.412537544622755661e+02 1.924615038777986861e-03
1.778279410038922776e+02 1.010558527955973370e-03
2.238721138568340052e+02 5.228682687529190168e-04
2.818382931264455351e+02 2.667827045512780179e-04
3.548133892335756627e+02 1.343557004448403232e-04
4.466835921509634773e+02 6.677539278756261748e-05
5.623413251903496075e+02 3.275291688709521350e-05
7.079457843841387330e+02 1.586139589081835707e-05
8.912509381337458763e+02 7.586913705589336090e-06
1.122018454301964084e+03 3.586536572212111435e-06
1.412537544622755377e+03 1.675324913901188346e-06
1.778279410038924652e+03 7.738858960224308010e-07
2.238721138568342212e+03 3.537338277101443140e-07
2.818382931264455237e+03 1.601863312667897677e-07
3.548133892335757082e+03 7.183326920491550940e-08
4.466835921509635227e+03 3.190401465302667161e-08
5.623413251903496530e+03 1.404663580009472842e-08
7.079457843841388240e+03 6.131187958625510177e-09
8.912509381337458763e+03 2.655882024734681775e-09
1.122018454301964084e+04 1.140779708153631352e-09
1.412537544622755377e+04 4.862236058139250779e-10
1.778279410038924470e+04 2.057355314453399188e-10
2.238721138568342576e+04 8.635029642449267017e-11
2.818382931264454965e+04 3.592178099583898850e-11
3.548133892335756536e+04 1.481071485393747905e-11
4.466835921509634500e+04 6.049075232765735956e-12
