8.912509381337455072e-02 7.265246725417895846e+00 0.000000000000000000e+00
1.122018454301963591e-01 8.029287080625268302e+00 0.000000000000000000e+00
1.412537544622754770e-01 8.820706121789203991e+00 0.000000000000000000e+00
1.778279410038923203e-01 9.591301192026024935e+00 0.000000000000000000e+00
2.238721138568339764e-01 1.032553342699140053e+01 0.000000000000000000e+00
2.818382931264454272e-01 1.099893023538022163e+01 0.000000000000000000e+00
3.548133892335755268e-01 1.157315881279857983e+01 0.000000000000000000e+00
4.466835921509632046e-01 1.197641073904365605e+01 0.000000000000000000e+00
5.623413251903491838e-01 1.217195842782566473e+01 4.329131096485777652e-01
7.079457843841380216e-01 1.210001676170161566e+01 2.051638541485779899e-01
8.912509381337456738e-01 1.172465026286753975e+01 8.275263288872485024e-02
1.122018454301963564e+00 1.103081464734723482e+01 1.154537953849123916e-01
1.412537544622754826e+00 1.005393531892832293e+01 5.890888912022104740e-02
1.778279410038923647e+00 8.850084054251954768e+00 4.781665046971831506e-02
2.238721138568341207e+00 7.522022736374373686e+00 2.220234420457156341e-02
2.818382931264455049e+00 6.161447432432921367e+00 1.363762377971542740e-02
3.548133892335755046e+00 4.861182944698357211e+00 5.476206421412511613e-03
4.466835921509632712e+00 3.692503707093168330e+00 2.485896695447175134e-03
5.623413251903492949e+00 2.715131716545075236e+00 1.318203847444887698e-03
7.079457843841383990e+00 1.952741862388014615e+00 7.599829182049214682e-04
8.912509381337459402e+00 1.380636904128260234e+00 4.591323038345163110e-04
1.122018454301963608e+01 9.517590312874787406e-01 2.764393855563428886e-04
1.412537544622754737e+01 6.373308257467455995e-01 1.654665107570872499e-04
1.778279410038923558e+01 4.200869285772466655e-01 9.940117473155152641e-05
2.238721138568341118e+01 2.708535458710114030e-01 6.036913801036341594e-05
2.818382931264454783e+01 1.717558698837137465e-01 3.701269479683289839e-05
3.548133892335754780e+01 1.072738522546110851e-01 2.290148964318264131e-05
4.466835921509632357e+01 6.611618011643009829e-02 1.435262243231375845e-05
5.623413251903493659e+01 4.021982603912740983e-02 9.084928076551246321e-06
7.079457843841383635e+01 2.412503883533742566e-02 5.852392388607852009e-06
8.912509381337459047e+01 1.426380508902574257e-02 3.637114470551617558e-06
1.122018454301964141e+02 8.305800878956512076e-03 2.242592596325387031e-06
1.412537544622755661e+02 4.752002509992325242e-03 1.351217161397062547e-06
1.778279410038922776e+02 2.674187154614195323e-03 7.694477091576142486e-07
2.238721138568340052e+02 1.482577552594532746e-03 4.352421023739855074e-07
2.818382931264455351e+02 8.098307371882643071e-04 2.432290195070038822e-07
3.548133892335756627e+02 4.359234942851742127e-04 1.354339429447109818e-07
4.466835921509634773e+02 2.310984811687814703e-04 7.461890364915959896e-08
5.623413251903496075e+02 1.206275821831471047e-04 4.087873660312658097e-08
7.079457843841387330e+02 6.200407798696674943e-05 2.220545627155577752e-08
8.912509381337458763e+02 3.138841400896382188e-05 1.200806609173670419e-08
1.122018454301964084e+03 1.565316585307538087e-05 6.434831717212190413e-09
1.412537544622755377e+03 7.690520083015562963e-06 3.424536202709649168e-09
1.778279410038924652e+03 3.724096522203237018e-06 1.811048645992348862e-09
2.238721138568342212e+03 1.778640033594523808e-06 9.487074303785069421e-10
2.818382931264455237e+03 8.386667114376900468e-07 4.922124045205729005e-10
3.548133892335757082e+03 3.903400100590247198e-07 2.541138736498453629e-10
4.466835921509635227e+03 1.793323656031009394e-07 1.292310602398315259e-10
5.623413251903496530e+03 8.139301254409817504e-08 6.548129608440517507e-11
7.079457843841388240e+03 3.650034318515806981e-08 3.287914605776118714e-11
8.912509381337458763e+03 1.618693343915771432e-08 1.635854791826541859e-11
1.122018454301964084e+04 7.093466920166017466e-09 8.079190925914268997e-12
1.412537544622755377e+04 3.073463790991877217e-09 3.941585945798164881e-12
1.778279410038924470e+04 1.317070740953832170e-09 1.900147375389179831e-12
2.238721138568342576e+04 5.576463806994554852e-10 9.079516507084326629e-13
2.818382931264454965e+04 2.330470901297752801e-10 4.298859669860574318e-13
3.548133892335756536e+04 9.609404397586019052e-11 2.008528713243430433e-13
4.466835921509634500e+04 3.905540300631644919e-11 9.240472176535678022e-14
