8.912509381337455072e-02 4.135356507266203963e+00 0.000000000000000000e+00
1.122018454301963591e-01 4.577609079790661895e+00 0.000000000000000000e+00
1.412537544622754770e-01 5.039097878701335631e+00 0.000000000000000000e+00
1.778279410038923203e-01 5.493654632411923089e+00 0.000000000000000000e+00
2.238721138568339764e-01 5.934208986870524782e+00 0.000000000000000000e+00
2.818382931264454272e-01 6.348953794686993390e+00 0.000000000000000000e+00
3.548133892335755268e-01 6.718496076858541777e+00 0.000000000000000000e+00
4.466835921509632046e-01 7.003903992982769999e+00 0.000000000000000000e+00
5.623413251903491838e-01 7.185860715699904588e+00 2.118702058694965362e-01
7.079457843841380216e-01 7.229992767630598394e+00 1.027923560018638438e-01
8.912509381337456738e-01 7.112564529373398337e+00 4.323370862238837958e-02
1.122018454301963564e+00 6.817319066955506379e+00 5.927442654955089596e-02
1.412537544622754826e+00 6.352742522899331057e+00 3.128170675046468979e-02
1.778279410038923647e+00 5.735365519838347304e+00 2.595300536366082489e-02
2.238721138568341207e+00 5.010598821634889788e+00 1.244317852965610635e-02
2.818382931264455049e+00 4.223219304353960979e+00 7.781098504893741580e-03
3.548133892335755046e+00 3.429572860235923226e+00 3.290521109062659755e-03
4.466835921509632712e+00 2.682243920977184448e+00 1.561141533659592259e-03
5.623413251903492949e+00 2.030794908216249528e+00 8.536837879910954890e-04
7.079457843841383990e+00 1.501885246024863729e+00 5.041580487120592277e-04
8.912509381337459402e+00 1.086662515736560586e+00 3.113803341799386486e-04
1.122018454301963608e+01 7.635489107011034227e-01 1.907608631097011654e-04
1.412537544622754737e+01 5.183763912607892710e-01 1.155695783696995225e-04
1.778279410038923558e+01 3.439951314942404914e-01 6.994564298924982467e-05
2.238721138568341118e+01 2.218091033594948858e-01 4.264169746420494179e-05
2.818382931264454783e+01 1.396203693916296673e-01 2.614675256720672654e-05
3.548133892335754780e+01 8.594063947720692598e-02 1.613467302226274247e-05
4.466835921509632357e+01 5.184135319179309503e-02 1.006284888823673546e-05
5.623413251903493659e+01 3.067705600114036327e-02 6.323221178365630490e-06
7.079457843841383635e+01 1.780711639500232729e-02 4.037065676643743627e-06
8.912509381337459047e+01 1.014457840286193263e-02 2.470563792855459290e-06
1.122018454301964141e+02 5.673681967443679718e-03 1.492889335947888624e-06
1.412537544622755661e+02 3.110345964629828742e-03 8.768465102622789472e-07
1.778279410038922776e+02 1.674153731690832762e-03 4.825481918490188612e-07
2.238721138568340052e+02 8.868393688086841651e-04 2.632351798291601304e-07
2.818382931264455351e+02 4.626673682548142772e-04 1.415471569933646390e-07
3.548133892335756627e+02 2.379180981344120223e-04 7.579248552388514681e-08
4.466835921509634773e+02 1.205737001734136183e-04 4.011575200317597688e-08
5.623413251903496075e+02 6.022348981527963385e-05 2.112406873051071388e-08
7.079457843841387330e+02 2.965919044014901404e-05 1.102812250055553009e-08
8.912509381337458763e+02 1.440805679259505603e-05 5.739709094436081637e-09
1.122018454301964084e+03 6.907873323438773515e-06 2.963033303979323222e-09
1.412537544622755377e+03 3.268524472938723805e-06 1.521491930186019272e-09
1.778279410038924652e+03 1.527353886177913966e-06 7.772963178385425654e-10
2.238721138568342212e+03 7.053459332307984955e-07 3.940100075649909080e-10
2.818382931264455237e+03 3.222817731956634171e-07 1.981017883086688993e-10
3.548133892335757082e+03 1.456396732042941337e-07 9.930723446436518250e-11
4.466835921509635227e+03 6.510036152414183696e-08 4.913643981865019982e-11
5.623413251903496530e+03 2.880880790449768215e-08 2.426519862628961704e-11
7.079457843841388240e+03 1.262218769768775630e-08 1.189547619981391985e-11
8.912509381337458763e+03 5.480643864238739023e-09 5.789024023069169615e-12
1.122018454301964084e+04 2.356363957864689269e-09 2.801896063422728208e-12
1.412537544622755377e+04 1.003767531372221806e-09 1.341865745136897123e-12
1.778279410038924470e+04 4.238099748830381605e-10 6.362079512391481628e-13
2.238721138568342576e+04 1.771885560426712276e-10 2.995663643320400400e-13
2.818382931264454965e+04 7.328319865700034008e-11 1.400400531541054913e-13
3.548133892335756536e+04 2.997672469372940450e-11 6.472275709361514907e-14
4.466835921509634500e+04 1.211766114990487236e-11 2.951601427986609696e-14
