8.912509381337455072e-02 4.324446923108857810e+00 0.000000000000000000e+00
1.122018454301963591e-01 4.791171544730347343e+00 0.000000000000000000e+00
1.412537544622754770e-01 5.278958564684979926e+00 0.000000000000000000e+00
1.778279410038923203e-01 5.759966731509233995e+00 0.000000000000000000e+00
2.238721138568339764e-01 6.226592112795427347e+00 0.000000000000000000e+00
2.818382931264454272e-01 6.665941143341253650e+00 0.000000000000000000e+00
3.548133892335755268e-01 7.056238587592399192e+00 0.000000000000000000e+00
4.466835921509632046e-01 7.355271417259515054e+00 0.000000000000000000e+00
5.623413251903491838e-01 7.541183062514839719e+00 2.208162864574320650e-01
7.079457843841380216e-01 7.576621612381272186e+00 1.058563064408635790e-01
8.912509381337456738e-01 7.435921103971491419e+00 4.340218056569472571e-02
1.122018454301963564e+00 7.102341012011187615e+00 6.058339766958081851e-02
1.412537544622754826e+00 6.586576476707166172e+00 3.154798158116099011e-02
1.778279410038923647e+00 5.909558617648304590e+00 2.612986420125360670e-02
2.238721138568341207e+00 5.123573077952707777e+00 1.234145298416531970e-02
2.818382931264455049e+00 4.280243183397052675e+00 7.684794859222582840e-03
3.548133892335755046e+00 3.441354572569722770e+00 3.176267385932985635e-03
4.466835921509632712e+00 2.661598124610549565e+00 1.475577208144357054e-03
5.623413251903492949e+00 1.989646678075296604e+00 7.955083557565818548e-04
7.079457843841383990e+00 1.449849107807049231e+00 4.640789234837332613e-04
8.912509381337459402e+00 1.031983462393903261e+00 2.826988003072162864e-04
1.122018454301963608e+01 7.121485732598858975e-01 1.705478014580388293e-04
1.412537544622754737e+01 4.743188363820075582e-01 1.016389518707020969e-04
1.778279410038923558e+01 3.086138539984371598e-01 6.050895582598330753e-05
2.238721138568341118e+01 1.949362654979626686e-01 3.630773229357812861e-05
2.818382931264454783e+01 1.201478765447371033e-01 2.192680843247934606e-05
3.548133892335754780e+01 7.237994923668428227e-02 1.334098401067431029e-05
4.466835921509632357e+01 4.272552624858436815e-02 8.214617424280279583e-06
5.623413251903493659e+01 2.474479534368476119e-02 5.100309075239522383e-06
7.079457843841383635e+01 1.406428339450198177e-02 3.219773745983918148e-06
8.912509381337459047e+01 7.849720732422189873e-03 1.943781347371780676e-06
1.122018454301964141e+02 4.304662897568242719e-03 1.157654643953966887e-06
1.412537544622755661e+02 2.315712181827819446e-03 6.693764917582199072e-07
1.778279410038922776e+02 1.224065938862426046e-03 3.618356494023178948e-07
2.238721138568340052e+02 6.373160796402569219e-04 1.940161864352836884e-07
2.818382931264455351e+02 3.270824996222675726e-04 1.026010005132469420e-07
3.548133892335756627e+02 1.656157655207531304e-04 5.408131132373563795e-08
4.466835921509634773e+02 8.272182366992280418e-05 2.819576144036953719e-08
5.623413251903496075e+02 4.075942939504565061e-05 1.464028703759203149e-08
7.079457843841387330e+02 1.982047346205373904e-05 7.542167841614178979e-09
8.912509381337458763e+02 9.515972557657066653e-06 3.877680999335390262e-09
1.122018454301964084e+03 4.513339149061717445e-06 1.979175221464493900e-09
1.412537544622755377e+03 2.114394199699972630e-06 1.005785925914464754e-09
1.778279410038924652e+03 9.791542284476250041e-07 5.089363716919413464e-10
2.238721138568342212e+03 4.485061189189010829e-07 2.557479696090763812e-10
2.818382931264455237e+03 2.034483922553966883e-07 1.275765354738604018e-10
3.548133892335757082e+03 9.135211324309117268e-08 6.350900279666960455e-11
4.466835921509635227e+03 4.060902808672330836e-08 3.123178848762837666e-11
5.623413251903496530e+03 1.788753606275809258e-08 1.534211622505341283e-11
7.079457843841388240e+03 7.807864214873618198e-09 7.487411951864258523e-12
8.912509381337458763e+03 3.380687550769935869e-09 3.630574406338067944e-12
1.122018454301964084e+04 1.450766994198955502e-09 1.752259676936053848e-12
1.412537544622755377e+04 6.174516786390915515e-10 8.375141563407424896e-13
1.778279410038924470e+04 2.607403011351587871e-10 3.966657555031949877e-13
2.238721138568342576e+04 1.091515569154323949e-10 1.867461506939528966e-13
2.818382931264454965e+04 4.525779081656932434e-11 8.737180573998310344e-14
3.548133892335756536e+04 1.858474614221626290e-11 4.045567553325538235e-14
4.466835921509634500e+04 7.553426601255865059e-12 1.850511501727447033e-14
