8.912509381337455072e-02 4.307643453389387922e+00 0.000000000000000000e+00
1.122018454301963591e-01 4.773016439132228506e+00 0.000000000000000000e+00
1.412537544622754770e-01 5.259394802147246750e+00 0.000000000000000000e+00
1.778279410038923203e-01 5.738913621679660793e+00 0.000000000000000000e+00
2.238721138568339764e-01 6.203894665349000803e+00 0.000000000000000000e+00
2.818382931264454272e-01 6.641319342194605291e+00 0.000000000000000000e+00
3.548133892335755268e-01 7.029145304813396500e+00 0.000000000000000000e+00
4.466835921509632046e-01 7.324990694150637083e+00 0.000000000000000000e+00
5.623413251903491838e-01 7.506738668072705067e+00 2.210409278634740682e-01
7.079457843841380216e-01 7.536955749313651864e+00 1.056476317116900321e-01
8.912509381337456738e-01 7.390059819583433054e+00 4.305007949834144948e-02
1.122018454301963564e+00 7.049720201872806236e+00 6.032615385709146072e-02
1.412537544622754826e+00 6.527357341385262579e+00 3.130159575990175413e-02
1.778279410038923647e+00 5.845041675041332319e+00 2.589761805046930307e-02
2.238721138568341207e+00 5.056182521856201539e+00 1.218391972058143098e-02
2.818382931264455049e+00 4.213306027363353579e+00 7.575978904333360506e-03
3.548133892335755046e+00 3.378304696084772907e+00 3.111903720757751724e-03
4.466835921509632712e+00 2.605130823884609814e+00 1.437404313587853149e-03
5.623413251903492949e+00 1.941114025278515065e+00 7.718858502996641616e-04
7.079457843841383990e+00 1.409384151803118712e+00 4.488042401939941104e-04
8.912509381337459402e+00 9.993754331122287615e-01 2.724109563031372125e-04
1.122018454301963608e+01 6.868488997651408523e-01 1.637157190794110199e-04
1.412537544622754737e+01 4.555590290781824647e-01 9.718668410899105508e-05
1.778279410038923558e+01 2.951728348519417899e-01 5.763838402057646639e-05
2.238721138568341118e+01 1.856540428474642568e-01 3.446131156278938991e-05
2.818382931264454783e+01 1.139427415241829888e-01 2.074193546523098736e-05
3.548133892335754780e+01 6.835117002099153072e-02 1.258163041226667705e-05
4.466835921509632357e+01 4.017866089196401452e-02 7.726116712413774832e-06
5.623413251903493659e+01 2.317476653206204315e-02 4.785220990057519104e-06
7.079457843841383635e+01 1.312010202279475027e-02 3.014069980352245450e-06
8.912509381337459047e+01 7.295118291523226307e-03 1.814805714686294840e-06
1.122018454301964141e+02 3.986257433559748861e-03 1.077882417245709376e-06
1.412537544622755661e+02 2.137189818301929532e-03 6.214448107593315954e-07
1.778279410038922776e+02 1.126093465680942044e-03 3.348295001494226741e-07
2.238721138568340052e+02 5.845460499256036058e-04 1.789811439184810455e-07
2.818382931264455351e+02 2.991564518285212324e-04 9.437161234290299973e-08
3.548133892335756627e+02 1.510800831912378038e-04 4.960791924414960446e-08
4.466835921509634773e+02 7.527937960395599806e-05 2.579695642539973742e-08
5.623413251903496075e+02 3.700994191939813475e-05 1.336325776843147388e-08
7.079457843841387330e+02 1.796061023241291447e-05 6.869267122556374170e-09
8.912509381337458763e+02 8.607144177965170951e-06 3.524769758205458322e-09
1.122018454301964084e+03 4.075546414016509735e-06 1.795846437449240329e-09
1.412537544622755377e+03 1.906485508699704938e-06 9.111776411548190811e-10
1.778279410038924652e+03 8.817374448844880547e-07 4.604143596954355618e-10
2.238721138568342212e+03 4.034359777646325593e-07 2.310813423183287014e-10
2.818382931264455237e+03 1.828356253283359105e-07 1.151502253052612519e-10
3.548133892335757082e+03 8.203584064587443720e-08 5.727320524746439431e-11
4.466835921509635227e+03 3.644746413692844556e-08 2.814548693354641323e-11
5.623413251903496530e+03 1.604861923598894566e-08 1.381892755011809797e-11
7.079457843841388240e+03 7.004023268932732554e-09 6.741700146481393320e-12
8.912509381337458763e+03 3.032762651550381930e-09 3.268462369870875313e-12
1.122018454301964084e+04 1.301793701143147942e-09 1.577514239397986345e-12
1.412537544622755377e+04 5.543192396984608517e-10 7.541474032461330760e-13
1.778279410038924470e+04 2.342522687218093664e-10 3.573321870841865991e-13
2.238721138568342576e+04 9.816156307754570506e-11 1.683333333724989584e-13
2.818382931264454965e+04 4.075419129407431153e-11 7.882436982155608592e-14
3.548133892335756536e+04 1.676279966720316704e-11 3.653804442093604025e-14
4.466835921509634500e+04 6.826674734996833467e-12 1.673619005195063479e-14
