8.912509381337455072e-02 4.291336589524441081e+00 0.000000000000000000e+00
1.122018454301963591e-01 4.755097226281304046e+00 0.000000000000000000e+00
1.412537544622754770e-01 5.239776017552450149e+00 0.000000000000000000e+00
1.778279410038923203e-01 5.717554337189184821e+00 0.000000000000000000e+00
2.238721138568339764e-01 6.180732967007216416e+00 0.000000000000000000e+00
2.818382931264454272e-01 6.616262460200918127e+00 0.000000000000000000e+00
3.548133892335755268e-01 7.002031189411470180e+00 0.000000000000000000e+00
4.466835921509632046e-01 7.295675507158843942e+00 0.000000000000000000e+00
5.623413251903491838e-01 7.475017166870118857e+00 2.208160552789233122e-01
7.079457843841380216e-01 7.502676758686249059e+00 1.054004678759270369e-01
8.912509381337456738e-01 7.353180707712178688e+00 4.283296596338596191e-02
1.122018454301963564e+00 7.010438072201111481e+00 6.012204412245177043e-02
1.412537544622754826e+00 6.486191884141396358e+00 3.114508935656423380e-02
1.778279410038923647e+00 5.802992629335035346e+00 2.575395757103564331e-02
2.238721138568341207e+00 5.014639242168215993e+00 1.209503774097728766e-02
2.818382931264455049e+00 4.173930233657268118e+00 7.515730171953609318e-03
3.548133892335755046e+00 3.342637853771979639e+00 3.078471318193435301e-03
4.466835921509632712e+00 2.574235299834652491e+00 1.418267764287140052e-03
5.623413251903492949e+00 1.915333077029358844e+00 7.602515123154455828e-04
7.079457843841383990e+00 1.388459377779123871e+00 4.413778030521944167e-04
8.912509381337459402e+00 9.829108188330774043e-01 2.674719369957238770e-04
1.122018454301963608e+01 6.743456958793835332e-01 1.604762341737344397e-04
1.412537544622754737e+01 4.464620709752156746e-01 9.510037748935696005e-05
1.778279410038923558e+01 2.887626908443141627e-01 5.630743632629668226e-05
2.238721138568341118e+01 1.812936371035081262e-01 3.361314112694592954e-05
2.818382931264454783e+01 1.110672605922135153e-01 2.020212248133225016e-05
3.548133892335754780e+01 6.650731458085627767e-02 1.223814863817461946e-05
4.466835921509632357e+01 3.902618240004736977e-02 7.506511896037335515e-06
5.623413251903493659e+01 2.247160527296464955e-02 4.644362824121554931e-06
7.079457843841383635e+01 1.270117288924248362e-02 2.922582479580644316e-06
8.912509381337459047e+01 7.051130750208390273e-03 1.757783077368481195e-06
1.122018454301964141e+02 3.847257367665177577e-03 1.042828147274853433e-06
1.412537544622755661e+02 2.059802842945088631e-03 6.005149027547153188e-07
1.778279410038922776e+02 1.083897834912303472e-03 3.231171621682201340e-07
2.238721138568340052e+02 5.619534006242037517e-04 1.725014765363647113e-07
2.818382931264455351e+02 2.872656156276315906e-04 9.084576145589643711e-08
3.548133892335756627e+02 1.449218785084605617e-04 4.770158960855961944e-08
4.466835921509634773e+02 7.214086543681636475e-05 2.477983311049207034e-08
5.623413251903496075e+02 3.543549943532412009e-05 1.282426093183626438e-08
7.079457843841387330e+02 1.718270798102663059e-05 6.586470639395636885e-09
8.912509381337458763e+02 8.228398410468642807e-06 3.377030251313695521e-09
1.122018454301964084e+03 3.893708531989363508e-06 1.719376113042324542e-09
1.412537544622755377e+03 1.820397090424864104e-06 8.718449077384888401e-10
1.778279410038924652e+03 8.415150035296263152e-07 4.403036527081749478e-10
2.238721138568342212e+03 3.848758459128360832e-07 2.208867949303457998e-10
2.818382931264455237e+03 1.743676737689643243e-07 1.100280143185929921e-10
3.548133892335757082e+03 7.821716902165333434e-08 5.470896102751348013e-11
4.466835921509635227e+03 3.474518812441048353e-08 2.687916172801978613e-11
5.623413251903496530e+03 1.529784271090750818e-08 1.319523592884719673e-11
7.079457843841388240e+03 6.676413294591320666e-09 6.436935415632627100e-12
8.912509381337458763e+03 2.891192188575300774e-09 3.120729601282169878e-12
1.122018454301964084e+04 1.241266616641370883e-09 1.506336988128607282e-12
1.412537544622755377e+04 5.287040235407363381e-10 7.202412879011304992e-13
1.778279410038924470e+04 2.235186185852313540e-10 3.413569617363003346e-13
2.238721138568342576e+04 9.371329152338119916e-11 1.608645291215232973e-13
2.818382931264454965e+04 3.893328624300431733e-11 7.536133794602384517e-14
3.548133892335756536e+04 1.602687555527446822e-11 3.495253471398784801e-14
4.466835921509634500e+04 6.533392721217322699e-12 1.602101295157195350e-14
