8.912509381337455072e-02 6.057645995050621934e+01 0.000000000000000000e+00
1.122018454301963591e-01 6.716418187659778027e+01 0.000000000000000000e+00
1.412537544622754770e-01 7.405105187244994625e+01 0.000000000000000000e+00
1.778279410038923203e-01 8.083475052397244554e+01 0.000000000000000000e+00
2.238721138568339764e-01 8.739927711428751422e+01 0.000000000000000000e+00
2.818382931264454272e-01 9.354759034722435729e+01 0.000000000000000000e+00
3.548133892335755268e-01 9.894126400546242905e+01 0.000000000000000000e+00
4.466835921509632046e-01 1.029568959824427168e+02 0.000000000000000000e+00
5.623413251903491838e-01 1.052547586704822464e+02 3.156441245258911898e+00
7.079457843841380216e-01 1.052885067510792254e+02 1.481709190246634389e+00
8.912509381337456738e-01 1.026945607673598175e+02 5.835523520044678669e-01
1.122018454301963564e+00 9.726769843176865038e+01 8.340391014756846078e-01
1.412537544622754826e+00 8.922705783347082331e+01 4.246903791576276954e-01
1.778279410038923647e+00 7.897915905896711308e+01 3.492981180901484350e-01
2.238721138568341207e+00 6.738290814334051504e+01 1.605730341130954808e-01
2.818382931264455049e+00 5.527033030651514167e+01 9.907549690574264656e-02
3.548133892335755046e+00 4.354662710684971927e+01 3.911139578865413524e-02
4.466835921509632712e+00 3.293377157542139599e+01 1.734097115242056591e-02
5.623413251903492949e+00 2.400683088093224882e+01 9.059789063374358228e-03
7.079457843841383990e+00 1.700101125154601078e+01 5.143703015820266441e-03
8.912509381337459402e+00 1.173438505046687119e+01 3.039886677578963747e-03
1.122018454301963608e+01 7.829957357194158085e+00 1.774400505180382314e-03
1.412537544622754737e+01 5.033546750305959883e+00 1.021543224517433698e-03
1.778279410038923558e+01 3.158701116416251953e+00 5.876476246149316693e-04
2.238721138568341118e+01 1.921147194790192581e+00 3.411006988657979658e-04
2.818382931264454783e+01 1.139266804095563579e+00 1.995738614747817640e-04
3.548133892335754780e+01 6.596739203134251994e-01 1.179236584763835698e-04
4.466835921509632357e+01 3.740803079959827415e-01 7.070506696428692061e-05
5.623413251903493659e+01 2.080946880267392773e-01 4.280315168985935302e-05
7.079457843841383635e+01 1.136463246853745834e-01 2.635288077827344688e-05
8.912509381337459047e+01 6.097944884767183410e-02 1.545028283516255388e-05
1.122018454301964141e+02 3.218366851154680353e-02 8.916239529296683452e-06
1.412537544622755661e+02 1.667950497552429800e-02 4.982598547115992134e-06
1.778279410038922776e+02 8.501949808601763636e-03 2.594265945679476182e-06
2.238721138568340052e+02 4.273377116302400081e-03 1.341148573619596210e-06
2.818382931264455351e+02 2.119862240936321376e-03 6.843314149432863649e-07
3.548133892335756627e+02 1.038866434017153648e-03 3.485369976764746396e-07
4.466835921509634773e+02 5.028725544899408529e-04 1.757348196220963173e-07
5.623413251903496075e+02 2.404401904750011097e-04 8.838272270873983880e-08
7.079457843841387330e+02 1.136012782819575620e-04 4.414302408729090229e-08
8.912509381337458763e+02 5.305983426041411605e-05 2.204420099479288806e-08
1.122018454301964084e+03 2.451595870854884275e-05 1.094048070332351747e-08
1.412537544622755377e+03 1.120037810061011118e-05 5.414020690444582962e-09
1.778279410038924652e+03 5.064108966611243595e-06 2.670418988194611948e-09
2.238721138568342212e+03 2.267113585996349091e-06 1.309661301283919767e-09
2.818382931264455237e+03 1.006128009281581334e-06 6.381903587182443462e-10
3.548133892335757082e+03 4.423265740284561024e-07 3.106926371997034549e-10
4.466835921509635227e+03 1.926556548829671722e-07 1.495831697891946202e-10
5.623413251903496530e+03 8.320079534141611366e-08 7.197964151554066515e-11
7.079457843841388240e+03 3.562079341638926246e-08 3.443588340837006091e-11
8.912509381337458763e+03 1.513266611920931595e-08 1.637582946200942878e-11
1.122018454301964084e+04 6.372163518880640596e-09 7.755309298173406685e-12
1.412537544622755377e+04 2.660783497629926402e-09 3.637474627096458661e-12
1.778279410038924470e+04 1.102087057015383664e-09 1.690452346658850974e-12
2.238721138568342576e+04 4.522620229501626610e-10 7.809115757235327735e-13
2.818382931264454965e+04 1.836426888627011691e-10 3.583733562347652511e-13
3.548133892335756536e+04 7.375689436576682307e-11 1.626510126830639679e-13
4.466835921509634500e+04 2.926680696137129028e-11 7.285182312858848646e-14
