8.912509381337455072e-02 4.047921644050689771e+00 0.000000000000000000e+00
1.122018454301963591e-01 4.479399047836443160e+00 0.000000000000000000e+00
1.412537544622754770e-01 4.929294531295009385e+00 0.000000000000000000e+00
1.778279410038923203e-01 5.372061125102608692e+00 0.000000000000000000e+00
2.238721138568339764e-01 5.800751911799538973e+00 0.000000000000000000e+00
2.818382931264454272e-01 6.203854075285901715e+00 0.000000000000000000e+00
3.548133892335755268e-01 6.562666645798236331e+00 0.000000000000000000e+00
4.466835921509632046e-01 6.839381740801568910e+00 0.000000000000000000e+00
5.623413251903491838e-01 7.015446553963598397e+00 2.087467021997191918e-01
7.079457843841380216e-01 7.057586672653168414e+00 1.015139958285959099e-01
8.912509381337456738e-01 6.942920946073199318e+00 4.291611657899152554e-02
1.122018454301963564e+00 6.655796390804989748e+00 5.859550109152299874e-02
1.412537544622754826e+00 6.204556545286452618e+00 3.099806298574993291e-02
1.778279410038923647e+00 5.605126804359682247e+00 2.570774591682130697e-02
2.238721138568341207e+00 4.901324748007803045e+00 1.235959104962889438e-02
2.818382931264455049e+00 4.136122615580562822e+00 7.732107216112880411e-03
3.548133892335755046e+00 3.363837095497342666e+00 3.283032646861137969e-03
4.466835921509632712e+00 2.635518177322794031e+00 1.563260688693947483e-03
5.623413251903492949e+00 1.999802184802619509e+00 8.568318745372092071e-04
7.079457843841383990e+00 1.483087646863268549e+00 5.070500005960002377e-04
8.912509381337459402e+00 1.076668363002359019e+00 3.139350915006187633e-04
1.122018454301963608e+01 7.594933222967629183e-01 1.928984535142321314e-04
1.412537544622754737e+01 5.178614669556599326e-01 1.172611325660239550e-04
1.778279410038923558e+01 3.452645045290995141e-01 7.122047827537603549e-05
2.238721138568341118e+01 2.237578913403711622e-01 4.357087028727065262e-05
2.818382931264454783e+01 1.416036377455023587e-01 2.680894839162669763e-05
3.548133892335754780e+01 8.765333476719301686e-02 1.659782805264104665e-05
4.466835921509632357e+01 5.318227364031075100e-02 1.038347739559068185e-05
5.623413251903493659e+01 3.165621273847514516e-02 6.544073437187987787e-06
7.079457843841383635e+01 1.848364155061617276e-02 4.190046402657960886e-06
8.912509381337459047e+01 1.059134970866393820e-02 2.573401642531954084e-06
1.122018454301964141e+02 5.957217630065399054e-03 1.561161188641706026e-06
1.412537544622755661e+02 3.283842220341881384e-03 9.209387549067699654e-07
1.778279410038922776e+02 1.777041929849432515e-03 5.093914699057677130e-07
2.238721138568340052e+02 9.462277489379510497e-04 2.792596928122131383e-07
2.818382931264455351e+02 4.961126970816863695e-04 1.508990173810433455e-07
3.548133892335756627e+02 2.563309014257177413e-04 8.117851857206887408e-08
4.466835921509634773e+02 1.304926872318115346e-04 4.316237345848891827e-08
5.623413251903496075e+02 6.545721804957742448e-05 2.282614923095166912e-08
7.079457843841387330e+02 3.236724204663222554e-05 1.196604654932687204e-08
8.912509381337458763e+02 1.578340971029805164e-05 6.251885984020288740e-09
1.122018454301964084e+03 7.594121574290502200e-06 3.239192753330202993e-09
1.412537544622755377e+03 3.605149805079482336e-06 1.668930333609734268e-09
1.778279410038924652e+03 1.689829053540986329e-06 8.553313541486973740e-10
2.238721138568342212e+03 7.825909421291730515e-07 4.348426337058122616e-10
2.818382931264455237e+03 3.585016153602440350e-07 2.192301312416971408e-10
3.548133892335757082e+03 1.623905228909538832e-07 1.101727934453384894e-10
4.466835921509635227e+03 7.274283194716778006e-08 5.463597006926301690e-11
5.623413251903496530e+03 3.225201153670449714e-08 2.703629348484825858e-11
7.079457843841388240e+03 1.415443734756688810e-08 1.327834689332636709e-11
8.912509381337458763e+03 6.154798907782182975e-09 6.472502777628097525e-12
1.122018454301964084e+04 2.649409974563524343e-09 3.137119633052836363e-12
1.412537544622755377e+04 1.129693790169568078e-09 1.504224920710068114e-12
1.778279410038924470e+04 4.773223841193803530e-10 7.138878116039249459e-13
2.238721138568342576e+04 1.996529165895003771e-10 3.363989966519609633e-13
2.818382931264454965e+04 8.258920033282878518e-11 1.573415756085215361e-13
3.548133892335756536e+04 3.377928830259499945e-11 7.274054175744564763e-14
4.466835921509634500e+04 1.364853199791696227e-11 3.317346465858822614e-14
