8.912509381337455072e-02 3.660678708549932381e+00 0.000000000000000000e+00
1.122018454301963591e-01 4.045028920827554053e+00 0.000000000000000000e+00
1.412537544622754770e-01 4.444120889750211134e+00 0.000000000000000000e+00
1.778279410038923203e-01 4.834932418191849379e+00 0.000000000000000000e+00
2.238721138568339764e-01 5.210840620432338532e+00 0.000000000000000000e+00
2.818382931264454272e-01 5.561277327350231836e+00 0.000000000000000000e+00
3.548133892335755268e-01 5.869987326076217649e+00 0.000000000000000000e+00
4.466835921509632046e-01 6.103516671684051431e+00 0.000000000000000000e+00
5.623413251903491838e-01 6.246037217050438350e+00 1.960207366391121253e-01
7.079457843841380216e-01 6.268669927468712544e+00 9.594560913097012478e-02
8.912509381337456738e-01 6.152206041696626215e+00 4.116560739803754032e-02
1.122018454301963564e+00 5.884217929815814152e+00 5.542810933949100100e-02
1.412537544622754826e+00 5.473783879822369691e+00 2.950076284679039804e-02
1.778279410038923647e+00 4.936490463798324235e+00 2.437124797292018405e-02
2.238721138568341207e+00 4.311805258168117660e+00 1.179700593768016892e-02
2.818382931264455049e+00 3.637203017749713663e+00 7.375449456969764180e-03
3.548133892335755046e+00 2.959111505338622106e+00 3.162052206636944800e-03
4.466835921509632712e+00 2.321089472636452822e+00 1.518089337436500860e-03
5.623413251903492949e+00 1.765571245688971835e+00 8.355063746054775713e-04
7.079457843841383990e+00 1.315630267702242895e+00 4.961534032172320013e-04
8.912509381337459402e+00 9.622989766144158796e-01 3.087183227645233681e-04
1.122018454301963608e+01 6.857674769586719066e-01 1.910822595268452161e-04
1.412537544622754737e+01 4.734388380305933897e-01 1.172439077792860425e-04
1.778279410038923558e+01 3.203493231226318128e-01 7.194700606828538102e-05
2.238721138568341118e+01 2.112092852888738659e-01 4.448067106785835376e-05
2.818382931264454783e+01 1.362783075347493433e-01 2.766734123344680073e-05
3.548133892335754780e+01 8.618473890595020059e-02 1.731323988396693008e-05
4.466835921509632357e+01 5.351369790364605278e-02 1.094281150727832147e-05
5.623413251903493659e+01 3.263732856102776608e-02 6.968582350555539478e-06
7.079457843841383635e+01 1.953987287981105714e-02 4.508241546414762419e-06
8.912509381337459047e+01 1.148588676195466673e-02 2.807565798576807670e-06
1.122018454301964141e+02 6.627412033462617286e-03 1.730494059830259087e-06
1.412537544622755661e+02 3.747252472558072495e-03 1.039549166400552994e-06
1.778279410038922776e+02 2.079528491561592404e-03 5.878463415202046241e-07
2.238721138568340052e+02 1.135043531770997538e-03 3.294731397997257895e-07
2.818382931264455351e+02 6.096723966619255414e-04 1.820467072039074704e-07
3.548133892335756627e+02 3.224708660797319599e-04 1.000902345487775257e-07
4.466835921509634773e+02 1.679119365315694980e-04 5.437950993680171098e-08
5.623413251903496075e+02 8.607404000853525181e-05 2.936071887094586537e-08
7.079457843841387330e+02 4.345379202918382092e-05 1.570727347538845100e-08
8.912509381337458763e+02 2.161176148293862532e-05 8.365685436060160499e-09
1.122018454301964084e+03 1.059385486709430376e-05 4.414976041944673628e-09
1.412537544622755377e+03 5.118673036290504167e-06 2.314632418067981049e-09
1.778279410038924652e+03 2.439272351640354217e-06 1.206098823050240005e-09
2.238721138568342212e+03 1.147295887094585647e-06 6.228108610211349738e-10
2.818382931264455237e+03 5.331766009373301157e-07 3.186589753789332457e-10
3.548133892335757082e+03 2.447610529448094350e-07 1.623456363162678299e-10
4.466835921509635227e+03 1.109998815374034082e-07 8.153292479566301152e-11
5.623413251903496530e+03 4.977155137309803825e-08 4.082204531057679239e-11
7.079457843841388240e+03 2.206845453657014501e-08 2.026702365776969204e-11
8.912509381337458763e+03 9.684875852265708578e-09 9.977189988475356825e-12
1.122018454301964084e+04 4.203366306583873560e-09 4.879168711542476002e-12
1.412537544622755377e+04 1.805247496545328122e-09 2.358514783358993450e-12
1.778279410038924470e+04 7.674721021152689355e-10 1.127352312726625031e-12
2.238721138568342576e+04 3.226540851635457220e-10 5.345339090199667305e-13
2.818382931264454965e+04 1.340057602433412006e-10 2.513266744695850225e-13
3.548133892335756536e+04 5.496449618728244153e-11 1.166933941866091370e-13
4.466835921509634500e+04 2.224339201817819439e-11 5.339380926690657100e-14
