8.912509381337455072e-02 7.648964452579500417e+00 0.000000000000000000e+00
1.122018454301963591e-01 8.456222739673078692e+00 0.000000000000000000e+00
1.412537544622754770e-01 9.293607038787367713e+00 0.000000000000000000e+00
1.778279410038923203e-01 1.011067844223846457e+01 0.000000000000000000e+00
2.238721138568339764e-01 1.089164587123129557e+01 0.000000000000000000e+00
2.818382931264454272e-01 1.161140837663058889e+01 0.000000000000000000e+00
3.548133892335755268e-01 1.223017993188474861e+01 0.000000000000000000e+00
4.466835921509632046e-01 1.267287123580540786e+01 0.000000000000000000e+00
5.623413251903491838e-01 1.290123812058965491e+01 4.473547855070106327e-01
7.079457843841380216e-01 1.285226928920515199e+01 2.123642183030819974e-01
8.912509381337456738e-01 1.248728396980574651e+01 8.591250348969364792e-02
1.122018454301963564e+00 1.178836311740335319e+01 1.198271298375970934e-01
1.412537544622754826e+00 1.078956447131301033e+01 6.131655367205670476e-02
1.778279410038923647e+00 9.545435298756073550e+00 4.992770646075050250e-02
2.238721138568341207e+00 8.160107143668625440e+00 2.325929351772835704e-02
2.818382931264455049e+00 6.727355870950294303e+00 1.432483915487668853e-02
3.548133892335755046e+00 5.345265107660903681e+00 5.785134841750460936e-03
4.466835921509632712e+00 4.091922149342227755e+00 2.641016718182329082e-03
5.623413251903492949e+00 3.034589407087734614e+00 1.407795613565448762e-03
7.079457843841383990e+00 2.201999368883477359e+00 8.155395784424618972e-04
8.912509381337459402e+00 1.569900877121106486e+00 4.950135104858862951e-04
1.122018454301963608e+01 1.090660769879031822e+00 2.991755795784270750e-04
1.412537544622754737e+01 7.353136216591296126e-01 1.795730161242729340e-04
1.778279410038923558e+01 4.870625567637453246e-01 1.080848230428608787e-04
2.238721138568341118e+01 3.149644062034459013e-01 6.573334839556668448e-05
2.818382931264454783e+01 1.998090508836506685e-01 4.032580609981510362e-05
3.548133892335754780e+01 1.245047641025639473e-01 2.495162773201103717e-05
4.466835921509632357e+01 7.633512261444659608e-02 1.562947677218685382e-05
5.623413251903493659e+01 4.606320691769066888e-02 9.880262975236408726e-06
7.079457843841383635e+01 2.733701768314314787e-02 6.352766682499899816e-06
8.912509381337459047e+01 1.595409597508044494e-02 3.930901222003047955e-06
1.122018454301964141e+02 9.152274977605278153e-03 2.408468190586978075e-06
1.412537544622755661e+02 5.150456183299712519e-03 1.438763209802613846e-06
1.778279410038922776e+02 2.847166866165384575e-03 8.092064214025546501e-07
2.238721138568340052e+02 1.549066605361510036e-03 4.515264373935018741e-07
2.818382931264455351e+02 8.298388187550029835e-04 2.485628367768413529e-07
3.548133892335756627e+02 4.379321917566351822e-04 1.362448626095775993e-07
4.466835921509634773e+02 2.275907523383602111e-04 7.383115068671356153e-08
5.623413251903496075e+02 1.164681566565206925e-04 3.977638152893598796e-08
7.079457843841387330e+02 5.870921691258761279e-05 2.123897857273758840e-08
8.912509381337458763e+02 2.915934435030274801e-05 1.129333378863679937e-08
1.122018454301964084e+03 1.427598020186187027e-05 5.951278518751795800e-09
1.412537544622755377e+03 6.889931600353924408e-06 3.115952255775287017e-09
1.778279410038924652e+03 3.279905514156216194e-06 1.621671495738821785e-09
2.238721138568342212e+03 1.541176250718094405e-06 8.364668079763254449e-10
2.818382931264455237e+03 7.155695524804006229e-07 4.275248468318638054e-10
3.548133892335757082e+03 3.282077908375054437e-07 2.175946159081229787e-10
4.466835921509635227e+03 1.487213936026944302e-07 1.091793953667739493e-10
5.623413251903496530e+03 6.663330479778988231e-08 5.461540548381258761e-11
7.079457843841388240e+03 2.952219508599217170e-08 2.709190634891168289e-11
8.912509381337458763e+03 1.294611720787477587e-08 1.332580401249872522e-11
1.122018454301964084e+04 5.614426378874644374e-09 6.511391612371933526e-12
1.412537544622755377e+04 2.409302467828617789e-09 3.144881492193513143e-12
1.778279410038924470e+04 1.023385516967029806e-09 1.501926271695897436e-12
2.238721138568342576e+04 4.298309291735393036e-10 7.114968215936708761e-13
2.818382931264454965e+04 1.783248319811887581e-10 3.342074548879637596e-13
3.548133892335756536e+04 7.305093792425643586e-11 1.550110403304699158e-13
4.466835921509634500e+04 2.951898880359860698e-11 7.084145256276763462e-14
