8.912509381337455072e-02 4.271160344592901836e+00 0.000000000000000000e+00
1.122018454301963591e-01 4.732850255657908178e+00 0.000000000000000000e+00
1.412537544622754770e-01 5.215343588427986177e+00 0.000000000000000000e+00
1.778279410038923203e-01 5.690897677897041262e+00 0.000000000000000000e+00
2.238721138568339764e-01 6.151801478383130295e+00 0.000000000000000000e+00
2.818382931264454272e-01 6.584991961146304362e+00 0.000000000000000000e+00
3.548133892335755268e-01 6.968322542644981077e+00 0.000000000000000000e+00
4.466835921509632046e-01 7.259500607078810397e+00 0.000000000000000000e+00
5.623413251903491838e-01 7.436322665395604936e+00 2.204103917801417123e-01
7.079457843841380216e-01 7.461510948445846836e+00 1.050784090596140474e-01
8.912509381337456738e-01 7.309731917134676848e+00 4.259578844452291402e-02
1.122018454301963564e+00 6.965146627671685131e+00 5.987941606132072409e-02
1.412537544622754826e+00 6.439792446597138564e+00 3.097236495246787416e-02
1.778279410038923647e+00 5.756643443396574966e+00 2.559721821704174019e-02
2.238721138568341207e+00 4.969791460982230014e+00 1.200177868862838115e-02
2.818382931264455049e+00 4.132210624854245395e+00 7.453080957172709096e-03
3.548133892335755046e+00 3.305467126531679067e+00 3.044774950601112674e-03
4.466835921509632712e+00 2.542508733727746328e+00 1.399336662332007538e-03
5.623413251903492949e+00 1.889216017340954012e+00 7.488528925928590466e-04
7.079457843841383990e+00 1.367530773252483289e+00 4.341536418506220787e-04
8.912509381337459402e+00 9.666333389963063238e-01 2.627010795124577118e-04
1.122018454301963608e+01 6.621162073512207868e-01 1.573685368050979465e-04
1.412537544622754737e+01 4.376497350403003583e-01 9.311201407805213171e-05
1.778279410038923558e+01 2.826062871443548730e-01 5.504643403654077268e-05
2.238721138568341118e+01 1.771388116650832179e-01 3.281370831915752438e-05
2.818382931264454783e+01 1.083470079679377529e-01 1.969566730757516782e-05
3.548133892335754780e+01 6.477453802800570148e-02 1.191718057182631701e-05
4.466835921509632357e+01 3.794971284802760303e-02 7.302008194222313541e-06
5.623413251903493659e+01 2.181847147036071466e-02 4.513598710564007109e-06
7.079457843841383635e+01 1.231402155748697810e-02 2.837893918298762213e-06
8.912509381337459047e+01 6.826696113460872795e-03 1.705171892995722907e-06
1.122018454301964141e+02 3.719935359413196856e-03 1.010595071057750201e-06
1.412537544622755661e+02 1.989190896378445483e-03 5.813367730844780203e-07
1.778279410038922776e+02 1.045533101096450838e-03 3.124255949650934624e-07
2.238721138568340052e+02 5.414790846371120812e-04 1.666071312789611456e-07
2.818382931264455351e+02 2.765221529501422633e-04 8.764884158678890192e-08
3.548133892335756627e+02 1.393733138820244931e-04 4.597825385252296591e-08
4.466835921509634773e+02 6.932027269360099711e-05 2.386290747597065662e-08
5.623413251903496075e+02 3.402387662618864118e-05 1.233959795838467330e-08
7.079457843841387330e+02 1.648676951806033418e-05 6.332786452232357930e-09
8.912509381337458763e+02 7.890239709515831432e-06 3.244786130139032773e-09
1.122018454301964084e+03 3.731656424614567398e-06 1.651063439447377284e-09
1.412537544622755377e+03 1.743807241868288226e-06 8.367726121564250544e-10
1.778279410038924652e+03 8.057869141910525628e-07 4.224019134543455168e-10
2.238721138568342212e+03 3.684135757614643020e-07 2.118262850892304296e-10
2.818382931264455237e+03 1.668669101914705527e-07 1.054822429275742010e-10
3.548133892335757082e+03 7.483884684355693236e-08 5.243633600881987146e-11
4.466835921509635227e+03 3.324093126133551942e-08 2.575822660155297409e-11
5.623413251903496530e+03 1.463509872603141529e-08 1.264377999610895580e-11
7.079457843841388240e+03 6.387498150953013340e-09 6.167751438507115286e-12
8.912509381337458763e+03 2.766454374165526802e-09 2.990370969226027361e-12
1.122018454301964084e+04 1.187980084764494165e-09 1.443586559147555265e-12
1.412537544622755377e+04 5.061701629585100089e-10 6.903741988964439427e-13
1.778279410038924470e+04 2.140827566629635606e-10 3.272955701734542877e-13
2.238721138568342576e+04 8.980536593312340226e-11 1.542951265524305985e-13
2.818382931264454965e+04 3.733452366864010234e-11 7.231731134665120445e-14
3.548133892335756536e+04 1.538108537254586175e-11 3.355970696869642799e-14
4.466835921509634500e+04 6.276161733249701635e-12 1.539310268290712708e-14
