# Energy(keV)    dEe/dx(keV/micro_m)  dEn/dx(keV/micro_m)  x(micro_m)
1.000000e+01 1.001000e+02 1.709000e+03 7.707788e-03
1.100000e+01 1.049000e+02 1.748000e+03 8.223138e-03
1.200000e+01 1.096000e+02 1.783000e+03 8.646387e-03
1.300000e+01 1.141000e+02 1.814000e+03 9.192388e-03
1.400000e+01 1.184000e+02 1.842000e+03 9.615612e-03
1.500000e+01 1.225000e+02 1.868000e+03 1.003892e-02
1.600000e+01 1.266000e+02 1.891000e+03 1.046231e-02
1.700000e+01 1.305000e+02 1.913000e+03 1.097862e-02
1.800000e+01 1.342000e+02 1.933000e+03 1.140219e-02
2.000000e+01 1.415000e+02 1.967000e+03 1.224949e-02
2.250000e+01 1.501000e+02 2.004000e+03 1.331165e-02
2.500000e+01 1.582000e+02 2.034000e+03 1.428076e-02
2.750000e+01 1.659000e+02 2.059000e+03 1.531470e-02
3.000000e+01 1.733000e+02 2.080000e+03 1.628373e-02
3.250000e+01 1.804000e+02 2.098000e+03 1.731820e-02
3.500000e+01 1.872000e+02 2.113000e+03 1.825952e-02
3.750000e+01 1.938000e+02 2.126000e+03 1.922836e-02
4.000000e+01 2.001000e+02 2.136000e+03 2.024204e-02
4.500000e+01 2.123000e+02 2.152000e+03 2.215243e-02
5.000000e+01 2.237000e+02 2.162000e+03 2.403601e-02
5.500000e+01 2.347000e+02 2.168000e+03 2.592547e-02
6.000000e+01 2.451000e+02 2.171000e+03 2.780953e-02
6.500000e+01 2.551000e+02 2.171000e+03 2.967322e-02
7.000000e+01 2.647000e+02 2.170000e+03 3.156327e-02
8.000000e+01 2.830000e+02 2.161000e+03 3.531246e-02
9.000000e+01 3.002000e+02 2.148000e+03 3.908772e-02
1.000000e+02 3.164000e+02 2.132000e+03 4.281834e-02
1.100000e+02 3.319000e+02 2.114000e+03 4.656930e-02
1.200000e+02 3.466000e+02 2.094000e+03 5.032584e-02
1.300000e+02 3.608000e+02 2.074000e+03 5.405821e-02
1.400000e+02 3.744000e+02 2.053000e+03 5.790518e-02
1.500000e+02 3.879000e+02 2.031000e+03 6.173362e-02
1.600000e+02 4.179000e+02 2.010000e+03 6.556257e-02
1.700000e+02 4.420000e+02 1.988000e+03 6.929654e-02
1.800000e+02 4.619000e+02 1.967000e+03 7.312619e-02
2.000000e+02 4.929000e+02 1.925000e+03 8.078131e-02
2.250000e+02 5.226000e+02 1.873000e+03 9.050133e-02
2.500000e+02 5.481000e+02 1.825000e+03 1.002959e-01
2.750000e+02 5.722000e+02 1.778000e+03 1.102054e-01
3.000000e+02 5.962000e+02 1.734000e+03 1.201947e-01
3.250000e+02 6.205000e+02 1.692000e+03 1.302596e-01
3.500000e+02 6.453000e+02 1.652000e+03 1.404608e-01
3.750000e+02 6.704000e+02 1.614000e+03 1.507209e-01
4.000000e+02 6.959000e+02 1.578000e+03 1.609823e-01
4.500000e+02 7.471000e+02 1.512000e+03 1.818143e-01
5.000000e+02 7.981000e+02 1.451000e+03 2.027098e-01
5.500000e+02 8.482000e+02 1.396000e+03 2.237986e-01
6.000000e+02 8.971000e+02 1.346000e+03 2.448552e-01
6.500000e+02 9.446000e+02 1.300000e+03 2.659928e-01
7.000000e+02 9.905000e+02 1.257000e+03 2.871150e-01
8.000000e+02 1.078000e+03 1.181000e+03 3.293161e-01
9.000000e+02 1.160000e+03 1.115000e+03 3.713467e-01
1.000000e+03 1.237000e+03 1.057000e+03 4.131258e-01
1.100000e+03 1.311000e+03 1.006000e+03 4.546542e-01
1.200000e+03 1.382000e+03 9.601000e+02 4.957229e-01
1.300000e+03 1.450000e+03 9.190000e+02 5.364465e-01
1.400000e+03 1.516000e+03 8.818000e+02 5.767408e-01
1.500000e+03 1.581000e+03 8.480000e+02 6.165937e-01
1.600000e+03 1.645000e+03 8.171000e+02 6.559199e-01
1.700000e+03 1.708000e+03 7.887000e+02 6.947900e-01
1.800000e+03 1.770000e+03 7.625000e+02 7.331631e-01
2.000000e+03 1.893000e+03 7.158000e+02 8.083317e-01
2.250000e+03 2.046000e+03 6.658000e+02 8.993567e-01
2.500000e+03 2.198000e+03 6.233000e+02 9.869579e-01
2.750000e+03 2.351000e+03 5.866000e+02 1.067311e+00
3.000000e+03 2.503000e+03 5.545000e+02 1.147743e+00
3.250000e+03 2.656000e+03 5.262000e+02 1.228038e+00
3.500000e+03 2.808000e+03 5.010000e+02 1.308237e+00
3.750000e+03 2.960000e+03 4.784000e+02 1.378501e+00
4.000000e+03 3.112000e+03 4.580000e+02 1.448678e+00
4.500000e+03 3.413000e+03 4.226000e+02 1.579035e+00
5.000000e+03 3.709000e+03 3.928000e+02 1.699270e+00
5.500000e+03 3.999000e+03 3.675000e+02 1.819342e+00
6.000000e+03 4.282000e+03 3.455000e+02 1.929400e+00
6.500000e+03 4.558000e+03 3.263000e+02 2.029446e+00
7.000000e+03 4.826000e+03 3.094000e+02 2.129406e+00
8.000000e+03 5.335000e+03 2.808000e+02 2.309398e+00
9.000000e+03 5.811000e+03 2.575000e+02 2.479268e+00
1.000000e+04 6.253000e+03 2.381000e+02 2.639083e+00
1.100000e+04 6.663000e+03 2.217000e+02 2.788879e+00
1.200000e+04 7.044000e+03 2.077000e+02 2.928681e+00
1.300000e+04 7.397000e+03 1.954000e+02 3.058494e+00
1.400000e+04 7.725000e+03 1.847000e+02 3.188272e+00
1.500000e+04 8.029000e+03 1.752000e+02 3.308076e+00
1.600000e+04 8.312000e+03 1.667000e+02 3.427863e+00
1.700000e+04 8.577000e+03 1.591000e+02 3.547634e+00
1.800000e+04 8.823000e+03 1.522000e+02 3.657442e+00
2.000000e+04 9.271000e+03 1.402000e+02 3.877092e+00
2.250000e+04 9.761000e+03 1.278000e+02 4.136718e+00
2.500000e+04 1.019000e+04 1.176000e+02 4.376391e+00
2.750000e+04 1.057000e+04 1.090000e+02 4.616043e+00
3.000000e+04 1.091000e+04 1.017000e+02 4.845725e+00
3.250000e+04 1.121000e+04 9.537000e+01 5.065432e+00
3.500000e+04 1.149000e+04 8.986000e+01 5.285131e+00
3.750000e+04 1.175000e+04 8.499000e+01 5.494869e+00
4.000000e+04 1.198000e+04 8.066000e+01 5.704608e+00
4.500000e+04 1.240000e+04 7.330000e+01 6.114255e+00
5.000000e+04 1.277000e+04 6.726000e+01 6.503940e+00
5.500000e+04 1.308000e+04 6.220000e+01 6.893627e+00
6.000000e+04 1.336000e+04 5.791000e+01 7.263351e+00
6.500000e+04 1.361000e+04 5.420000e+01 7.633089e+00
7.000000e+04 1.382000e+04 5.098000e+01 8.002830e+00
8.000000e+04 1.418000e+04 4.563000e+01 8.712672e+00
9.000000e+04 1.446000e+04 4.135000e+01 9.402516e+00
1.000000e+05 1.467000e+04 3.786000e+01 1.009235e+01
