# Energy(keV)    dEe/dx(keV/micro_m)  dEn/dx(keV/micro_m)  x(micro_m)
1.000000e+01 7.984000e+01 2.179000e+03 7.621680e-03
1.100000e+01 8.373000e+01 2.251000e+03 7.951101e-03
1.200000e+01 8.746000e+01 2.317000e+03 8.355238e-03
1.300000e+01 9.103000e+01 2.378000e+03 8.753285e-03
1.400000e+01 9.447000e+01 2.435000e+03 9.082401e-03
1.500000e+01 9.778000e+01 2.488000e+03 9.486833e-03
1.600000e+01 1.010000e+02 2.538000e+03 9.815804e-03
1.700000e+01 1.041000e+02 2.585000e+03 1.014495e-02
1.800000e+01 1.071000e+02 2.629000e+03 1.052426e-02
2.000000e+01 1.129000e+02 2.710000e+03 1.116288e-02
2.250000e+01 1.198000e+02 2.799000e+03 1.198582e-02
2.500000e+01 1.262000e+02 2.879000e+03 1.271928e-02
2.750000e+01 1.324000e+02 2.950000e+03 1.342870e-02
3.000000e+01 1.383000e+02 3.013000e+03 1.427620e-02
3.250000e+01 1.439000e+02 3.071000e+03 1.498599e-02
3.500000e+01 1.494000e+02 3.124000e+03 1.562402e-02
3.750000e+01 1.546000e+02 3.172000e+03 1.633401e-02
4.000000e+01 1.597000e+02 3.216000e+03 1.708596e-02
4.500000e+01 1.694000e+02 3.294000e+03 1.841087e-02
5.000000e+01 1.785000e+02 3.361000e+03 1.975905e-02
5.500000e+01 1.872000e+02 3.419000e+03 2.098904e-02
6.000000e+01 1.956000e+02 3.470000e+03 2.233741e-02
6.500000e+01 2.035000e+02 3.514000e+03 2.356777e-02
7.000000e+01 2.112000e+02 3.554000e+03 2.479839e-02
8.000000e+01 2.258000e+02 3.619000e+03 2.728168e-02
9.000000e+01 2.395000e+02 3.670000e+03 2.964760e-02
1.000000e+02 2.525000e+02 3.711000e+03 3.203498e-02
1.100000e+02 2.648000e+02 3.744000e+03 3.440131e-02
1.200000e+02 2.766000e+02 3.769000e+03 3.675065e-02
1.300000e+02 2.879000e+02 3.789000e+03 3.902115e-02
1.400000e+02 2.987000e+02 3.805000e+03 4.137113e-02
1.500000e+02 3.092000e+02 3.816000e+03 4.364184e-02
1.600000e+02 3.194000e+02 3.824000e+03 4.589575e-02
1.700000e+02 3.292000e+02 3.830000e+03 4.814987e-02
1.800000e+02 3.387000e+02 3.833000e+03 5.042073e-02
2.000000e+02 3.571000e+02 3.833000e+03 5.492950e-02
2.250000e+02 3.787000e+02 3.825000e+03 6.059051e-02
2.500000e+02 3.992000e+02 3.809000e+03 6.621624e-02
2.750000e+02 4.187000e+02 3.789000e+03 7.186167e-02
3.000000e+02 4.797000e+02 3.766000e+03 7.748845e-02
3.250000e+02 5.246000e+02 3.739000e+03 8.300301e-02
3.500000e+02 5.572000e+02 3.711000e+03 8.863069e-02
3.750000e+02 5.818000e+02 3.682000e+03 9.416162e-02
4.000000e+02 6.010000e+02 3.651000e+03 9.977445e-02
4.500000e+02 6.305000e+02 3.589000e+03 1.110316e-01
5.000000e+02 6.549000e+02 3.525000e+03 1.223538e-01
5.500000e+02 6.782000e+02 3.462000e+03 1.338893e-01
6.000000e+02 7.020000e+02 3.401000e+03 1.454083e-01
6.500000e+02 7.270000e+02 3.340000e+03 1.571401e-01
7.000000e+02 7.533000e+02 3.281000e+03 1.689531e-01
8.000000e+02 8.096000e+02 3.169000e+03 1.928907e-01
9.000000e+02 8.691000e+02 3.064000e+03 2.172048e-01
1.000000e+03 9.302000e+02 2.966000e+03 2.418145e-01
1.100000e+03 9.917000e+02 2.875000e+03 2.665082e-01
1.200000e+03 1.053000e+03 2.790000e+03 2.916088e-01
1.300000e+03 1.112000e+03 2.710000e+03 3.166823e-01
1.400000e+03 1.171000e+03 2.635000e+03 3.420515e-01
1.500000e+03 1.228000e+03 2.565000e+03 3.674075e-01
1.600000e+03 1.283000e+03 2.500000e+03 3.929333e-01
1.700000e+03 1.336000e+03 2.438000e+03 4.184743e-01
1.800000e+03 1.388000e+03 2.379000e+03 4.441005e-01
2.000000e+03 1.487000e+03 2.272000e+03 4.956408e-01
2.250000e+03 1.602000e+03 2.152000e+03 5.602011e-01
2.500000e+03 1.711000e+03 2.047000e+03 6.248269e-01
2.750000e+03 1.813000e+03 1.953000e+03 6.893835e-01
3.000000e+03 1.911000e+03 1.869000e+03 7.538105e-01
3.250000e+03 2.006000e+03 1.793000e+03 8.179983e-01
3.500000e+03 2.097000e+03 1.723000e+03 8.819228e-01
3.750000e+03 2.187000e+03 1.660000e+03 9.454364e-01
4.000000e+03 2.275000e+03 1.602000e+03 1.008613e+00
4.500000e+03 2.448000e+03 1.499000e+03 1.134829e+00
5.000000e+03 2.619000e+03 1.411000e+03 1.255686e+00
5.500000e+03 2.789000e+03 1.333000e+03 1.376394e+00
6.000000e+03 2.960000e+03 1.265000e+03 1.496992e+00
6.500000e+03 3.131000e+03 1.205000e+03 1.607603e+00
7.000000e+03 3.303000e+03 1.151000e+03 1.718104e+00
8.000000e+03 3.650000e+03 1.058000e+03 1.938969e+00
9.000000e+03 3.999000e+03 9.803000e+02 2.139701e+00
1.000000e+04 4.349000e+03 9.148000e+02 2.330273e+00
1.100000e+04 4.697000e+03 8.586000e+02 2.510705e+00
1.200000e+04 5.041000e+03 8.096000e+02 2.681048e+00
1.300000e+04 5.381000e+03 7.667000e+02 2.851244e+00
1.400000e+04 5.714000e+03 7.285000e+02 3.001472e+00
1.500000e+04 6.041000e+03 6.945000e+02 3.151594e+00
1.600000e+04 6.360000e+03 6.638000e+02 3.301637e+00
1.700000e+04 6.671000e+03 6.361000e+02 3.441676e+00
1.800000e+04 6.974000e+03 6.108000e+02 3.571729e+00
2.000000e+04 7.552000e+03 5.665000e+02 3.821813e+00
2.250000e+04 8.226000e+03 5.202000e+02 4.111868e+00
2.500000e+04 8.847000e+03 4.817000e+02 4.391774e+00
2.750000e+04 9.419000e+03 4.490000e+02 4.651665e+00
3.000000e+04 9.945000e+03 4.209000e+02 4.891543e+00
3.250000e+04 1.043000e+04 3.965000e+02 5.131354e+00
3.500000e+04 1.088000e+04 3.750000e+02 5.351200e+00
3.750000e+04 1.130000e+04 3.559000e+02 5.571003e+00
4.000000e+04 1.169000e+04 3.389000e+02 5.780811e+00
4.500000e+04 1.239000e+04 3.096000e+02 6.180558e+00
5.000000e+04 1.302000e+04 2.855000e+02 6.570260e+00
5.500000e+04 1.360000e+04 2.651000e+02 6.929997e+00
6.000000e+04 1.412000e+04 2.477000e+02 7.289690e+00
6.500000e+04 1.461000e+04 2.327000e+02 7.629409e+00
7.000000e+04 1.506000e+04 2.195000e+02 7.959141e+00
8.000000e+04 1.590000e+04 1.974000e+02 8.598835e+00
9.000000e+04 1.664000e+04 1.797000e+02 9.198543e+00
1.000000e+05 1.732000e+04 1.652000e+02 9.778238e+00
