# Energy(keV)    dEe/dx(keV/micro_m)  dEn/dx(keV/micro_m)  x(micro_m)
1.000000e+01 9.556000e+01 1.743000e+03 7.769813e-03
1.100000e+01 1.002000e+02 1.784000e+03 8.223138e-03
1.200000e+01 1.047000e+02 1.821000e+03 8.738993e-03
1.300000e+01 1.090000e+02 1.854000e+03 9.162423e-03
1.400000e+01 1.131000e+02 1.884000e+03 9.585927e-03
1.500000e+01 1.170000e+02 1.912000e+03 1.000950e-02
1.600000e+01 1.209000e+02 1.937000e+03 1.052616e-02
1.700000e+01 1.246000e+02 1.960000e+03 1.097862e-02
1.800000e+01 1.282000e+02 1.981000e+03 1.137981e-02
2.000000e+01 1.351000e+02 2.019000e+03 1.222702e-02
2.250000e+01 1.433000e+02 2.059000e+03 1.316776e-02
2.500000e+01 1.511000e+02 2.093000e+03 1.423025e-02
2.750000e+01 1.585000e+02 2.121000e+03 1.517135e-02
3.000000e+01 1.655000e+02 2.144000e+03 1.620648e-02
3.250000e+01 1.723000e+02 2.165000e+03 1.717527e-02
3.500000e+01 1.788000e+02 2.182000e+03 1.811684e-02
3.750000e+01 1.850000e+02 2.197000e+03 1.905859e-02
4.000000e+01 1.911000e+02 2.209000e+03 1.997924e-02
4.500000e+01 2.027000e+02 2.229000e+03 2.188972e-02
5.000000e+01 2.137000e+02 2.242000e+03 2.375311e-02
5.500000e+01 2.241000e+02 2.252000e+03 2.554330e-02
6.000000e+01 2.341000e+02 2.257000e+03 2.743319e-02
6.500000e+01 2.436000e+02 2.260000e+03 2.920308e-02
7.000000e+01 2.528000e+02 2.261000e+03 3.106783e-02
8.000000e+01 2.703000e+02 2.256000e+03 3.472334e-02
9.000000e+01 2.867000e+02 2.247000e+03 3.835961e-02
1.000000e+02 3.022000e+02 2.234000e+03 4.190155e-02
1.100000e+02 3.169000e+02 2.218000e+03 4.555809e-02
1.200000e+02 3.310000e+02 2.200000e+03 4.919563e-02
1.300000e+02 3.445000e+02 2.182000e+03 5.290482e-02
1.400000e+02 3.576000e+02 2.162000e+03 5.654317e-02
1.500000e+02 3.701000e+02 2.142000e+03 6.027711e-02
1.600000e+02 3.826000e+02 2.121000e+03 6.389249e-02
1.700000e+02 4.138000e+02 2.101000e+03 6.762699e-02
1.800000e+02 4.387000e+02 2.080000e+03 7.133863e-02
2.000000e+02 4.753000e+02 2.039000e+03 7.867217e-02
2.250000e+02 5.068000e+02 1.989000e+03 8.796556e-02
2.500000e+02 5.308000e+02 1.940000e+03 9.747420e-02
2.750000e+02 5.522000e+02 1.894000e+03 1.069444e-01
3.000000e+02 5.730000e+02 1.850000e+03 1.166037e-01
3.250000e+02 5.942000e+02 1.807000e+03 1.262688e-01
3.500000e+02 6.160000e+02 1.767000e+03 1.361444e-01
3.750000e+02 6.386000e+02 1.728000e+03 1.459834e-01
4.000000e+02 6.618000e+02 1.692000e+03 1.559572e-01
4.500000e+02 7.096000e+02 1.624000e+03 1.761393e-01
5.000000e+02 7.583000e+02 1.561000e+03 1.964219e-01
5.500000e+02 8.069000e+02 1.504000e+03 2.168973e-01
6.000000e+02 8.548000e+02 1.452000e+03 2.374374e-01
6.500000e+02 9.016000e+02 1.404000e+03 2.579615e-01
7.000000e+02 9.471000e+02 1.359000e+03 2.785700e-01
8.000000e+02 1.034000e+03 1.279000e+03 3.198525e-01
9.000000e+02 1.115000e+03 1.210000e+03 3.609966e-01
1.000000e+03 1.191000e+03 1.149000e+03 4.019679e-01
1.100000e+03 1.263000e+03 1.094000e+03 4.426899e-01
1.200000e+03 1.331000e+03 1.046000e+03 4.832588e-01
1.300000e+03 1.396000e+03 1.002000e+03 5.233989e-01
1.400000e+03 1.459000e+03 9.621000e+02 5.632899e-01
1.500000e+03 1.520000e+03 9.260000e+02 6.027536e-01
1.600000e+03 1.580000e+03 8.929000e+02 6.419844e-01
1.700000e+03 1.638000e+03 8.624000e+02 6.806889e-01
1.800000e+03 1.696000e+03 8.342000e+02 7.190493e-01
2.000000e+03 1.810000e+03 7.839000e+02 7.944719e-01
2.250000e+03 1.950000e+03 7.301000e+02 8.863511e-01
2.500000e+03 2.091000e+03 6.841000e+02 9.751978e-01
2.750000e+03 2.231000e+03 6.444000e+02 1.057115e+00
3.000000e+03 2.372000e+03 6.096000e+02 1.147467e+00
3.250000e+03 2.515000e+03 5.788000e+02 1.227851e+00
3.500000e+03 2.657000e+03 5.514000e+02 1.298276e+00
3.750000e+03 2.800000e+03 5.269000e+02 1.378483e+00
4.000000e+03 2.944000e+03 5.046000e+02 1.448738e+00
4.500000e+03 3.230000e+03 4.660000e+02 1.589115e+00
5.000000e+03 3.515000e+03 4.336000e+02 1.709487e+00
5.500000e+03 3.796000e+03 4.058000e+02 1.829669e+00
6.000000e+03 4.072000e+03 3.818000e+02 1.949710e+00
6.500000e+03 4.342000e+03 3.608000e+02 2.059745e+00
7.000000e+03 4.606000e+03 3.422000e+02 2.159773e+00
8.000000e+03 5.112000e+03 3.108000e+02 2.349806e+00
9.000000e+03 5.588000e+03 2.852000e+02 2.519780e+00
1.000000e+04 6.034000e+03 2.639000e+02 2.679675e+00
1.100000e+04 6.450000e+03 2.459000e+02 2.839460e+00
1.200000e+04 6.837000e+03 2.303000e+02 2.979302e+00
1.300000e+04 7.197000e+03 2.169000e+02 3.119087e+00
1.400000e+04 7.533000e+03 2.050000e+02 3.248898e+00
1.500000e+04 7.846000e+03 1.945000e+02 3.378677e+00
1.600000e+04 8.137000e+03 1.851000e+02 3.498490e+00
1.700000e+04 8.410000e+03 1.767000e+02 3.608327e+00
1.800000e+04 8.665000e+03 1.691000e+02 3.728100e+00
2.000000e+04 9.128000e+03 1.558000e+02 3.947778e+00
2.250000e+04 9.636000e+03 1.421000e+02 4.207422e+00
2.500000e+04 1.008000e+04 1.308000e+02 4.457067e+00
2.750000e+04 1.047000e+04 1.213000e+02 4.696731e+00
3.000000e+04 1.082000e+04 1.132000e+02 4.926410e+00
3.250000e+04 1.114000e+04 1.062000e+02 5.146117e+00
3.500000e+04 1.144000e+04 1.001000e+02 5.365824e+00
3.750000e+04 1.170000e+04 9.470000e+01 5.585527e+00
4.000000e+04 1.195000e+04 8.989000e+01 5.795257e+00
4.500000e+04 1.240000e+04 8.172000e+01 6.194924e+00
5.000000e+04 1.279000e+04 7.500000e+01 6.594567e+00
5.500000e+04 1.314000e+04 6.938000e+01 6.974259e+00
6.000000e+04 1.344000e+04 6.461000e+01 7.343976e+00
6.500000e+04 1.371000e+04 6.049000e+01 7.713689e+00
7.000000e+04 1.395000e+04 5.690000e+01 8.073431e+00
8.000000e+04 1.436000e+04 5.094000e+01 8.773238e+00
9.000000e+04 1.469000e+04 4.619000e+01 9.463041e+00
1.000000e+05 1.496000e+04 4.230000e+01 1.013286e+01
