# Energy(keV)    dEe/dx(keV/micro_m)  dEn/dx(keV/micro_m)  x(micro_m)
1.000000e+01 1.670000e+02 7.444000e+02 1.138420e-02
1.100000e+01 1.752000e+02 7.461000e+02 1.228739e-02
1.200000e+01 1.829000e+02 7.467000e+02 1.316245e-02
1.300000e+01 1.904000e+02 7.464000e+02 1.403781e-02
1.400000e+01 1.976000e+02 7.455000e+02 1.491342e-02
1.500000e+01 2.045000e+02 7.439000e+02 1.578924e-02
1.600000e+01 2.112000e+02 7.420000e+02 1.666523e-02
1.700000e+01 2.177000e+02 7.396000e+02 1.754138e-02
1.800000e+01 2.241000e+02 7.370000e+02 1.841765e-02
2.000000e+01 2.362000e+02 7.309000e+02 2.017052e-02
2.250000e+01 2.505000e+02 7.225000e+02 2.234390e-02
2.500000e+01 2.641000e+02 7.134000e+02 2.451795e-02
2.750000e+01 2.769000e+02 7.040000e+02 2.665708e-02
3.000000e+01 2.893000e+02 6.945000e+02 2.883227e-02
3.250000e+01 3.011000e+02 6.849000e+02 3.100774e-02
3.500000e+01 3.124000e+02 6.754000e+02 3.314891e-02
3.750000e+01 3.234000e+02 6.660000e+02 3.539082e-02
4.000000e+01 3.340000e+02 6.568000e+02 3.753319e-02
4.500000e+01 3.543000e+02 6.389000e+02 4.191957e-02
5.000000e+01 3.734000e+02 6.218000e+02 4.629838e-02
5.500000e+01 3.917000e+02 6.056000e+02 5.065491e-02
6.000000e+01 4.074000e+02 5.902000e+02 5.510472e-02
6.500000e+01 4.237000e+02 5.757000e+02 5.943248e-02
7.000000e+01 4.401000e+02 5.619000e+02 6.385405e-02
8.000000e+01 4.712000e+02 5.365000e+02 7.258650e-02
9.000000e+01 4.989000e+02 5.135000e+02 8.143857e-02
1.000000e+02 5.233000e+02 4.928000e+02 9.021336e-02
1.100000e+02 5.444000e+02 4.739000e+02 9.908607e-02
1.200000e+02 5.630000e+02 4.566000e+02 1.078411e-01
1.300000e+02 5.793000e+02 4.408000e+02 1.166934e-01
1.400000e+02 5.940000e+02 4.262000e+02 1.255946e-01
1.500000e+02 6.073000e+02 4.127000e+02 1.344055e-01
1.600000e+02 6.197000e+02 4.002000e+02 1.432876e-01
1.700000e+02 6.313000e+02 3.885000e+02 1.522675e-01
1.800000e+02 6.425000e+02 3.777000e+02 1.612506e-01
2.000000e+02 6.639000e+02 3.579000e+02 1.791793e-01
2.250000e+02 6.903000e+02 3.364000e+02 2.016018e-01
2.500000e+02 7.171000e+02 3.178000e+02 2.239520e-01
2.750000e+02 7.449000e+02 3.014000e+02 2.461968e-01
3.000000e+02 7.738000e+02 2.868000e+02 2.682523e-01
3.250000e+02 8.039000e+02 2.738000e+02 2.900101e-01
3.500000e+02 8.351000e+02 2.622000e+02 3.114078e-01
3.750000e+02 8.672000e+02 2.516000e+02 3.325654e-01
4.000000e+02 9.003000e+02 2.419000e+02 3.533267e-01
4.500000e+02 9.683000e+02 2.250000e+02 3.935442e-01
5.000000e+02 1.038000e+03 2.106000e+02 4.321377e-01
5.500000e+02 1.109000e+03 1.981000e+02 4.691782e-01
6.000000e+02 1.180000e+03 1.873000e+02 5.046117e-01
6.500000e+02 1.251000e+03 1.777000e+02 5.386034e-01
7.000000e+02 1.322000e+03 1.692000e+02 5.712322e-01
8.000000e+02 1.460000e+03 1.546000e+02 6.328173e-01
9.000000e+02 1.594000e+03 1.426000e+02 6.900571e-01
1.000000e+03 1.722000e+03 1.326000e+02 7.436224e-01
1.100000e+03 1.845000e+03 1.240000e+02 7.941110e-01
1.200000e+03 1.962000e+03 1.166000e+02 8.419521e-01
1.300000e+03 2.074000e+03 1.101000e+02 8.873545e-01
1.400000e+03 2.181000e+03 1.044000e+02 9.308317e-01
1.500000e+03 2.284000e+03 9.927000e+01 9.724932e-01
1.600000e+03 2.382000e+03 9.471000e+01 1.012534e+00
1.700000e+03 2.476000e+03 9.058000e+01 1.056086e+00
1.800000e+03 2.566000e+03 8.684000e+01 1.086122e+00
2.000000e+03 2.736000e+03 8.030000e+01 1.155995e+00
2.250000e+03 2.933000e+03 7.351000e+01 1.245720e+00
2.500000e+03 3.114000e+03 6.788000e+01 1.325501e+00
2.750000e+03 3.282000e+03 6.313000e+01 1.395339e+00
3.000000e+03 3.439000e+03 5.905000e+01 1.475031e+00
3.250000e+03 3.587000e+03 5.552000e+01 1.534904e+00
3.500000e+03 3.725000e+03 5.242000e+01 1.604664e+00
3.750000e+03 3.856000e+03 4.968000e+01 1.674403e+00
4.000000e+03 3.980000e+03 4.724000e+01 1.734228e+00
4.500000e+03 4.207000e+03 4.306000e+01 1.853883e+00
5.000000e+03 4.410000e+03 3.962000e+01 1.963593e+00
5.500000e+03 4.593000e+03 3.673000e+01 2.073293e+00
6.000000e+03 4.756000e+03 3.427000e+01 2.182975e+00
6.500000e+03 4.903000e+03 3.214000e+01 2.282725e+00
7.000000e+03 5.034000e+03 3.028000e+01 2.382471e+00
8.000000e+03 5.257000e+03 2.718000e+01 2.572090e+00
9.000000e+03 5.435000e+03 2.469000e+01 2.761707e+00
1.000000e+04 5.578000e+03 2.266000e+01 2.941378e+00
1.100000e+04 5.693000e+03 2.095000e+01 3.111104e+00
1.200000e+04 5.784000e+03 1.951000e+01 3.290796e+00
1.300000e+04 5.856000e+03 1.826000e+01 3.460544e+00
1.400000e+04 5.912000e+03 1.717000e+01 3.630303e+00
1.500000e+04 5.954000e+03 1.621000e+01 3.790096e+00
1.600000e+04 5.985000e+03 1.537000e+01 3.959880e+00
1.700000e+04 6.007000e+03 1.461000e+01 4.129673e+00
1.800000e+04 6.020000e+03 1.393000e+01 4.289502e+00
2.000000e+04 6.028000e+03 1.275000e+01 4.619279e+00
2.250000e+04 6.010000e+03 1.155000e+01 5.039091e+00
2.500000e+04 5.971000e+03 1.057000e+01 5.448943e+00
2.750000e+04 5.918000e+03 9.748000e+00 5.868801e+00
3.000000e+04 5.856000e+03 9.054000e+00 6.298662e+00
3.250000e+04 5.788000e+03 8.459000e+00 6.728552e+00
3.500000e+04 5.716000e+03 7.941000e+00 7.158458e+00
3.750000e+04 5.642000e+03 7.487000e+00 7.598369e+00
4.000000e+04 5.566000e+03 7.085000e+00 8.038301e+00
4.500000e+04 5.416000e+03 6.405000e+00 8.948634e+00
5.000000e+04 5.269000e+03 5.850000e+00 9.888935e+00
5.500000e+04 5.127000e+03 5.389000e+00 1.084922e+01
6.000000e+04 5.023000e+03 4.999000e+00 1.182949e+01
6.500000e+04 4.898000e+03 4.665000e+00 1.283974e+01
7.000000e+04 4.765000e+03 4.375000e+00 1.386998e+01
8.000000e+04 4.536000e+03 3.896000e+00 1.602188e+01
9.000000e+04 4.331000e+03 3.517000e+00 1.828354e+01
1.000000e+05 4.147000e+03 3.208000e+00 2.064502e+01
