Fe56 	52089.8 	0.0604861  1  -1564.09  6876
Fe56 	52089.8 	0.241408  1  -3865.77  9361
Fe56 	52089.8 	0.0564421  1  -2377.15  7724
Fe56 	52089.8 	0.073519  1  -1647.21  6919
Fe56 	52089.8 	0.0914581  1  -2250.21  7653
Fe56 	52089.8 	0.0593014  1  3071.7  2058
Fe56 	52089.8 	0.0780109  1  4853.6  174
Fe56 	52089.8 	0.0590081  1  4760.41  236
Fe56 	52089.8 	0.112553  1  58.9104  5320
Fe56 	52089.8 	0.0837884  1  -1373.53  6836
Fe56 	52089.8 	0.329119  1  -2735.8  8034
Fe56 	52089.8 	0.0641945  1  -1831.96  7145
Fe56 	52089.8 	0.0648269  1  2618.69  2518
Fe56 	52089.8 	0.0709533  1  -886.489  6193
Fe56 	52089.8 	0.0557219  1  -1173.16  6517
Fe56 	52089.8 	0.0539037  1  -3382.12  8824
Fe56 	52089.8 	0.11294  1  -4042.65  9493
Fe56 	52089.8 	0.055319  1  -4323.7  9879
Fe56 	52089.8 	0.0755164  1  -2841.06  8195
Fe56 	52089.8 	0.142842  1  -2066  7454
Fe56 	52089.8 	0.0550279  1  -1826.65  7042
Fe56 	52089.8 	0.0732838  1  -1427.34  6668
Fe56 	52089.8 	0.106897  1  4996.5  3
Fe56 	52089.8 	0.107991  1  -1677.53  7041
Fe56 	52089.8 	0.0731187  1  -3146.21  8532
Fe56 	52089.8 	0.0801709  1  4740.45  304
Fe56 	52089.8 	0.0764764  1  -4293.87  9850
Fe56 	52089.8 	0.0657431  1  -2073.68  7343
Fe56 	52089.8 	0.150956  1  2605.22  2539
Fe56 	52089.8 	0.070699  1  -4728.04  10475
Fe56 	52089.8 	0.0771739  1  4112.01  980
Fe56 	52089.8 	0.0743973  1  -440.445  5732
Fe56 	52089.8 	0.0892358  1  3520  1560
Fe56 	52089.8 	0.105104  1  4561.93  472
Fe56 	52089.8 	0.0998214  1  1370.79  3810
Fe56 	52089.8 	0.0616158  1  2436.58  2716
Fe56 	52089.8 	0.133942  1  -1778.91  7124
Fe56 	52089.8 	0.0623427  1  3992.96  1091
Fe56 	52089.8 	0.0644313  1  2232.41  2909
Fe56 	52089.8 	0.085968  1  -3027.87  8353
Fe56 	52089.8 	0.0715809  1  2241.25  2869
Fe56 	52089.8 	0.0576604  1  2312.12  2800
Fe56 	52089.8 	0.101937  1  -3439.77  8850
Fe56 	52089.8 	0.0727792  1  415.437  4759
Fe56 	52089.8 	0.353245  1  1153.69  4014
Fe56 	52089.8 	0.15518  1  -3457.67  8677
Fe56 	52089.8 	0.0593424  1  -3592.97  9142
Fe56 	52089.8 	0.0833304  1  -2722.56  8108
Fe56 	52089.8 	0.0772828  1  -2282.65  7711
Fe56 	52089.8 	0.0556762  1  927.967  4213
Fe56 	52089.8 	0.0656182  1  4380.3  610
Fe56 	52089.8 	0.146289  1  -503.796  5923
Fe56 	52089.8 	0.060458  1  4244.22  801
Fe56 	52089.8 	0.0541866  1  -551.548  5886
Fe56 	52089.8 	0.0737506  1  1853.37  3239
Fe56 	52089.8 	0.0752658  1  -4927.42  10414
Fe56 	52089.8 	0.106839  1  786.674  4370
Fe56 	52089.8 	0.153148  1  -849.69  6248
Fe56 	52089.8 	0.0596463  1  -2757.25  8120
Fe56 	52089.8 	0.110162  1  -2743.22  7999
Fe56 	52089.8 	0.07765  1  2149.15  3043
Fe56 	52089.8 	0.075899  1  4832.83  182
Fe56 	52089.8 	0.0720098  1  1217.01  3961
Fe56 	52089.8 	0.067237  1  -4524.11  9932
Fe56 	52089.8 	0.0905781  1  3615.98  1483
Fe56 	52089.8 	0.0925333  1  2518.47  2548
Fe56 	52089.8 	0.0930909  1  -4987.46  10483
Fe56 	52089.8 	0.0564263  1  -4606.32  10036
Fe56 	52089.8 	0.0994233  1  -3604.15  9312
Fe56 	52089.8 	0.133807  1  -2281.75  7600
Fe56 	52089.8 	0.067887  1  589.059  4705
Fe56 	52089.8 	0.0742831  1  2631.58  2524
Fe56 	52089.8 	0.0848121  1  2024.91  3176
Fe56 	52089.8 	0.221816  1  -973.23  6282
Fe56 	52089.8 	0.142256  1  -3378.36  8771
Fe56 	52089.8 	0.0631415  1  2476.71  2646
Fe56 	52089.8 	0.0668079  1  2978.84  2137
Fe56 	52089.8 	0.171498  1  -1930.54  7335
Fe56 	52089.8 	0.0826315  1  835.937  4440
Fe56 	52089.8 	0.055738  1  -4097.82  9591
Fe56 	52089.8 	0.0768741  1  932.453  4323
Fe56 	52089.8 	0.057855  1  1552.29  3615
Fe56 	52089.8 	0.0995393  1  4599.18  406
Fe56 	52089.8 	0.185252  1  -4788.18  10323
Fe56 	52089.8 	0.0612714  1  3980.36  1090
Fe56 	52089.8 	0.135055  1  3216.2  1879
Fe56 	52089.8 	0.0798571  1  -432.518  5680
Fe56 	52089.8 	0.054596  1  -1429.9  6731
Fe56 	52089.8 	0.151109  1  3669.29  1384
Fe56 	52089.8 	0.0771762  1  2808.95  2278
Fe56 	52089.8 	0.0853435  1  469.954  4825
Fe56 	52089.8 	0.180174  1  4115.64  921
Fe56 	52089.8 	0.0644814  1  -2353.08  7826
Fe56 	52089.8 	0.105022  1  621.821  4686
Fe56 	52089.8 	0.0766837  1  -4356.22  9820
Fe56 	52089.8 	0.063966  1  -2186.71  7557
Fe56 	52089.8 	0.101287  1  351.811  4940
Fe56 	52089.8 	0.142664  1  3010.12  2082
Fe56 	52089.8 	0.0580441  1  -2056.42  7447
Fe56 	52089.8 	0.0623623  1  -1499.21  6870
Fe56 	52089.8 	0.108414  1  -2299.07  7849
Fe56 	52089.8 	0.101423  1  4825.66  182
Fe56 	52089.8 	0.0823681  1  941.139  4278
Fe56 	52089.8 	0.0824651  1  -618.744  6029
Fe56 	52089.8 	0.116416  1  -1516.86  6934
Fe56 	52089.8 	0.10676  1  -3858.68  9242
Fe56 	52089.8 	0.0695907  1  -1872.8  7236
Fe56 	52089.8 	0.0772744  1  2875.89  2139
Fe56 	52089.8 	0.0583051  1  2660.91  2426
Fe56 	52089.8 	0.145889  1  2636.89  2504
Fe56 	52089.8 	0.365442  1  -2604.18  8090
Fe56 	52089.8 	0.0756134  1  1970.61  3231
Fe56 	52089.8 	0.071285  1  -4010.2  9430
Fe56 	52089.8 	0.117203  1  44.3264  5279
Fe56 	52089.8 	0.137128  1  -1953.61  7257
Fe56 	52089.8 	0.0682273  1  -3434.64  8914
Fe56 	52089.8 	0.0570649  1  280.501  4872
Fe56 	52089.8 	0.163492  1  -2860.18  8320
Fe56 	52089.8 	0.0833252  1  -2395.64  7884
Fe56 	52089.8 	0.0594036  1  -4633.8  10113
Fe56 	52089.8 	0.0790288  1  3665.43  1355
Fe56 	52089.8 	0.0563939  1  2431  2724
Fe56 	52089.8 	0.167036  1  454.412  4770
Fe56 	52089.8 	0.296657  1  -4601.95  9948
Fe56 	52089.8 	0.0570584  1  -4589.36  9988
Fe56 	52089.8 	0.059787  1  -1724.58  7044
Fe56 	52089.8 	0.0869792  1  3505.09  1643
Fe56 	52089.8 	0.0825006  1  -2148.41  7435
Fe56 	52089.8 	0.0968527  1  3907.67  1166
Fe56 	52089.8 	0.0989717  1  -3677.07  9040
Fe56 	52089.8 	0.0539434  1  4248.58  770
Fe56 	52089.8 	0.194375  1  -800.913  6079
Fe56 	52089.8 	0.177986  1  321.781  4823
Fe56 	52089.8 	0.107138  1  4716.65  276
Fe56 	52089.8 	0.809645  1  -4562.05  9914
Fe56 	52089.8 	0.064032  1  3575.77  1532
Fe56 	52089.8 	0.0538797  1  3120.5  1946
Fe56 	52089.8 	0.125494  1  3724.07  1378
Fe56 	52089.8 	0.0677845  1  -1356.04  6639
Fe56 	52089.8 	0.133909  1  2402.28  2695
Fe56 	52089.8 	0.0641471  1  2955.13  2116
Fe56 	52089.8 	0.0539828  1  -4185.1  9621
Fe56 	52089.8 	0.107354  1  -3254.45  8656
Fe56 	52089.8 	0.0766973  1  1927.38  3172
Fe56 	52089.8 	0.555459  1  1302.24  3935
Fe56 	52089.8 	0.07513  1  -3691.78  9077
Fe56 	52089.8 	0.0545734  1  2695.31  2391
Fe56 	52089.8 	0.060577  1  -3167.29  8549
Fe56 	52089.8 	0.0735954  1  1045.29  4206
Fe56 	52089.8 	0.177405  1  1943.59  3274
Fe56 	52089.8 	0.0697881  1  3762.9  1307
Fe56 	52089.8 	0.0538833  1  94.7439  5113
Fe56 	52089.8 	0.0642747  1  4743.49  269
