Fe56 	52089.8 	0.063257  1  3726.62  1364
Fe56 	52089.8 	0.0726341  1  2107.26  3094
Fe56 	52089.8 	0.161921  1  688.925  4533
Fe56 	52089.8 	0.0587106  1  -4984.53  10407
Fe56 	52089.8 	0.0640517  1  2438.41  2704
Fe56 	52089.8 	0.0627992  1  3147.65  1956
Fe56 	52089.8 	0.0943892  1  2696.25  2395
Fe56 	52089.8 	0.122591  1  -1888.15  7286
Fe56 	52089.8 	0.0891066  1  1613.08  3542
Fe56 	52089.8 	0.105316  1  -3910.35  9403
Fe56 	52089.8 	0.177447  1  -2205.8  7550
Fe56 	52089.8 	0.144515  1  1273.03  3762
Fe56 	52089.8 	0.107979  1  81.5087  5260
Fe56 	52089.8 	0.0744008  1  1078.16  4176
Fe56 	52089.8 	0.0591729  1  3350.75  1777
Fe56 	52089.8 	0.491218  1  3036.53  2054
Fe56 	52089.8 	0.0934856  1  1403.66  3750
Fe56 	52089.8 	0.109679  1  -4383.52  9832
Fe56 	52089.8 	0.0865892  1  -961.774  6320
Fe56 	52089.8 	0.0551375  1  2395.59  2828
Fe56 	52089.8 	0.0688051  1  -1392.03  6810
Fe56 	52089.8 	0.0729128  1  428.287  4766
Fe56 	52089.8 	0.0586333  1  1859.19  3166
Fe56 	52089.8 	0.14868  1  -2772.7  8137
Fe56 	52089.8 	0.102492  1  -4143.14  9609
Fe56 	52089.8 	0.0579267  1  -4106.58  9393
Fe56 	52089.8 	0.0710934  1  1696.74  3429
Fe56 	52089.8 	0.100956  1  1742.03  3541
Fe56 	52089.8 	0.0553914  1  -2586.85  8060
Fe56 	52089.8 	0.0797987  1  -1087.86  6500
Fe56 	52089.8 	0.0953164  1  -466.54  5865
Fe56 	52089.8 	0.135707  1  -4058.83  9672
Fe56 	52089.8 	0.103411  1  -2909.83  8201
Fe56 	52089.8 	0.127614  1  3443.38  1708
Fe56 	52089.8 	0.0635164  1  78.7209  5244
Fe56 	52089.8 	0.0545075  1  -2457.7  7838
Fe56 	52089.8 	0.0717827  1  3126.97  2055
Fe56 	52089.8 	0.056426  1  3704.91  1383
Fe56 	52089.8 	0.278789  1  712.202  4460
Fe56 	52089.8 	0.0837169  1  3875.64  1148
Fe56 	52089.8 	0.108052  1  2314.85  2804
Fe56 	52089.8 	0.0991761  1  2566.04  2545
Fe56 	52089.8 	0.094767  1  790.435  4410
Fe56 	52089.8 	0.0721646  1  -2334.58  7606
Fe56 	52089.8 	0.0708231  1  3887.48  1150
Fe56 	52089.8 	0.122984  1  1213.98  3916
Fe56 	52089.8 	0.108909  1  782.13  4431
Fe56 	52089.8 	0.0583143  1  -1750.8  7149
Fe56 	52089.8 	0.0662432  1  4407.04  630
Fe56 	52089.8 	0.0644614  1  1514.19  3714
Fe56 	52089.8 	0.141152  1  -885.388  6344
Fe56 	52089.8 	0.389652  1  -84.1723  5346
Fe56 	52089.8 	0.0790227  1  -2928.93  8443
Fe56 	52089.8 	0.305552  1  2467.52  2732
Fe56 	52089.8 	0.0586887  1  1996.95  3088
Fe56 	52089.8 	0.102249  1  442.463  4783
Fe56 	52089.8 	0.0570089  1  4872.59  136
Fe56 	52089.8 	0.103167  1  3792.7  1258
Fe56 	52089.8 	0.152971  1  -1017.2  6410
Fe56 	52089.8 	0.131788  1  -3823.47  9332
Fe56 	52089.8 	0.0646915  1  -2626.79  7937
Fe56 	52089.8 	0.2545  1  3659.91  1441
Fe56 	52089.8 	0.0821833  1  3188.85  1928
Fe56 	52089.8 	0.0756135  1  154.256  5115
Fe56 	52089.8 	0.073647  1  -994.603  6313
Fe56 	52089.8 	0.0552508  1  1911.17  3269
Fe56 	52089.8 	0.0633684  1  362.841  4794
Fe56 	52089.8 	0.0554233  1  1418.93  3755
Fe56 	52089.8 	0.0878639  1  -3349.33  8934
Fe56 	52089.8 	0.119391  1  -2513.5  7906
Fe56 	52089.8 	0.0615901  1  -2180.93  7585
Fe56 	52089.8 	0.222832  1  -124.571  5546
Fe56 	52089.8 	0.0883846  1  -1726.58  7217
Fe56 	52089.8 	0.989663  1  3161.5  1960
Fe56 	52089.8 	0.19276  1  554.109  4537
Fe56 	52089.8 	0.0768015  1  -2789.69  8032
Fe56 	52089.8 	0.0936697  1  -4112.48  9533
Fe56 	52089.8 	0.0885439  1  -3368.77  8974
Fe56 	52089.8 	0.107046  1  -2717.44  8229
Fe56 	52089.8 	0.0751161  1  -480.107  5729
Fe56 	52089.8 	0.152382  1  4614.91  433
Fe56 	52089.8 	0.0785359  1  -4099.13  9639
Fe56 	52089.8 	0.0664078  1  -2514.55  7891
Fe56 	52089.8 	0.167635  1  958.266  4272
Fe56 	52089.8 	0.0548657  1  33.8521  5104
Fe56 	52089.8 	0.116872  1  3895.77  1167
Fe56 	52089.8 	0.07555  1  -4423.49  9980
Fe56 	52089.8 	0.08105  1  2159.38  2946
Fe56 	52089.8 	0.066727  1  3086.92  1964
Fe56 	52089.8 	0.240118  1  -4066.55  9729
Fe56 	52089.8 	0.0627445  1  2894.37  2242
Fe56 	52089.8 	0.226165  1  -2909.54  8204
Fe56 	52089.8 	0.208472  1  -4336.73  9902
Fe56 	52089.8 	0.0663771  1  4629.76  362
Fe56 	52089.8 	0.107146  1  4741.17  267
Fe56 	52089.8 	0.0734785  1  -1554.81  6932
Fe56 	52089.8 	0.212418  1  -1208.87  6569
Fe56 	52089.8 	0.360439  1  -2360.25  7711
Fe56 	52089.8 	0.0660416  1  4651.28  394
Fe56 	52089.8 	0.191749  1  -4612.42  10253
Fe56 	52089.8 	0.084661  1  -3958.66  9467
Fe56 	52089.8 	0.139482  1  -4135.7  9672
Fe56 	52089.8 	0.132491  1  -591.015  5782
Fe56 	52089.8 	0.0540534  1  -2133.75  7661
Fe56 	52089.8 	0.103771  1  3911.95  1106
Fe56 	52089.8 	0.059433  1  3131.61  1941
Fe56 	52089.8 	0.0591228  1  429.134  4727
Fe56 	52089.8 	0.178836  1  -2945.56  8285
Fe56 	52089.8 	0.076753  1  -1826.75  7149
Fe56 	52089.8 	0.059821  1  241.091  5052
Fe56 	52089.8 	0.0906604  1  773.662  4541
Fe56 	52089.8 	0.0655059  1  -3025.86  8438
Fe56 	52089.8 	0.0819651  1  3805.4  1264
Fe56 	52089.8 	0.10091  1  4516.79  529
Fe56 	52089.8 	0.165829  1  3793.55  1330
Fe56 	52089.8 	0.0578318  1  -2682.58  8059
Fe56 	52089.8 	0.0655086  1  694.98  4574
Fe56 	52089.8 	0.0645737  1  -3221.66  8572
Fe56 	52089.8 	0.06297  1  2942.53  2167
Fe56 	52089.8 	0.068024  1  -672.969  6071
Fe56 	52089.8 	0.0806262  1  -4687.72  10284
Fe56 	52089.8 	0.252974  1  -1937.95  7469
Fe56 	52089.8 	0.0655017  1  -1358.2  6669
Fe56 	52089.8 	0.0591214  1  2987.56  2045
Fe56 	52089.8 	0.143729  1  3496.92  1514
Fe56 	52089.8 	0.35594  1  2911  2206
Fe56 	52089.8 	0.0808619  1  -3923.15  9366
Fe56 	52089.8 	0.0977876  1  -2733.33  8119
Fe56 	52089.8 	0.0791513  1  -1033.09  6396
Fe56 	52089.8 	0.129859  1  4262.73  791
Fe56 	52089.8 	0.0784678  1  -2248.19  7611
Fe56 	52089.8 	0.0683185  1  -1120.94  6392
Fe56 	52089.8 	0.0910585  1  1303.56  3796
Fe56 	52089.8 	0.0551574  1  3857.69  1209
Fe56 	52089.8 	0.0713229  1  875.444  4412
Fe56 	52089.8 	0.0722245  1  769.306  4488
Fe56 	52089.8 	0.0739862  1  2545.7  2693
Fe56 	52089.8 	0.0565272  1  3889.74  1169
Fe56 	52089.8 	0.0933884  1  -3990.87  9523
Fe56 	52089.8 	0.14877  1  -3659.39  9030
Fe56 	52089.8 	0.0729593  1  -3950.67  9470
Fe56 	52089.8 	0.0918852  1  4412.28  626
Fe56 	52089.8 	0.0604951  1  4926.74  73
Fe56 	52089.8 	0.147999  1  3979.41  1044
Fe56 	52089.8 	0.0687531  1  1251.94  3986
Fe56 	52089.8 	0.0682391  1  -1696.65  6936
Fe56 	52089.8 	0.0590284  1  -1900.64  7265
Fe56 	52089.8 	0.0575129  1  283.174  4964
