Fe56 	52089.8 	0.0593849  1  -2497.99  7979
Fe56 	52089.8 	0.0684353  1  785.581  4382
Fe56 	52089.8 	0.250814  1  -3612.4  9082
Fe56 	52089.8 	0.203354  1  631.968  4505
Fe56 	52089.8 	0.061807  1  2352.45  2848
Fe56 	52089.8 	0.0817108  1  -601.111  5762
Fe56 	52089.8 	0.0817995  1  -2465.46  7874
Fe56 	52089.8 	0.0864305  1  -2198.61  7541
Fe56 	52089.8 	1.03424  1  244.037  4937
Fe56 	52089.8 	0.29949  1  2118.37  3119
Fe56 	52089.8 	0.054758  1  -1067.07  6297
Fe56 	52089.8 	0.0948738  1  -926.848  6400
Fe56 	52089.8 	0.059387  1  2829.2  2204
Fe56 	52089.8 	0.377667  1  -1366.63  6620
Fe56 	52089.8 	0.0854187  1  493.847  4738
Fe56 	52089.8 	0.320973  1  -3880.3  9179
Fe56 	52089.8 	0.0716417  1  4198.16  817
Fe56 	52089.8 	0.14156  1  2592.51  2537
Fe56 	52089.8 	0.252576  1  2930.21  2237
Fe56 	52089.8 	0.0769613  1  530.472  4614
Fe56 	52089.8 	0.158051  1  -402.221  5507
Fe56 	52089.8 	0.107509  1  3906.19  1177
Fe56 	52089.8 	0.147663  1  -3402.15  8820
Fe56 	52089.8 	0.270684  1  -1273.83  6430
Fe56 	52089.8 	0.180345  1  1648.58  3475
Fe56 	52089.8 	0.188522  1  -2268.3  7505
Fe56 	52089.8 	0.190915  1  -3378.79  8815
Fe56 	52089.8 	0.163897  1  837.396  4398
Fe56 	52089.8 	0.0640451  1  -126.53  5271
Fe56 	52089.8 	0.056709  1  4724.93  290
Fe56 	52089.8 	0.0549093  1  -2425.11  7848
Fe56 	52089.8 	0.0764571  1  3947.06  1102
Fe56 	52089.8 	0.07871  1  525.11  4605
Fe56 	52089.8 	0.105513  1  46.9202  5231
Fe56 	52089.8 	0.136294  1  1381.77  3799
Fe56 	52089.8 	0.0631787  1  4138.84  875
Fe56 	52089.8 	0.076945  1  -4394.01  9937
Fe56 	52089.8 	0.0691902  1  -3100.42  8527
Fe56 	52089.8 	0.0649866  1  -912.509  6157
Fe56 	52089.8 	0.136541  1  -198.317  5320
Fe56 	52089.8 	0.072946  1  1044.14  4060
Fe56 	52089.8 	0.106226  1  1888.77  3263
Fe56 	52089.8 	0.0792692  1  94.4379  5133
Fe56 	52089.8 	0.0701454  1  3735.2  1329
Fe56 	52089.8 	0.063779  1  -2574.41  7879
Fe56 	52089.8 	0.0843503  1  -2658.23  7976
Fe56 	52089.8 	0.0898269  1  4840.33  160
Fe56 	52089.8 	0.0974612  1  768.334  4477
Fe56 	52089.8 	0.340845  1  2542.37  2588
Fe56 	52089.8 	0.0755304  1  -4133.27  9445
Fe56 	52089.8 	0.161077  1  -3774.46  9007
Fe56 	52089.8 	0.080009  1  -4869.42  10389
Fe56 	52089.8 	0.0873841  1  -3056.28  8237
Fe56 	52089.8 	0.425401  1  -4185.64  9603
Fe56 	52089.8 	0.0901743  1  4652.93  374
Fe56 	52089.8 	0.057227  1  -3070.97  8347
Fe56 	52089.8 	0.0941828  1  2545.31  2537
Fe56 	52089.8 	0.172672  1  4833.42  192
Fe56 	52089.8 	0.140707  1  1763.4  3378
Fe56 	52089.8 	0.0544384  1  4072.13  992
Fe56 	52089.8 	0.0834505  1  2278.98  2862
Fe56 	52089.8 	0.178166  1  4255.59  774
Fe56 	52089.8 	0.059191  1  -4227.55  9630
Fe56 	52089.8 	0.0678659  1  -372.918  5760
Fe56 	52089.8 	0.160603  1  -4224.26  9559
Fe56 	52089.8 	0.0589975  1  318.743  4960
Fe56 	52089.8 	0.0575881  1  2304.35  2804
Fe56 	52089.8 	0.0748128  1  -2641.5  7928
Fe56 	52089.8 	0.0586904  1  346.453  4836
Fe56 	52089.8 	0.247247  1  4330.94  709
Fe56 	52089.8 	0.0931243  1  -895.037  6030
Fe56 	52089.8 	0.100614  1  3275.73  1761
Fe56 	52089.8 	0.0839624  1  -2218.56  7597
Fe56 	52089.8 	0.212781  1  -3979.11  9445
Fe56 	52089.8 	0.0566186  1  -98.9459  5382
Fe56 	52089.8 	0.0787556  1  -2265.41  7536
Fe56 	52089.8 	0.057293  1  2971.97  2129
Fe56 	52089.8 	0.117546  1  1745.66  3374
Fe56 	52089.8 	0.0574044  1  4114.69  953
Fe56 	52089.8 	0.0753575  1  3617.36  1482
Fe56 	52089.8 	0.0815846  1  -2802.3  8172
Fe56 	52089.8 	0.0627681  1  -2531.07  7763
Fe56 	52089.8 	0.0979866  1  2731.28  2387
Fe56 	52089.8 	0.180615  1  -1097.43  6340
Fe56 	52089.8 	0.191672  1  3641.09  1443
Fe56 	52089.8 	0.0652752  1  260.482  4980
Fe56 	52089.8 	0.0849961  1  1886.82  3231
Fe56 	52089.8 	0.0684302  1  2929.93  2126
Fe56 	52089.8 	0.0906944  1  1908.07  3248
Fe56 	52089.8 	0.139034  1  -2109.55  7446
Fe56 	52089.8 	0.0590146  1  3273.35  1791
Fe56 	52089.8 	0.0907542  1  1158.72  3959
Fe56 	52089.8 	0.0804133  1  576.873  4605
Fe56 	52089.8 	0.0605784  1  4515.36  526
Fe56 	52089.8 	0.0601375  1  1153.05  3946
Fe56 	52089.8 	0.0668601  1  -109.312  5326
Fe56 	52089.8 	0.0568309  1  -4734  10223
Fe56 	52089.8 	0.0663858  1  -4745.11  10077
Fe56 	52089.8 	0.0561049  1  -2369.59  7676
Fe56 	52089.8 	0.11635  1  -3973.44  9478
Fe56 	52089.8 	0.101543  1  -4541.93  9939
Fe56 	52089.8 	0.0960143  1  988.492  4148
Fe56 	52089.8 	0.0597596  1  1661.51  3484
Fe56 	52089.8 	0.0990777  1  1951.38  3122
Fe56 	52089.8 	0.0618192  1  2220.81  2986
Fe56 	52089.8 	0.141155  1  -766.274  5976
Fe56 	52089.8 	0.234213  1  3797.17  1260
Fe56 	52089.8 	0.119026  1  535.485  4638
Fe56 	52089.8 	0.0842583  1  3318.46  1696
Fe56 	52089.8 	0.101189  1  -3376.28  8674
Fe56 	52089.8 	0.0837765  1  -387.671  5629
Fe56 	52089.8 	0.064558  1  4059.76  944
Fe56 	52089.8 	0.16303  1  -4413.26  9850
Fe56 	52089.8 	0.122334  1  -1833.15  7087
Fe56 	52089.8 	0.0610731  1  865.601  4324
Fe56 	52089.8 	0.054953  1  -2944.12  8297
Fe56 	52089.8 	0.115469  1  116.838  5137
Fe56 	52089.8 	0.0809119  1  2921.35  2188
Fe56 	52089.8 	0.204027  1  -1237.35  6432
Fe56 	52089.8 	0.0812452  1  -3538.04  9034
Fe56 	52089.8 	0.0655225  1  -323.881  5620
Fe56 	52089.8 	0.0793702  1  -4208.52  9571
Fe56 	52089.8 	0.0900095  1  -4059.77  9465
Fe56 	52089.8 	0.128214  1  1517.1  3633
Fe56 	52089.8 	0.0573343  1  -1911.4  7247
Fe56 	52089.8 	0.0598066  1  1816.62  3410
Fe56 	52089.8 	3.18961  1  -1038.33  6226
Fe56 	52089.8 	0.0685446  1  -4640.98  10045
Fe56 	52089.8 	0.285333  1  -2395.47  7738
Fe56 	52089.8 	0.0812023  1  36.9598  5213
Fe56 	52089.8 	0.0597549  1  3707.73  1314
Fe56 	52089.8 	0.249503  1  -3667.47  8884
Fe56 	52089.8 	0.151585  1  -770.582  6095
Fe56 	52089.8 	0.0998374  1  -800.093  6192
Fe56 	52089.8 	0.0592112  1  1862.92  3337
Fe56 	52089.8 	0.328283  1  3889.35  1167
Fe56 	52089.8 	0.0881156  1  457.594  4586
Fe56 	52089.8 	0.0950266  1  736.014  4500
Fe56 	52089.8 	0.270011  1  2802.66  2342
Fe56 	52089.8 	0.161532  1  1131.71  4092
Fe56 	52089.8 	0.167225  1  -3662.65  9044
Fe56 	52089.8 	0.0704062  1  3297.83  1793
Fe56 	52089.8 	0.107869  1  2035.46  3142
Fe56 	52089.8 	0.0740097  1  -2531.58  7797
Fe56 	52089.8 	0.218985  1  1795.95  3404
Fe56 	52089.8 	0.0785852  1  -3392.14  8857
Fe56 	52089.8 	0.0821636  1  1358.97  3818
Fe56 	52089.8 	0.071839  1  1712.89  3388
Fe56 	52089.8 	0.273152  1  503.94  4708
Fe56 	52089.8 	0.09685  1  3927.56  1130
Fe56 	52089.8 	0.12921  1  4496.71  519
Fe56 	52089.8 	0.135385  1  1314.33  3874
Fe56 	52089.8 	0.0840226  1  2646.54  2581
Fe56 	52089.8 	0.153063  1  4169.24  898
Fe56 	52089.8 	0.161356  1  1774.2  3318
Fe56 	52089.8 	0.0771809  1  -4098.9  9547
Fe56 	52089.8 	0.127185  1  -3554.57  8952
