# Energy(keV)    dEe/dx(keV/micro_m)  dEn/dx(keV/micro_m)  x(micro_m)
1.000000e+01 9.610000e+01 1.595000e+03 9.284934e-03
1.100000e+01 1.008000e+02 1.642000e+03 9.831073e-03
1.200000e+01 1.053000e+02 1.686000e+03 1.025427e-02
1.300000e+01 1.096000e+02 1.725000e+03 1.077033e-02
1.400000e+01 1.137000e+02 1.762000e+03 1.128672e-02
1.500000e+01 1.177000e+02 1.796000e+03 1.171025e-02
1.600000e+01 1.216000e+02 1.828000e+03 1.216306e-02
1.700000e+01 1.253000e+02 1.858000e+03 1.267951e-02
1.800000e+01 1.289000e+02 1.885000e+03 1.310305e-02
2.000000e+01 1.359000e+02 1.936000e+03 1.395027e-02
2.250000e+01 1.441000e+02 1.991000e+03 1.501266e-02
2.500000e+01 1.519000e+02 2.039000e+03 1.604681e-02
2.750000e+01 1.594000e+02 2.082000e+03 1.710935e-02
3.000000e+01 1.664000e+02 2.119000e+03 1.805048e-02
3.250000e+01 1.732000e+02 2.153000e+03 1.899184e-02
3.500000e+01 1.798000e+02 2.183000e+03 2.005443e-02
3.750000e+01 1.861000e+02 2.210000e+03 2.099595e-02
4.000000e+01 1.922000e+02 2.235000e+03 2.191643e-02
4.500000e+01 2.039000e+02 2.278000e+03 2.370612e-02
5.000000e+01 2.149000e+02 2.314000e+03 2.547509e-02
5.500000e+01 2.254000e+02 2.343000e+03 2.726518e-02
6.000000e+01 2.354000e+02 2.369000e+03 2.903463e-02
6.500000e+01 2.450000e+02 2.390000e+03 3.080438e-02
7.000000e+01 2.543000e+02 2.408000e+03 3.247984e-02
8.000000e+01 2.718000e+02 2.436000e+03 3.592562e-02
9.000000e+01 2.883000e+02 2.456000e+03 3.925201e-02
1.000000e+02 3.039000e+02 2.469000e+03 4.257899e-02
1.100000e+02 3.187000e+02 2.478000e+03 4.590643e-02
1.200000e+02 3.329000e+02 2.483000e+03 4.913919e-02
1.300000e+02 3.465000e+02 2.484000e+03 5.244788e-02
1.400000e+02 3.596000e+02 2.484000e+03 5.568106e-02
1.500000e+02 3.722000e+02 2.481000e+03 5.889525e-02
1.600000e+02 3.844000e+02 2.476000e+03 6.212866e-02
1.700000e+02 3.962000e+02 2.471000e+03 6.541514e-02
1.800000e+02 4.077000e+02 2.464000e+03 6.863010e-02
2.000000e+02 4.298000e+02 2.447000e+03 7.505591e-02
2.250000e+02 4.444000e+02 2.423000e+03 8.311739e-02
2.500000e+02 4.509000e+02 2.397000e+03 9.129825e-02
2.750000e+02 4.633000e+02 2.368000e+03 9.953537e-02
3.000000e+02 4.798000e+02 2.339000e+03 1.077915e-01
3.250000e+02 4.992000e+02 2.310000e+03 1.160483e-01
3.500000e+02 5.207000e+02 2.280000e+03 1.243845e-01
3.750000e+02 5.434000e+02 2.251000e+03 1.328348e-01
4.000000e+02 5.667000e+02 2.222000e+03 1.411896e-01
4.500000e+02 6.135000e+02 2.165000e+03 1.581510e-01
5.000000e+02 6.587000e+02 2.111000e+03 1.750941e-01
5.500000e+02 7.013000e+02 2.058000e+03 1.921400e-01
6.000000e+02 7.409000e+02 2.009000e+03 2.092599e-01
6.500000e+02 7.775000e+02 1.962000e+03 2.264785e-01
7.000000e+02 8.112000e+02 1.917000e+03 2.437795e-01
8.000000e+02 8.710000e+02 1.833000e+03 2.786734e-01
9.000000e+02 9.221000e+02 1.758000e+03 3.139417e-01
1.000000e+03 9.661000e+02 1.689000e+03 3.496818e-01
1.100000e+03 1.005000e+03 1.626000e+03 3.856666e-01
1.200000e+03 1.039000e+03 1.569000e+03 4.221430e-01
1.300000e+03 1.070000e+03 1.516000e+03 4.588812e-01
1.400000e+03 1.098000e+03 1.467000e+03 4.960141e-01
1.500000e+03 1.124000e+03 1.422000e+03 5.335414e-01
1.600000e+03 1.149000e+03 1.379000e+03 5.712343e-01
1.700000e+03 1.173000e+03 1.340000e+03 6.093220e-01
1.800000e+03 1.196000e+03 1.303000e+03 6.475928e-01
2.000000e+03 1.242000e+03 1.237000e+03 7.248157e-01
2.250000e+03 1.298000e+03 1.164000e+03 8.223861e-01
2.500000e+03 1.356000e+03 1.100000e+03 9.204434e-01
2.750000e+03 1.416000e+03 1.044000e+03 1.018628e+00
3.000000e+03 1.479000e+03 9.948000e+02 1.121257e+00
3.250000e+03 1.545000e+03 9.504000e+02 1.212411e+00
3.500000e+03 1.615000e+03 9.104000e+02 1.313299e+00
3.750000e+03 1.687000e+03 8.741000e+02 1.404261e+00
4.000000e+03 1.763000e+03 8.410000e+02 1.495141e+00
4.500000e+03 1.923000e+03 7.829000e+02 1.686569e+00
5.000000e+03 2.092000e+03 7.333000e+02 1.857958e+00
5.500000e+03 2.269000e+03 6.904000e+02 2.029018e+00
6.000000e+03 2.453000e+03 6.529000e+02 2.189948e+00
6.500000e+03 2.640000e+03 6.198000e+02 2.340756e+00
7.000000e+03 2.832000e+03 5.903000e+02 2.491329e+00
8.000000e+03 3.220000e+03 5.399000e+02 2.762443e+00
9.000000e+03 3.610000e+03 4.984000e+02 3.013144e+00
1.000000e+04 3.998000e+03 4.635000e+02 3.233705e+00
1.100000e+04 4.379000e+03 4.337000e+02 3.453904e+00
1.200000e+04 4.751000e+03 4.080000e+02 3.644129e+00
1.300000e+04 5.113000e+03 3.854000e+02 3.834134e+00
1.400000e+04 5.463000e+03 3.655000e+02 4.004157e+00
1.500000e+04 5.801000e+03 3.477000e+02 4.174044e+00
1.600000e+04 6.126000e+03 3.318000e+02 4.323988e+00
1.700000e+04 6.439000e+03 3.175000e+02 4.473856e+00
1.800000e+04 6.739000e+03 3.044000e+02 4.623654e+00
2.000000e+04 7.303000e+03 2.816000e+02 4.893381e+00
2.250000e+04 7.944000e+03 2.579000e+02 5.203027e+00
2.500000e+04 8.522000e+03 2.382000e+02 5.492606e+00
2.750000e+04 9.044000e+03 2.216000e+02 5.772136e+00
3.000000e+04 9.517000e+03 2.074000e+02 6.031692e+00
3.250000e+04 9.948000e+03 1.950000e+02 6.281248e+00
3.500000e+04 1.034000e+04 1.842000e+02 6.520804e+00
3.750000e+04 1.071000e+04 1.746000e+02 6.750384e+00
4.000000e+04 1.105000e+04 1.660000e+02 6.979943e+00
4.500000e+04 1.166000e+04 1.514000e+02 7.409287e+00
5.000000e+04 1.219000e+04 1.393000e+02 7.828606e+00
5.500000e+04 1.267000e+04 1.292000e+02 8.218016e+00
6.000000e+04 1.311000e+04 1.206000e+02 8.607415e+00
6.500000e+04 1.350000e+04 1.131000e+02 8.976873e+00
7.000000e+04 1.386000e+04 1.066000e+02 9.336361e+00
8.000000e+04 1.449000e+04 9.568000e+01 1.003564e+01
9.000000e+04 1.503000e+04 8.697000e+01 1.070498e+01
1.000000e+05 1.550000e+04 7.981000e+01 1.135436e+01
1.100000e+05 1.591000e+04 7.382000e+01 1.198379e+01
1.200000e+05 1.628000e+04 6.873000e+01 1.260325e+01
1.300000e+05 1.660000e+04 6.434000e+01 1.321275e+01
1.400000e+05 1.689000e+04 6.052000e+01 1.380229e+01
1.500000e+05 1.714000e+04 5.716000e+01 1.439185e+01
1.600000e+05 1.737000e+04 5.418000e+01 1.496145e+01
1.700000e+05 1.757000e+04 5.151000e+01 1.553107e+01
1.800000e+05 1.775000e+04 4.911000e+01 1.610070e+01
2.000000e+05 1.805000e+04 4.497000e+01 1.721040e+01
2.250000e+05 1.840000e+04 4.074000e+01 1.858024e+01
2.500000e+05 1.857000e+04 3.728000e+01 1.993008e+01
2.750000e+05 1.863000e+04 3.440000e+01 2.126991e+01
3.000000e+05 1.868000e+04 3.195000e+01 2.260976e+01
3.250000e+05 1.870000e+04 2.985000e+01 2.393962e+01
3.500000e+05 1.869000e+04 2.803000e+01 2.527947e+01
3.750000e+05 1.866000e+04 2.643000e+01 2.660935e+01
4.000000e+05 1.861000e+04 2.501000e+01 2.794923e+01
4.500000e+05 1.846000e+04 2.261000e+01 3.065020e+01
5.000000e+05 1.827000e+04 2.066000e+01 3.336105e+01
5.500000e+05 1.805000e+04 1.903000e+01 3.609699e+01
6.000000e+05 1.782000e+04 1.766000e+01 3.888668e+01
6.500000e+05 1.757000e+04 1.648000e+01 4.170640e+01
7.000000e+05 1.731000e+04 1.546000e+01 4.457616e+01
8.000000e+05 1.679000e+04 1.377000e+01 5.043574e+01
9.000000e+05 1.626000e+04 1.243000e+01 5.648541e+01
1.000000e+00 1.574000e+04 1.134000e+01 6.272513e+01
