# Energy(keV)    dEe/dx(keV/micro_m)  dEn/dx(keV/micro_m)  x(micro_m)
1.000000e+01 5.929000e+01 1.605000e+03 9.523130e-03
1.100000e+01 6.218000e+01 1.654000e+03 1.003892e-02
1.200000e+01 6.495000e+01 1.699000e+03 1.055509e-02
1.300000e+01 6.760000e+01 1.740000e+03 1.110090e-02
1.400000e+01 7.015000e+01 1.778000e+03 1.161723e-02
1.500000e+01 7.261000e+01 1.813000e+03 1.204076e-02
1.600000e+01 7.499000e+01 1.846000e+03 1.246435e-02
1.700000e+01 7.730000e+01 1.877000e+03 1.298114e-02
1.800000e+01 7.954000e+01 1.906000e+03 1.340485e-02
2.000000e+01 8.385000e+01 1.958000e+03 1.435200e-02
2.250000e+01 8.893000e+01 2.016000e+03 1.538636e-02
2.500000e+01 9.374000e+01 2.067000e+03 1.647058e-02
2.750000e+01 9.832000e+01 2.111000e+03 1.750543e-02
3.000000e+01 1.027000e+02 2.151000e+03 1.845291e-02
3.250000e+01 1.069000e+02 2.187000e+03 1.948820e-02
3.500000e+01 1.109000e+02 2.219000e+03 2.042988e-02
3.750000e+01 1.148000e+02 2.248000e+03 2.137171e-02
4.000000e+01 1.186000e+02 2.275000e+03 2.234032e-02
4.500000e+01 1.258000e+02 2.321000e+03 2.420331e-02
5.000000e+01 1.326000e+02 2.359000e+03 2.608754e-02
5.500000e+01 1.390000e+02 2.392000e+03 2.785714e-02
6.000000e+01 1.452000e+02 2.420000e+03 2.964743e-02
6.500000e+01 1.512000e+02 2.443000e+03 3.141735e-02
7.000000e+01 1.569000e+02 2.464000e+03 3.318750e-02
8.000000e+01 1.677000e+02 2.496000e+03 3.663359e-02
9.000000e+01 1.779000e+02 2.519000e+03 4.005521e-02
1.000000e+02 1.875000e+02 2.536000e+03 4.338260e-02
1.100000e+02 1.966000e+02 2.548000e+03 4.682969e-02
1.200000e+02 2.054000e+02 2.556000e+03 5.015765e-02
1.300000e+02 2.138000e+02 2.560000e+03 5.348589e-02
1.400000e+02 2.218000e+02 2.561000e+03 5.679525e-02
1.500000e+02 2.296000e+02 2.561000e+03 6.012396e-02
1.600000e+02 2.372000e+02 2.558000e+03 6.341057e-02
1.700000e+02 2.445000e+02 2.554000e+03 6.673972e-02
1.800000e+02 2.515000e+02 2.549000e+03 7.005034e-02
2.000000e+02 2.652000e+02 2.536000e+03 7.669068e-02
2.250000e+02 2.812000e+02 2.515000e+03 8.496670e-02
2.500000e+02 2.989000e+02 2.491000e+03 9.333493e-02
2.750000e+02 3.142000e+02 2.465000e+03 1.017085e-01
3.000000e+02 3.284000e+02 2.438000e+03 1.101567e-01
3.250000e+02 3.424000e+02 2.410000e+03 1.186276e-01
3.500000e+02 3.569000e+02 2.382000e+03 1.270774e-01
3.750000e+02 3.719000e+02 2.354000e+03 1.357201e-01
4.000000e+02 3.877000e+02 2.326000e+03 1.442887e-01
4.500000e+02 4.206000e+02 2.270000e+03 1.616735e-01
5.000000e+02 4.546000e+02 2.217000e+03 1.792532e-01
5.500000e+02 4.890000e+02 2.165000e+03 1.969313e-01
6.000000e+02 5.233000e+02 2.116000e+03 2.147836e-01
6.500000e+02 5.571000e+02 2.068000e+03 2.327384e-01
7.000000e+02 5.904000e+02 2.023000e+03 2.507675e-01
8.000000e+02 6.546000e+02 1.939000e+03 2.871406e-01
9.000000e+02 7.155000e+02 1.862000e+03 3.238869e-01
1.000000e+03 7.731000e+02 1.792000e+03 3.608568e-01
1.100000e+03 8.275000e+02 1.728000e+03 3.980264e-01
1.200000e+03 8.791000e+02 1.669000e+03 4.353584e-01
1.300000e+03 9.283000e+02 1.614000e+03 4.728389e-01
1.400000e+03 9.754000e+02 1.564000e+03 5.104218e-01
1.500000e+03 1.021000e+03 1.517000e+03 5.480716e-01
1.600000e+03 1.064000e+03 1.473000e+03 5.857745e-01
1.700000e+03 1.107000e+03 1.432000e+03 6.234822e-01
1.800000e+03 1.148000e+03 1.394000e+03 6.612747e-01
2.000000e+03 1.228000e+03 1.324000e+03 7.365842e-01
2.250000e+03 1.325000e+03 1.248000e+03 8.304040e-01
2.500000e+03 1.420000e+03 1.181000e+03 9.234925e-01
2.750000e+03 1.513000e+03 1.122000e+03 1.015573e+00
3.000000e+03 1.605000e+03 1.070000e+03 1.101859e+00
3.250000e+03 1.698000e+03 1.023000e+03 1.192738e+00
3.500000e+03 1.790000e+03 9.805000e+02 1.283500e+00
3.750000e+03 1.883000e+03 9.421000e+02 1.374188e+00
4.000000e+03 1.975000e+03 9.070000e+02 1.454935e+00
4.500000e+03 2.162000e+03 8.451000e+02 1.616278e+00
5.000000e+03 2.349000e+03 7.923000e+02 1.777260e+00
5.500000e+03 2.536000e+03 7.465000e+02 1.928143e+00
6.000000e+03 2.722000e+03 7.064000e+02 2.078778e+00
6.500000e+03 2.908000e+03 6.710000e+02 2.219354e+00
7.000000e+03 3.091000e+03 6.394000e+02 2.349874e+00
8.000000e+03 3.451000e+03 5.854000e+02 2.600723e+00
9.000000e+03 3.800000e+03 5.409000e+02 2.831312e+00
1.000000e+04 4.137000e+03 5.033000e+02 3.051640e+00
1.100000e+04 4.460000e+03 4.713000e+02 3.261810e+00
1.200000e+04 4.769000e+03 4.435000e+02 3.451951e+00
1.300000e+04 5.064000e+03 4.192000e+02 3.641927e+00
1.400000e+04 5.347000e+03 3.977000e+02 3.811948e+00
1.500000e+04 5.616000e+03 3.785000e+02 3.981874e+00
1.600000e+04 5.874000e+03 3.613000e+02 4.141785e+00
1.700000e+04 6.119000e+03 3.457000e+02 4.301629e+00
1.800000e+04 6.354000e+03 3.316000e+02 4.451494e+00
2.000000e+04 6.793000e+03 3.069000e+02 4.731303e+00
2.250000e+04 7.291000e+03 2.813000e+02 5.070971e+00
2.500000e+04 7.742000e+03 2.599000e+02 5.390601e+00
2.750000e+04 8.152000e+03 2.419000e+02 5.690235e+00
3.000000e+04 8.529000e+03 2.264000e+02 5.979831e+00
3.250000e+04 8.878000e+03 2.130000e+02 6.259432e+00
3.500000e+04 9.204000e+03 2.012000e+02 6.529039e+00
3.750000e+04 9.509000e+03 1.908000e+02 6.788651e+00
4.000000e+04 9.798000e+03 1.815000e+02 7.038296e+00
4.500000e+04 1.033000e+04 1.656000e+02 7.527725e+00
5.000000e+04 1.083000e+04 1.524000e+02 7.987198e+00
5.500000e+04 1.128000e+04 1.414000e+02 8.436662e+00
6.000000e+04 1.170000e+04 1.320000e+02 8.866161e+00
6.500000e+04 1.210000e+04 1.238000e+02 9.275700e+00
7.000000e+04 1.247000e+04 1.167000e+02 9.685231e+00
8.000000e+04 1.316000e+04 1.048000e+02 1.045469e+01
9.000000e+04 1.377000e+04 9.530000e+01 1.118418e+01
1.000000e+05 1.432000e+04 8.748000e+01 1.189367e+01
1.100000e+05 1.482000e+04 8.094000e+01 1.257319e+01
1.200000e+05 1.527000e+04 7.537000e+01 1.323275e+01
1.300000e+05 1.567000e+04 7.057000e+01 1.387232e+01
1.400000e+05 1.604000e+04 6.639000e+01 1.450193e+01
1.500000e+05 1.638000e+04 6.271000e+01 1.511156e+01
1.600000e+05 1.668000e+04 5.945000e+01 1.572119e+01
1.700000e+05 1.696000e+04 5.653000e+01 1.631086e+01
1.800000e+05 1.721000e+04 5.391000e+01 1.689055e+01
2.000000e+05 1.765000e+04 4.937000e+01 1.804031e+01
2.250000e+05 1.809000e+04 4.473000e+01 1.943023e+01
2.500000e+05 1.850000e+04 4.094000e+01 2.079012e+01
2.750000e+05 1.866000e+04 3.778000e+01 2.212999e+01
3.000000e+05 1.881000e+04 3.511000e+01 2.346985e+01
3.250000e+05 1.891000e+04 3.280000e+01 2.478973e+01
3.500000e+05 1.898000e+04 3.080000e+01 2.610960e+01
3.750000e+05 1.902000e+04 2.905000e+01 2.741948e+01
4.000000e+05 1.902000e+04 2.749000e+01 2.872937e+01
4.500000e+05 1.898000e+04 2.486000e+01 3.136025e+01
5.000000e+05 1.887000e+04 2.272000e+01 3.400100e+01
5.500000e+05 1.872000e+04 2.093000e+01 3.663719e+01
6.000000e+05 1.853000e+04 1.942000e+01 3.932689e+01
6.500000e+05 1.832000e+04 1.813000e+01 4.203663e+01
7.000000e+05 1.810000e+04 1.700000e+01 4.477639e+01
8.000000e+05 1.763000e+04 1.515000e+01 5.036598e+01
9.000000e+05 1.714000e+04 1.368000e+01 5.611564e+01
1.000000e+00 1.664000e+04 1.248000e+01 6.203536e+01
