# Energy(keV)    dEe/dx(keV/micro_m)  dEn/dx(keV/micro_m)  x(micro_m)
1.000000e+01 5.375000e+01 1.284000e+03 1.023768e-02
1.100000e+01 5.637000e+01 1.313000e+03 1.078378e-02
1.200000e+01 5.888000e+01 1.339000e+03 1.144596e-02
1.300000e+01 6.128000e+01 1.363000e+03 1.208305e-02
1.400000e+01 6.359000e+01 1.384000e+03 1.259643e-02
1.500000e+01 6.583000e+01 1.403000e+03 1.325858e-02
1.600000e+01 6.799000e+01 1.421000e+03 1.380471e-02
1.700000e+01 7.008000e+01 1.437000e+03 1.441007e-02
1.800000e+01 7.211000e+01 1.452000e+03 1.498065e-02
2.000000e+01 7.601000e+01 1.478000e+03 1.613258e-02
2.250000e+01 8.062000e+01 1.506000e+03 1.752427e-02
2.500000e+01 8.498000e+01 1.529000e+03 1.891613e-02
2.750000e+01 8.913000e+01 1.548000e+03 2.018514e-02
3.000000e+01 9.309000e+01 1.564000e+03 2.157730e-02
3.250000e+01 9.690000e+01 1.578000e+03 2.287728e-02
3.500000e+01 1.006000e+02 1.589000e+03 2.421590e-02
3.750000e+01 1.041000e+02 1.598000e+03 2.551588e-02
4.000000e+01 1.075000e+02 1.606000e+03 2.678582e-02
4.500000e+01 1.140000e+02 1.619000e+03 2.933292e-02
5.000000e+01 1.202000e+02 1.627000e+03 3.188040e-02
5.500000e+01 1.261000e+02 1.632000e+03 3.439898e-02
6.000000e+01 1.317000e+02 1.634000e+03 3.694712e-02
6.500000e+01 1.370000e+02 1.634000e+03 3.949544e-02
7.000000e+01 1.422000e+02 1.633000e+03 4.201524e-02
8.000000e+01 1.520000e+02 1.627000e+03 4.708429e-02
9.000000e+01 1.612000e+02 1.618000e+03 5.213262e-02
1.000000e+02 1.700000e+02 1.606000e+03 5.720297e-02
1.100000e+02 1.783000e+02 1.593000e+03 6.231902e-02
1.200000e+02 1.862000e+02 1.579000e+03 6.746355e-02
1.300000e+02 1.938000e+02 1.563000e+03 7.260868e-02
1.400000e+02 2.011000e+02 1.548000e+03 7.774760e-02
1.500000e+02 2.062000e+02 1.532000e+03 8.298777e-02
1.600000e+02 2.057000e+02 1.516000e+03 8.820181e-02
1.700000e+02 2.074000e+02 1.500000e+03 9.353732e-02
1.800000e+02 2.108000e+02 1.484000e+03 9.898737e-02
2.000000e+02 2.210000e+02 1.453000e+03 1.098233e-01
2.250000e+02 2.379000e+02 1.414000e+03 1.235891e-01
2.500000e+02 2.576000e+02 1.378000e+03 1.376603e-01
2.750000e+02 2.783000e+02 1.343000e+03 1.517333e-01
3.000000e+02 2.993000e+02 1.310000e+03 1.660677e-01
3.250000e+02 3.198000e+02 1.279000e+03 1.804040e-01
3.500000e+02 3.396000e+02 1.249000e+03 1.949080e-01
3.750000e+02 3.585000e+02 1.221000e+03 2.095333e-01
4.000000e+02 3.765000e+02 1.194000e+03 2.243268e-01
4.500000e+02 4.096000e+02 1.144000e+03 2.540321e-01
5.000000e+02 4.395000e+02 1.099000e+03 2.841744e-01
5.500000e+02 4.665000e+02 1.057000e+03 3.146097e-01
6.000000e+02 4.913000e+02 1.019000e+03 3.454111e-01
6.500000e+02 5.143000e+02 9.847000e+02 3.764835e-01
7.000000e+02 5.358000e+02 9.526000e+02 4.078275e-01
8.000000e+02 5.761000e+02 8.953000e+02 4.712950e-01
9.000000e+02 6.142000e+02 8.456000e+02 5.355673e-01
1.000000e+03 6.514000e+02 8.020000e+02 6.002573e-01
1.100000e+03 6.886000e+02 7.633000e+02 6.652541e-01
1.200000e+03 7.263000e+02 7.289000e+02 7.303857e-01
1.300000e+03 7.650000e+02 6.978000e+02 7.953432e-01
1.400000e+03 8.047000e+02 6.697000e+02 8.599179e-01
1.500000e+03 8.457000e+02 6.442000e+02 9.239326e-01
1.600000e+03 8.878000e+02 6.208000e+02 9.873895e-01
1.700000e+03 9.312000e+02 5.993000e+02 1.048780e+00
1.800000e+03 9.757000e+02 5.795000e+02 1.109726e+00
2.000000e+03 1.068000e+03 5.441000e+02 1.231389e+00
2.250000e+03 1.189000e+03 5.063000e+02 1.373282e+00
2.500000e+03 1.315000e+03 4.741000e+02 1.514690e+00
2.750000e+03 1.445000e+03 4.463000e+02 1.645915e+00
3.000000e+03 1.577000e+03 4.219000e+02 1.766974e+00
3.250000e+03 1.712000e+03 4.005000e+02 1.887716e+00
3.500000e+03 1.847000e+03 3.813000e+02 1.998387e+00
3.750000e+03 1.984000e+03 3.642000e+02 2.099016e+00
4.000000e+03 2.120000e+03 3.487000e+02 2.199441e+00
4.500000e+03 2.391000e+03 3.218000e+02 2.390037e+00
5.000000e+03 2.659000e+03 2.992000e+02 2.560423e+00
5.500000e+03 2.921000e+03 2.800000e+02 2.720597e+00
6.000000e+03 3.176000e+03 2.633000e+02 2.870605e+00
6.500000e+03 3.424000e+03 2.487000e+02 3.000659e+00
7.000000e+03 3.664000e+03 2.358000e+02 3.130553e+00
8.000000e+03 4.120000e+03 2.140000e+02 3.370258e+00
9.000000e+03 4.545000e+03 1.963000e+02 3.589817e+00
1.000000e+04 4.940000e+03 1.816000e+02 3.789355e+00
1.100000e+04 5.306000e+03 1.691000e+02 3.978821e+00
1.200000e+04 5.645000e+03 1.584000e+02 4.148357e+00
1.300000e+04 5.960000e+03 1.491000e+02 4.317813e+00
1.400000e+04 6.253000e+03 1.409000e+02 4.477303e+00
1.500000e+04 6.524000e+03 1.337000e+02 4.626825e+00
1.600000e+04 6.777000e+03 1.272000e+02 4.766398e+00
1.700000e+04 7.013000e+03 1.214000e+02 4.905931e+00
1.800000e+04 7.234000e+03 1.161000e+02 5.045461e+00
2.000000e+04 7.634000e+03 1.070000e+02 5.314610e+00
2.250000e+04 8.069000e+03 9.753000e+01 5.623716e+00
2.500000e+04 8.447000e+03 8.976000e+01 5.922850e+00
2.750000e+04 8.780000e+03 8.322000e+01 6.202079e+00
3.000000e+04 9.075000e+03 7.764000e+01 6.481317e+00
3.250000e+04 9.339000e+03 7.283000e+01 6.750608e+00
3.500000e+04 9.577000e+03 6.862000e+01 7.009954e+00
3.750000e+04 9.793000e+03 6.491000e+01 7.259352e+00
4.000000e+04 9.990000e+03 6.161000e+01 7.518736e+00
4.500000e+04 1.033000e+04 5.599000e+01 7.997834e+00
5.000000e+04 1.062000e+04 5.138000e+01 8.476966e+00
5.500000e+04 1.087000e+04 4.752000e+01 8.936201e+00
6.000000e+04 1.108000e+04 4.424000e+01 9.385498e+00
6.500000e+04 1.125000e+04 4.141000e+01 9.834825e+00
7.000000e+04 1.141000e+04 3.895000e+01 1.027422e+01
8.000000e+04 1.165000e+04 3.486000e+01 1.113346e+01
9.000000e+04 1.183000e+04 3.160000e+01 1.198278e+01
1.000000e+05 1.196000e+04 2.893000e+01 1.282216e+01
1.100000e+05 1.205000e+04 2.671000e+01 1.365161e+01
1.200000e+05 1.211000e+04 2.482000e+01 1.447112e+01
1.300000e+05 1.214000e+04 2.320000e+01 1.529066e+01
1.400000e+05 1.215000e+04 2.179000e+01 1.612023e+01
1.500000e+05 1.216000e+04 2.055000e+01 1.693984e+01
1.600000e+05 1.217000e+04 1.946000e+01 1.775949e+01
1.700000e+05 1.212000e+04 1.848000e+01 1.857916e+01
1.800000e+05 1.203000e+04 1.760000e+01 1.939887e+01
2.000000e+05 1.189000e+04 1.609000e+01 2.106899e+01
2.250000e+05 1.169000e+04 1.454000e+01 2.318952e+01
2.500000e+05 1.149000e+04 1.329000e+01 2.534998e+01
2.750000e+05 1.128000e+04 1.224000e+01 2.754041e+01
3.000000e+05 1.107000e+04 1.136000e+01 2.977082e+01
3.250000e+05 1.086000e+04 1.060000e+01 3.205120e+01
3.500000e+05 1.065000e+04 9.938000e+00 3.436666e+01
3.750000e+05 1.045000e+04 9.361000e+00 3.672641e+01
4.000000e+05 1.025000e+04 8.851000e+00 3.914619e+01
4.500000e+05 9.875000e+03 7.990000e+00 4.410582e+01
5.000000e+05 9.524000e+03 7.289000e+00 4.926552e+01
5.500000e+05 9.194000e+03 6.707000e+00 5.460527e+01
6.000000e+05 8.886000e+03 6.215000e+00 6.012507e+01
6.500000e+05 8.596000e+03 5.795000e+00 6.584491e+01
7.000000e+05 8.325000e+03 5.430000e+00 7.175477e+01
8.000000e+05 7.828000e+03 4.829000e+00 8.413458e+01
9.000000e+05 7.386000e+03 4.353000e+00 9.728446e+01
1.000000e+00 6.989000e+03 3.967000e+00 1.111944e+02
