Mg24 	22335.8 	0.353721  1  -3464.79  9022
Mg24 	22335.8 	0.325804  1  -3267.92  8700
Mg24 	22335.8 	0.126141  1  -2179.73  7649
Mg24 	22335.8 	0.598305  1  2179.22  3024
Mg24 	22335.8 	0.138396  1  -905.982  6093
Mg24 	22335.8 	0.126054  1  -2220.98  7563
Mg24 	22335.8 	0.32424  1  -3785.23  9263
Mg24 	22335.8 	0.18728  1  4654.12  371
Mg24 	22335.8 	0.244043  1  954.425  4352
Mg24 	22335.8 	0.518269  1  1350.18  3888
Mg24 	22335.8 	0.164647  1  -2079.61  7616
Mg24 	22335.8 	0.147663  1  2686.1  2380
Mg24 	22335.8 	0.145512  1  -2616.46  7927
Mg24 	22335.8 	0.589344  1  3604.81  1415
Mg24 	22335.8 	0.493615  1  3273.39  1802
Mg24 	22335.8 	0.45934  1  -1479.81  6847
Mg24 	22335.8 	0.176268  1  2705.26  2451
Mg24 	22335.8 	0.131617  1  -1089.69  6587
Mg24 	22335.8 	0.373527  1  3153.42  1953
Mg24 	22335.8 	0.136043  1  -2162.29  7558
Mg24 	22335.8 	0.31922  1  1605.79  3502
Mg24 	22335.8 	0.127894  1  4230.35  825
Mg24 	22335.8 	0.574695  1  -3075.51  8414
Mg24 	22335.8 	0.181978  1  3808.32  1253
Mg24 	22335.8 	0.407838  1  937.756  4210
Mg24 	22335.8 	0.302529  1  450.817  4731
Mg24 	22335.8 	0.181512  1  -4601.05  10163
Mg24 	22335.8 	0.228484  1  3376.34  1771
Mg24 	22335.8 	0.149584  1  119.19  5182
Mg24 	22335.8 	0.218776  1  3587.97  1499
Mg24 	22335.8 	0.138676  1  -3533.09  9020
Mg24 	22335.8 	0.130748  1  715.633  4503
Mg24 	22335.8 	0.291238  1  -1961.76  7314
Mg24 	22335.8 	0.291868  1  -358.986  5512
Mg24 	22335.8 	0.160398  1  46.7544  5288
Mg24 	22335.8 	0.210397  1  304.405  4888
Mg24 	22335.8 	0.131089  1  -1156.82  6479
Mg24 	22335.8 	0.289945  1  4257.88  786
Mg24 	22335.8 	0.788165  1  4980.33  16
Mg24 	22335.8 	0.302775  1  -804.94  6239
Mg24 	22335.8 	0.126372  1  -1511.58  6944
Mg24 	22335.8 	0.176164  1  -1527.32  6889
Mg24 	22335.8 	0.129925  1  3753.46  1366
Mg24 	22335.8 	0.212768  1  4929.2  80
Mg24 	22335.8 	0.133799  1  -2216.81  7649
Mg24 	22335.8 	0.59284  1  43.6076  5289
Mg24 	22335.8 	0.308143  1  2240.9  2842
Mg24 	22335.8 	0.871974  1  4712.25  281
Mg24 	22335.8 	0.182688  1  -185.515  5446
Mg24 	22335.8 	0.136565  1  -3258.93  8531
Mg24 	22335.8 	0.239406  1  3869.58  1178
Mg24 	22335.8 	0.220138  1  -116.838  5450
Mg24 	22335.8 	0.167609  1  4050.16  986
Mg24 	22335.8 	0.252383  1  4694.79  328
Mg24 	22335.8 	2.07975  1  -4531.54  10052
Mg24 	22335.8 	0.159137  1  2059.79  3063
Mg24 	22335.8 	0.157833  1  -2013.26  7210
Mg24 	22335.8 	0.18226  1  236.245  5077
Mg24 	22335.8 	0.128113  1  2425.41  2698
Mg24 	22335.8 	0.203691  1  -53.7581  5303
Mg24 	22335.8 	0.177962  1  -3675.69  9344
Mg24 	22335.8 	0.151428  1  -3018.85  8529
Mg24 	22335.8 	0.233198  1  -226.924  5576
Mg24 	22335.8 	0.274943  1  3438.99  1659
Mg24 	22335.8 	0.445358  1  3366.28  1785
Mg24 	22335.8 	0.144613  1  1682.96  3462
Mg24 	22335.8 	0.137387  1  2436.54  2672
Mg24 	22335.8 	0.140508  1  4728.57  260
Mg24 	22335.8 	0.403313  1  2518.88  2678
Mg24 	22335.8 	0.16411  1  4946.05  57
Mg24 	22335.8 	0.188061  1  -3897.64  9445
Mg24 	22335.8 	0.153192  1  4995.97  5
Mg24 	22335.8 	0.178478  1  1861.53  3216
Mg24 	22335.8 	0.135859  1  199.672  5033
Mg24 	22335.8 	0.283353  1  -3445.65  8762
Mg24 	22335.8 	0.227523  1  1465.68  3647
Mg24 	22335.8 	0.415705  1  714.785  4529
Mg24 	22335.8 	0.501194  1  1288.28  3819
Mg24 	22335.8 	0.158132  1  2338.58  2844
Mg24 	22335.8 	0.510439  1  2935.21  2202
Mg24 	22335.8 	0.167344  1  2136.4  3086
Mg24 	22335.8 	0.943948  1  -4120.42  9633
Mg24 	22335.8 	0.360011  1  3783.79  1281
Mg24 	22335.8 	0.141555  1  -1815.11  7217
Mg24 	22335.8 	0.201529  1  -377.323  5739
Mg24 	22335.8 	0.235245  1  496.465  4624
Mg24 	22335.8 	0.135741  1  -2749.82  8112
Mg24 	22335.8 	0.138297  1  3016  2012
Mg24 	22335.8 	0.267988  1  4031.7  951
Mg24 	22335.8 	0.225749  1  258.804  5102
Mg24 	22335.8 	0.14473  1  4604.45  437
Mg24 	22335.8 	0.195551  1  3936.16  1147
Mg24 	22335.8 	0.127431  1  1360.58  3805
Mg24 	22335.8 	0.128254  1  267.555  5067
Mg24 	22335.8 	0.602257  1  -3132.99  8410
Mg24 	22335.8 	0.153088  1  2241.73  2897
Mg24 	22335.8 	0.35299  1  777.323  4413
Mg24 	22335.8 	0.155865  1  -3601.41  8997
Mg24 	22335.8 	0.545219  1  579.966  4726
Mg24 	22335.8 	0.582989  1  1993.35  3118
Mg24 	22335.8 	0.183194  1  -3125.18  8645
Mg24 	22335.8 	0.343885  1  1197.39  3972
Mg24 	22335.8 	0.435008  1  88.6353  5140
Mg24 	22335.8 	0.263804  1  -440.52  5753
Mg24 	22335.8 	0.149055  1  3780.25  1323
Mg24 	22335.8 	0.18693  1  842.176  4350
Mg24 	22335.8 	0.705718  1  -3404.47  8826
Mg24 	22335.8 	0.141345  1  3261.33  1860
Mg24 	22335.8 	0.143794  1  -1173.62  6519
Mg24 	22335.8 	0.222936  1  -3719.6  9024
Mg24 	22335.8 	0.168236  1  2408.94  2749
Mg24 	22335.8 	0.567818  1  3282.83  1809
Mg24 	22335.8 	0.12907  1  1541.28  3787
Mg24 	22335.8 	0.148314  1  4904.49  101
Mg24 	22335.8 	0.186468  1  -3765.09  9285
Mg24 	22335.8 	0.20138  1  3699.56  1360
Mg24 	22335.8 	0.298651  1  1155.09  4027
Mg24 	22335.8 	0.203213  1  1389.79  3786
Mg24 	22335.8 	0.137738  1  -1111.7  6589
Mg24 	22335.8 	0.168285  1  1323.98  3888
Mg24 	22335.8 	0.159992  1  2926.52  2204
Mg24 	22335.8 	0.133779  1  4518.61  506
Mg24 	22335.8 	0.835405  1  1185.44  4070
Mg24 	22335.8 	0.251441  1  1498.3  3689
Mg24 	22335.8 	0.15791  1  -1124.89  6220
Mg24 	22335.8 	1.00915  1  -1365.72  6629
Mg24 	22335.8 	0.143348  1  2598.66  2600
Mg24 	22335.8 	0.145315  1  -1774.94  7111
Mg24 	22335.8 	0.168579  1  786.661  4477
Mg24 	22335.8 	0.287719  1  2523.81  2560
Mg24 	22335.8 	0.144252  1  -3943.92  9563
Mg24 	22335.8 	0.158565  1  3723.97  1341
Mg24 	22335.8 	0.165819  1  -22.0466  5276
Mg24 	22335.8 	0.161447  1  -3890.82  9336
Mg24 	22335.8 	0.377452  1  -159.712  5432
Mg24 	22335.8 	0.136673  1  -2398.79  7893
Mg24 	22335.8 	0.646538  1  4706.32  282
Mg24 	22335.8 	0.129763  1  4458.46  535
Mg24 	22335.8 	0.201738  1  2634.39  2401
Mg24 	22335.8 	0.192523  1  -1328.5  6677
Mg24 	22335.8 	0.137455  1  1343.38  3699
Mg24 	22335.8 	0.167583  1  3144.18  1890
Mg24 	22335.8 	0.158663  1  2321.09  2862
Mg24 	22335.8 	0.876787  1  3942.86  1057
Mg24 	22335.8 	0.131549  1  -3417.77  8842
Mg24 	22335.8 	0.219911  1  935.562  4366
Mg24 	22335.8 	0.411674  1  -30.538  5387
Mg24 	22335.8 	0.305724  1  -3217.63  8653
Mg24 	22335.8 	0.183453  1  -1068.91  6515
Mg24 	22335.8 	0.144989  1  3256.36  1858
Mg24 	22335.8 	0.445588  1  2199.95  3008
Mg24 	22335.8 	0.133301  1  -452.942  5817
Mg24 	22335.8 	0.181167  1  975.153  4083
Mg24 	22335.8 	0.317431  1  1656.4  3447
Mg24 	22335.8 	0.159622  1  360.678  4861
Mg24 	22335.8 	2.1333  1  -1403.06  6850
Mg24 	22335.8 	0.185953  1  3923.64  1102
Mg24 	22335.8 	0.26596  1  -3216.61  8607
Mg24 	22335.8 	0.145897  1  3386.24  1643
Mg24 	22335.8 	2.99314  1  3580.72  1558
Mg24 	22335.8 	0.249276  1  3751.62  1364
Mg24 	22335.8 	0.312303  1  -3024.1  8469
Mg24 	22335.8 	0.263949  1  -1425.63  6796
Mg24 	22335.8 	0.551914  1  -2217.45  7656
Mg24 	22335.8 	0.170288  1  3489.43  1544
Mg24 	22335.8 	0.165709  1  -2593.5  7866
Mg24 	22335.8 	0.127122  1  4052.69  936
Mg24 	22335.8 	0.136917  1  -1859.75  7080
Mg24 	22335.8 	0.681457  1  4088.41  949
Mg24 	22335.8 	0.211841  1  -4677.33  10151
Mg24 	22335.8 	0.132254  1  4851.98  166
Mg24 	22335.8 	0.197031  1  -1882.54  7182
Mg24 	22335.8 	0.27237  1  3348.92  1764
Mg24 	22335.8 	0.736963  1  1612.06  3497
Mg24 	22335.8 	0.185098  1  -1724.79  7064
Mg24 	22335.8 	0.152827  1  4914.36  95
Mg24 	22335.8 	0.544135  1  530.701  4819
Mg24 	22335.8 	0.184093  1  4893.46  104
Mg24 	22335.8 	0.130751  1  -3072.72  8478
Mg24 	22335.8 	0.127577  1  -4724.84  10331
Mg24 	22335.8 	0.254125  1  1968.33  3198
Mg24 	22335.8 	0.21541  1  3271.98  1881
Mg24 	22335.8 	0.354183  1  2081.65  3095
Mg24 	22335.8 	0.280008  1  1450.6  3752
Mg24 	22335.8 	0.231756  1  -4887.94  10443
Mg24 	22335.8 	0.475697  1  -3356.56  8807
Mg24 	22335.8 	0.137889  1  1335.96  3892
Mg24 	22335.8 	0.130951  1  3287.01  1889
Mg24 	22335.8 	0.263192  1  -3393.61  8886
Mg24 	22335.8 	0.150007  1  824.172  4347
Mg24 	22335.8 	0.282508  1  1125.12  3991
Mg24 	22335.8 	0.136437  1  -1899.43  7328
Mg24 	22335.8 	0.487055  1  -2450.35  7714
Mg24 	22335.8 	0.227114  1  2961.84  2083
Mg24 	22335.8 	0.283525  1  3651.65  1363
Mg24 	22335.8 	0.204102  1  -812.564  6127
Mg24 	22335.8 	0.189997  1  4382.88  634
Mg24 	22335.8 	0.311538  1  -97.7902  5400
Mg24 	22335.8 	0.80755  1  -2784.7  8238
Mg24 	22335.8 	0.186471  1  175.558  5029
Mg24 	22335.8 	0.130798  1  4628.59  402
Mg24 	22335.8 	0.289435  1  590.257  4574
Mg24 	22335.8 	0.142424  1  2437.78  2687
Mg24 	22335.8 	0.537547  1  -2765.44  8179
Mg24 	22335.8 	0.348584  1  -2314.6  7754
Mg24 	22335.8 	0.314159  1  353.492  4898
Mg24 	22335.8 	0.132381  1  -1331.79  6784
Mg24 	22335.8 	0.181601  1  1412.96  3751
Mg24 	22335.8 	0.129306  1  4710.72  283
Mg24 	22335.8 	0.300628  1  -2924.09  8436
Mg24 	22335.8 	0.157825  1  -1671.94  6930
Mg24 	22335.8 	0.172196  1  -2168.13  7675
Mg24 	22335.8 	0.151721  1  2996.57  2161
Mg24 	22335.8 	0.128518  1  -1167.34  6471
Mg24 	22335.8 	0.151162  1  -4028.92  9445
Mg24 	22335.8 	0.239562  1  587.359  4588
Mg24 	22335.8 	0.222045  1  -4517.57  9955
Mg24 	22335.8 	0.1853  1  2115.86  2958
Mg24 	22335.8 	1.42141  1  -1617.22  6974
Mg24 	22335.8 	0.329671  1  3704.72  1338
Mg24 	22335.8 	0.138132  1  4722  307
Mg24 	22335.8 	0.205768  1  4539.94  491
Mg24 	22335.8 	0.180062  1  40.898  5237
Mg24 	22335.8 	0.415692  1  -4621.92  10065
Mg24 	22335.8 	0.14501  1  2624.41  2456
Mg24 	22335.8 	0.269891  1  1112.17  4058
Mg24 	22335.8 	0.167119  1  -3550.86  8906
Mg24 	22335.8 	0.132294  1  1285.98  4021
Mg24 	22335.8 	0.133822  1  -4436.25  10132
Mg24 	22335.8 	0.255271  1  -4482.48  9773
Mg24 	22335.8 	0.143195  1  1605.73  3533
Mg24 	22335.8 	0.203205  1  1687.26  3432
Mg24 	22335.8 	0.259196  1  -2850.92  8232
Mg24 	22335.8 	0.128145  1  3622.26  1446
Mg24 	22335.8 	0.231995  1  -1082.34  6399
Mg24 	22335.8 	0.180336  1  561.937  4714
Mg24 	22335.8 	0.18867  1  383.075  4919
Mg24 	22335.8 	0.219464  1  -709.156  5976
Mg24 	22335.8 	0.131827  1  2915.89  2099
Mg24 	22335.8 	0.732791  1  -2048.71  7460
Mg24 	22335.8 	0.18092  1  4463.95  550
Mg24 	22335.8 	0.211256  1  -404.946  5764
Mg24 	22335.8 	0.346481  1  2437.69  2712
Mg24 	22335.8 	0.296093  1  -4691.29  10171
Mg24 	22335.8 	1.81905  1  53.7104  5351
Mg24 	22335.8 	0.204328  1  -2082.06  7270
Mg24 	22335.8 	0.146418  1  -1434.81  6773
Mg24 	22335.8 	0.176441  1  1899.47  3227
Mg24 	22335.8 	0.279737  1  -3975.49  9370
Mg24 	22335.8 	0.184044  1  -1782.41  7005
Mg24 	22335.8 	0.173597  1  -1881.91  7262
Mg24 	22335.8 	1.62129  1  512.71  4610
Mg24 	22335.8 	0.468177  1  4338.6  683
Mg24 	22335.8 	0.128804  1  -3170.68  8629
Mg24 	22335.8 	0.323926  1  4528.85  477
Mg24 	22335.8 	0.211385  1  1397.37  3865
Mg24 	22335.8 	0.610189  1  -1553.3  6970
Mg24 	22335.8 	0.126278  1  -4587.38  10193
Mg24 	22335.8 	0.164728  1  986.891  4195
Mg24 	22335.8 	0.263717  1  -2981.72  8245
Mg24 	22335.8 	0.262582  1  1032.18  4308
Mg24 	22335.8 	0.214554  1  -712.251  5869
Mg24 	22335.8 	0.277914  1  -560.069  5835
Mg24 	22335.8 	0.136095  1  3629.4  1430
Mg24 	22335.8 	0.297857  1  -2400.46  7724
Mg24 	22335.8 	0.223686  1  1756.34  3360
Mg24 	22335.8 	0.137197  1  -2640.03  8119
Mg24 	22335.8 	0.378284  1  1954.25  3188
Mg24 	22335.8 	0.139396  1  2884.12  2248
Mg24 	22335.8 	0.163221  1  3506.93  1572
Mg24 	22335.8 	0.312223  1  -3060.33  8335
Mg24 	22335.8 	0.769891  1  2886.32  2218
Mg24 	22335.8 	0.223673  1  -3824.94  9199
Mg24 	22335.8 	0.182449  1  -3471.94  8991
Mg24 	22335.8 	0.322244  1  4211.01  795
Mg24 	22335.8 	0.166479  1  -1694.77  7079
Mg24 	22335.8 	0.133768  1  1342.78  3827
Mg24 	22335.8 	0.132232  1  4386.93  677
Mg24 	22335.8 	0.288719  1  4318.7  782
Mg24 	22335.8 	0.129861  1  -2384.94  7716
Mg24 	22335.8 	0.202237  1  2400.08  2684
Mg24 	22335.8 	0.240497  1  -2785.27  8111
Mg24 	22335.8 	0.3383  1  -4662.78  10153
Mg24 	22335.8 	0.131755  1  2433.12  2669
Mg24 	22335.8 	0.156412  1  -106.017  5311
Mg24 	22335.8 	0.17083  1  1942.84  3272
Mg24 	22335.8 	0.158448  1  1476.54  3717
Mg24 	22335.8 	0.402474  1  895.712  4313
Mg24 	22335.8 	1.40422  1  3689.06  1452
Mg24 	22335.8 	0.53769  1  430.615  4700
Mg24 	22335.8 	0.262529  1  -1948.75  7222
Mg24 	22335.8 	0.197262  1  -4683.82  10119
Mg24 	22335.8 	0.261964  1  -4232.05  9846
Mg24 	22335.8 	0.154488  1  3498.1  1605
Mg24 	22335.8 	0.129325  1  1876.75  3310
Mg24 	22335.8 	0.290446  1  459.492  4765
Mg24 	22335.8 	0.198253  1  -784.993  6001
Mg24 	22335.8 	0.434416  1  4191.96  843
Mg24 	22335.8 	0.25932  1  -2802.19  8108
Mg24 	22335.8 	0.165739  1  4977.22  23
Mg24 	22335.8 	0.164174  1  2800.23  2337
Mg24 	22335.8 	0.158159  1  -1144.29  6397
Mg24 	22335.8 	0.126409  1  -1439.2  6722
Mg24 	22335.8 	0.242206  1  -1518.52  6794
Mg24 	22335.8 	0.495453  1  -3711.24  9139
Mg24 	22335.8 	0.482625  1  -2604.19  7873
Mg24 	22335.8 	0.207248  1  -3188.12  8702
Mg24 	22335.8 	0.3734  1  -147.511  5474
Mg24 	22335.8 	0.384636  1  965.517  4264
Mg24 	22335.8 	1.12308  1  -3070.65  8657
Mg24 	22335.8 	0.85933  1  3501.11  1547
Mg24 	22335.8 	0.168189  1  381.116  4866
Mg24 	22335.8 	0.175702  1  2106.5  3163
Mg24 	22335.8 	0.145697  1  3432.92  1657
Mg24 	22335.8 	0.825234  1  2417.59  2748
Mg24 	22335.8 	0.161753  1  -3467.25  8788
Mg24 	22335.8 	0.204244  1  4558.89  472
Mg24 	22335.8 	1.15698  1  -1698.58  7121
Mg24 	22335.8 	0.412728  1  1206.57  3953
Mg24 	22335.8 	0.168297  1  1272.29  3904
Mg24 	22335.8 	0.293476  1  4549.41  462
Mg24 	22335.8 	0.151843  1  -2444.88  7877
Mg24 	22335.8 	0.142594  1  -3022.88  8380
Mg24 	22335.8 	0.437031  1  643.753  4628
Mg24 	22335.8 	0.142478  1  -4850.07  10284
Mg24 	22335.8 	0.183463  1  755.415  4511
Mg24 	22335.8 	0.368673  1  -2176.81  7653
Mg24 	22335.8 	1.92415  1  362.33  5070
Mg24 	22335.8 	1.6003  1  -2131.83  7627
Mg24 	22335.8 	0.434661  1  3142.63  1988
Mg24 	22335.8 	0.82504  1  4413.59  595
Mg24 	22335.8 	0.505509  1  -1918.92  7301
Mg24 	22335.8 	0.231862  1  228.186  5027
Mg24 	22335.8 	0.37618  1  501.208  4743
Mg24 	22335.8 	0.13831  1  -4731.9  10293
Mg24 	22335.8 	0.142565  1  4704.3  305
Mg24 	22335.8 	0.148857  1  -1661.55  7012
Mg24 	22335.8 	0.135308  1  -4885.83  10469
Mg24 	22335.8 	0.194352  1  -4031.93  9536
Mg24 	22335.8 	0.801131  1  -2298.35  7687
Mg24 	22335.8 	0.364908  1  4612.94  448
Mg24 	22335.8 	0.370492  1  3837.09  1218
Mg24 	22335.8 	0.18853  1  -508.482  5848
Mg24 	22335.8 	0.188056  1  -3906.94  9450
Mg24 	22335.8 	0.271228  1  2808.14  2236
Mg24 	22335.8 	1.20294  1  1517.1  3652
Mg24 	22335.8 	0.292213  1  4361.07  665
Mg24 	22335.8 	0.217826  1  -3665.46  9186
Mg24 	22335.8 	0.146446  1  -1233.45  6481
Mg24 	22335.8 	0.212392  1  4979.65  19
Mg24 	22335.8 	0.175757  1  515.616  4741
Mg24 	22335.8 	0.445926  1  3993.11  1083
Mg24 	22335.8 	0.134935  1  1496.16  3655
Mg24 	22335.8 	0.127429  1  -3839.18  9381
Mg24 	22335.8 	0.235036  1  -389.953  5626
Mg24 	22335.8 	0.17255  1  -4534.64  9945
Mg24 	22335.8 	0.961362  1  3567.8  1432
Mg24 	22335.8 	0.135257  1  -2814.42  8153
Mg24 	22335.8 	0.142155  1  353.09  4871
Mg24 	22335.8 	0.135849  1  -4674.14  10097
Mg24 	22335.8 	0.271209  1  -1707.27  7047
Mg24 	22335.8 	0.140641  1  1874.77  3208
Mg24 	22335.8 	0.136431  1  2578.15  2567
Mg24 	22335.8 	0.201885  1  4130.45  934
Mg24 	22335.8 	0.320071  1  -887.311  6165
Mg24 	22335.8 	0.16059  1  -1431.75  6831
Mg24 	22335.8 	0.26966  1  -1922.16  7223
Mg24 	22335.8 	0.169446  1  -2110.4  7444
Mg24 	22335.8 	0.254381  1  -4392.55  9909
Mg24 	22335.8 	0.223438  1  3472.35  1584
Mg24 	22335.8 	0.509775  1  2140.73  3110
Mg24 	22335.8 	0.127318  1  -2341.49  7681
Mg24 	22335.8 	0.143445  1  -736.945  6028
Mg24 	22335.8 	0.204865  1  -2103.66  7332
Mg24 	22335.8 	0.21973  1  3966.82  1051
Mg24 	22335.8 	0.156421  1  3804.62  1279
Mg24 	22335.8 	2.82542  1  -1374.55  6715
Mg24 	22335.8 	0.435121  1  1057.21  4213
Mg24 	22335.8 	0.436735  1  -2356.07  7803
Mg24 	22335.8 	0.204003  1  -1829.6  7214
Mg24 	22335.8 	0.162321  1  -3731.44  9135
Mg24 	22335.8 	0.168314  1  462.151  4733
Mg24 	22335.8 	0.182935  1  4777.94  250
Mg24 	22335.8 	0.27835  1  3495.29  1565
Mg24 	22335.8 	0.208807  1  3770.34  1287
Mg24 	22335.8 	0.210487  1  -2402.1  7681
Mg24 	22335.8 	0.14498  1  -3087.04  8533
Mg24 	22335.8 	0.139644  1  -3016.89  8402
Mg24 	22335.8 	0.867654  1  1354.56  3958
Mg24 	22335.8 	0.392315  1  -1058.54  6322
Mg24 	22335.8 	0.298378  1  -1590.7  6995
Mg24 	22335.8 	0.280177  1  -4075.39  9779
Mg24 	22335.8 	0.36006  1  421.726  4931
Mg24 	22335.8 	0.135012  1  -1094.18  6519
Mg24 	22335.8 	0.142495  1  -3601.63  8974
Mg24 	22335.8 	0.244218  1  4054.14  1044
Mg24 	22335.8 	0.215531  1  -328.534  5645
Mg24 	22335.8 	0.345758  1  4315.29  691
Mg24 	22335.8 	0.221291  1  -1359.95  6844
Mg24 	22335.8 	0.178164  1  -4526.81  10061
Mg24 	22335.8 	0.132646  1  4870.3  147
Mg24 	22335.8 	0.130814  1  -3235.12  8593
Mg24 	22335.8 	0.157755  1  3117.98  1890
Mg24 	22335.8 	0.129389  1  878.065  4270
Mg24 	22335.8 	1.94801  1  1254.73  3891
Mg24 	22335.8 	0.551148  1  1858.11  3392
Mg24 	22335.8 	0.140306  1  -3339.94  8859
Mg24 	22335.8 	0.348373  1  -2024.86  7330
Mg24 	22335.8 	0.151221  1  2361.32  2732
Mg24 	22335.8 	0.151362  1  -1854.42  7120
Mg24 	22335.8 	0.271278  1  -3805.23  9218
Mg24 	22335.8 	0.146547  1  -4038.75  9759
Mg24 	22335.8 	0.260927  1  -3456.2  8846
Mg24 	22335.8 	0.170191  1  -3871.99  9283
Mg24 	22335.8 	0.128344  1  -1826.62  7253
Mg24 	22335.8 	0.385444  1  -3287.02  8597
Mg24 	22335.8 	0.141991  1  2172.73  2889
Mg24 	22335.8 	0.175399  1  4050.96  951
Mg24 	22335.8 	0.29476  1  31.1688  5161
Mg24 	22335.8 	0.175829  1  4249.58  789
Mg24 	22335.8 	0.418463  1  -524.961  5830
Mg24 	22335.8 	0.148358  1  -2890.1  8263
Mg24 	22335.8 	0.224699  1  -4859.71  10367
Mg24 	22335.8 	0.153984  1  -2086.6  7491
Mg24 	22335.8 	0.137122  1  500.596  4706
Mg24 	22335.8 	0.247877  1  -1714.47  7261
Mg24 	22335.8 	0.247302  1  -3013.84  8465
Mg24 	22335.8 	0.25249  1  1866.34  3397
Mg24 	22335.8 	0.22159  1  -2167.05  7526
Mg24 	22335.8 	0.692843  1  -1277.26  6646
Mg24 	22335.8 	0.145887  1  167.696  5097
Mg24 	22335.8 	0.131089  1  -3692.28  9096
Mg24 	22335.8 	1.09823  1  -1187.28  6568
Mg24 	22335.8 	0.211999  1  2358.49  2738
Mg24 	22335.8 	0.136618  1  2020.44  3190
Mg24 	22335.8 	0.48671  1  4383.33  606
Mg24 	22335.8 	0.144298  1  3782.63  1296
Mg24 	22335.8 	0.131046  1  -3532.82  9151
Mg24 	22335.8 	0.231477  1  -2447.61  7898
Mg24 	22335.8 	0.142494  1  -3680.77  9253
Mg24 	22335.8 	0.319663  1  -1216.41  6558
Mg24 	22335.8 	0.256846  1  -4308.18  9718
Mg24 	22335.8 	0.200625  1  -2569.99  8022
Mg24 	22335.8 	0.192617  1  -558.627  5910
Mg24 	22335.8 	0.328781  1  -1551.28  6957
Mg24 	22335.8 	0.127877  1  -3868.18  9415
Mg24 	22335.8 	0.218137  1  -3224.22  8629
Mg24 	22335.8 	0.638261  1  -1851.2  7260
Mg24 	22335.8 	0.307862  1  2116.59  3095
Mg24 	22335.8 	0.372517  1  1968.4  3180
Mg24 	22335.8 	0.486337  1  -3681.75  9252
Mg24 	22335.8 	0.335452  1  2952.14  2114
Mg24 	22335.8 	0.155654  1  -3553.86  8962
Mg24 	22335.8 	0.552707  1  -1958.96  7292
Mg24 	22335.8 	0.29769  1  -4850.81  10239
Mg24 	22335.8 	0.15494  1  4859.34  154
Mg24 	22335.8 	0.25738  1  3453.75  1616
Mg24 	22335.8 	0.14099  1  2496.05  2616
Mg24 	22335.8 	0.224539  1  2362.38  2807
Mg24 	22335.8 	0.129751  1  2123.33  3007
Mg24 	22335.8 	0.130417  1  3814.5  1253
Mg24 	22335.8 	0.258128  1  -1230.6  6559
Mg24 	22335.8 	0.484719  1  1159.55  3941
Mg24 	22335.8 	0.219441  1  -3181.95  8529
Mg24 	22335.8 	0.161776  1  -2406.88  7699
Mg24 	22335.8 	0.715568  1  -1176.85  6556
Mg24 	22335.8 	0.14157  1  -138.274  5440
Mg24 	22335.8 	0.330846  1  2002.09  3104
Mg24 	22335.8 	0.418378  1  -2308.71  7603
Mg24 	22335.8 	0.22816  1  3844.62  1195
Mg24 	22335.8 	0.147079  1  1811.54  3444
Mg24 	22335.8 	0.240842  1  4104.93  946
Mg24 	22335.8 	0.170148  1  4628.23  398
Mg24 	22335.8 	1.67042  1  -79.3546  5296
Mg24 	22335.8 	0.167685  1  -2451.12  7873
Mg24 	22335.8 	0.169245  1  -289.822  5513
Mg24 	22335.8 	0.135752  1  -1284.79  6623
Mg24 	22335.8 	0.369014  1  1859.4  3300
Mg24 	22335.8 	0.1541  1  3707.74  1408
Mg24 	22335.8 	0.301745  1  3772.77  1298
Mg24 	22335.8 	0.239199  1  -2430.17  7938
Mg24 	22335.8 	0.151452  1  -2532.24  7877
Mg24 	22335.8 	0.496469  1  -3479.02  8952
Mg24 	22335.8 	0.299921  1  -3054.59  8443
Mg24 	22335.8 	1.17238  1  1318.61  3923
Mg24 	22335.8 	0.237397  1  711.293  4498
Mg24 	22335.8 	0.14297  1  2403.16  2689
Mg24 	22335.8 	0.465431  1  -3729.06  9236
Mg24 	22335.8 	0.132436  1  -2507.51  7829
Mg24 	22335.8 	0.178912  1  -1971.85  7269
Mg24 	22335.8 	0.220668  1  2483.52  2582
Mg24 	22335.8 	0.128547  1  -680.39  6025
Mg24 	22335.8 	0.138913  1  -642.588  5922
Mg24 	22335.8 	0.29817  1  -2491.08  7972
Mg24 	22335.8 	0.541484  1  4055.1  1003
Mg24 	22335.8 	0.228373  1  4526.46  439
Mg24 	22335.8 	0.13668  1  1528.5  3645
Mg24 	22335.8 	0.630581  1  3436.52  1650
Mg24 	22335.8 	0.166251  1  3370.28  1749
Mg24 	22335.8 	0.264631  1  2536.01  2651
Mg24 	22335.8 	0.506941  1  4027.16  1060
Mg24 	22335.8 	0.482774  1  1097.28  4112
Mg24 	22335.8 	0.250818  1  -3644.95  9094
Mg24 	22335.8 	0.125884  1  -4750.12  10253
Mg24 	22335.8 	0.176104  1  -2342.66  7639
Mg24 	22335.8 	0.151048  1  2682.26  2462
Mg24 	22335.8 	0.342235  1  -2000.69  7609
Mg24 	22335.8 	0.463663  1  -105.419  5431
Mg24 	22335.8 	0.698276  1  2078.16  3077
Mg24 	22335.8 	0.176225  1  2845.66  2197
Mg24 	22335.8 	0.488216  1  -2408.61  7811
Mg24 	22335.8 	0.142398  1  -1790.21  7112
Mg24 	22335.8 	0.274368  1  -4658.95  10097
Mg24 	22335.8 	0.183908  1  3622.11  1458
Mg24 	22335.8 	0.488345  1  3924.52  1146
Mg24 	22335.8 	0.143514  1  -3341.07  8603
Mg24 	22335.8 	0.176178  1  -2546.41  7931
Mg24 	22335.8 	0.488676  1  2197.03  2969
Mg24 	22335.8 	0.166471  1  -4870.27  10532
Mg24 	22335.8 	0.186167  1  -3654.64  9135
Mg24 	22335.8 	0.231346  1  -627.74  5896
Mg24 	22335.8 	0.331471  1  -955.564  6249
Mg24 	22335.8 	0.250582  1  -4017.17  9461
Mg24 	22335.8 	0.183856  1  3510.61  1562
Mg24 	22335.8 	0.141517  1  2598.21  2500
Mg24 	22335.8 	0.612525  1  -3625.76  9138
Mg24 	22335.8 	0.241446  1  1277.11  3901
Mg24 	22335.8 	0.162749  1  1772.22  3400
Mg24 	22335.8 	0.151604  1  -192.912  5452
Mg24 	22335.8 	0.248756  1  -2116.14  7500
Mg24 	22335.8 	0.165662  1  1929.83  3235
Mg24 	22335.8 	0.135561  1  -2297.65  7771
Mg24 	22335.8 	1.43693  1  3029.96  2102
Mg24 	22335.8 	0.255266  1  3070.85  2003
Mg24 	22335.8 	0.127049  1  3892.3  1201
Mg24 	22335.8 	0.142549  1  3394.3  1719
Mg24 	22335.8 	0.174349  1  -1936.14  7271
Mg24 	22335.8 	0.220528  1  -2507.49  8114
Mg24 	22335.8 	0.127811  1  2162.07  2980
Mg24 	22335.8 	0.130336  1  -3031.78  8353
Mg24 	22335.8 	0.258351  1  -4318.59  9942
Mg24 	22335.8 	0.134608  1  -1950.38  7416
Mg24 	22335.8 	0.400776  1  -802.599  6190
Mg24 	22335.8 	0.855259  1  1963.14  3276
Mg24 	22335.8 	0.135044  1  1003.88  4236
Mg24 	22335.8 	0.134243  1  -1166.35  6439
Mg24 	22335.8 	0.14874  1  -1281.14  6518
Mg24 	22335.8 	0.167623  1  -1154.53  6530
Mg24 	22335.8 	0.199521  1  4315.71  711
Mg24 	22335.8 	0.133438  1  -4914.06  10550
Mg24 	22335.8 	0.196952  1  3616.25  1407
Mg24 	22335.8 	0.497192  1  1199.15  3996
Mg24 	22335.8 	0.486656  1  -604.128  5854
Mg24 	22335.8 	0.126215  1  -570.204  5847
Mg24 	22335.8 	0.172643  1  4345.12  686
Mg24 	22335.8 	0.485303  1  -4196.75  9639
Mg24 	22335.8 	0.193744  1  4629.31  396
Mg24 	22335.8 	0.193945  1  3615.42  1465
Mg24 	22335.8 	0.562757  1  3326.43  1802
Mg24 	22335.8 	0.130363  1  -3909.48  9424
Mg24 	22335.8 	0.189634  1  -3099.85  8441
Mg24 	22335.8 	0.127413  1  -2521.53  7887
Mg24 	22335.8 	3.4509  1  4232.45  804
Mg24 	22335.8 	0.166788  1  -3760.4  9206
Mg24 	22335.8 	0.220478  1  2941.96  2169
Mg24 	22335.8 	0.465013  1  1626.41  3489
Mg24 	22335.8 	0.211075  1  -336.179  5632
Mg24 	22335.8 	0.152484  1  -1797.93  7071
Mg24 	22335.8 	0.182591  1  -467.308  5711
Mg24 	22335.8 	0.214558  1  -1355.78  6671
Mg24 	22335.8 	0.850999  1  1515.2  3682
Mg24 	22335.8 	0.982124  1  -2782.86  8439
Mg24 	22335.8 	0.127619  1  3542.66  1505
Mg24 	22335.8 	0.30974  1  -3105.84  8657
Mg24 	22335.8 	0.477679  1  -4734.67  10394
Mg24 	22335.8 	0.225578  1  2409.2  2815
Mg24 	22335.8 	0.131398  1  -4004.81  9426
Mg24 	22335.8 	2.521  1  -253.7  5540
Mg24 	22335.8 	0.328194  1  -2649.29  8030
Mg24 	22335.8 	0.136549  1  -3867.28  9122
Mg24 	22335.8 	0.234736  1  2262.31  2827
Mg24 	22335.8 	0.15106  1  -1281.5  6562
Mg24 	22335.8 	0.211888  1  4693.31  325
Mg24 	22335.8 	0.134491  1  -2849.92  8344
Mg24 	22335.8 	0.329428  1  4864.33  164
Mg24 	22335.8 	0.126663  1  3489.8  1585
Mg24 	22335.8 	0.168409  1  1014.39  4299
Mg24 	22335.8 	0.226076  1  1960.55  3276
Mg24 	22335.8 	0.140958  1  -4300.69  9839
Mg24 	22335.8 	0.420114  1  3565.38  1567
Mg24 	22335.8 	0.190459  1  -4035.45  9499
Mg24 	22335.8 	0.1617  1  2949.26  2140
Mg24 	22335.8 	0.142219  1  1305.54  3919
Mg24 	22335.8 	0.865196  1  1389.68  3844
Mg24 	22335.8 	0.228759  1  -1479.28  6698
Mg24 	22335.8 	0.172927  1  3805.01  1257
Mg24 	22335.8 	0.16625  1  -2063.1  7472
Mg24 	22335.8 	0.289533  1  -4120.32  9765
Mg24 	22335.8 	0.139763  1  -953.769  6269
Mg24 	22335.8 	0.166878  1  1074.7  4151
Mg24 	22335.8 	0.128511  1  1507.03  3623
Mg24 	22335.8 	0.554994  1  -2729.31  8028
Mg24 	22335.8 	3.03239  1  1789.78  3478
Mg24 	22335.8 	0.511119  1  780.767  4377
Mg24 	22335.8 	0.482482  1  2491.42  2618
Mg24 	22335.8 	0.149643  1  -3771.36  9082
Mg24 	22335.8 	0.142626  1  2264.89  2855
Mg24 	22335.8 	0.243292  1  1069.35  4218
Mg24 	22335.8 	0.216727  1  631.424  4594
Mg24 	22335.8 	0.156988  1  -1926.68  7314
Mg24 	22335.8 	1.21474  1  -1226.9  6674
Mg24 	22335.8 	0.373302  1  324.372  4920
Mg24 	22335.8 	0.401312  1  4027.88  1048
Mg24 	22335.8 	0.444464  1  -2277.69  7544
Mg24 	22335.8 	0.838556  1  3004.25  2153
Mg24 	22335.8 	0.226731  1  -811.46  6022
Mg24 	22335.8 	0.602615  1  -4878.72  10504
Mg24 	22335.8 	0.619371  1  3206.04  1908
Mg24 	22335.8 	0.164987  1  -4084.41  9488
Mg24 	22335.8 	0.200098  1  -2812.64  8127
Mg24 	22335.8 	0.164876  1  -4441.77  9816
Mg24 	22335.8 	0.139225  1  -3738.27  9187
Mg24 	22335.8 	0.151002  1  -137.481  5395
Mg24 	22335.8 	0.130778  1  2907.05  2283
Mg24 	22335.8 	0.152927  1  -32.9057  5222
Mg24 	22335.8 	0.133773  1  -4092.68  9665
Mg24 	22335.8 	0.29998  1  -2453.71  7687
Mg24 	22335.8 	0.166676  1  -2168.58  7511
Mg24 	22335.8 	0.198457  1  1525.09  3562
Mg24 	22335.8 	0.133803  1  -3404.31  8682
Mg24 	22335.8 	0.135684  1  -2777.78  8326
Mg24 	22335.8 	0.129772  1  2503.1  2567
Mg24 	22335.8 	0.21675  1  -2306.47  7662
Mg24 	22335.8 	0.4336  1  -4011.17  9434
Mg24 	22335.8 	0.125729  1  -4514.81  9930
Mg24 	22335.8 	0.156578  1  -1734.82  7180
Mg24 	22335.8 	0.192347  1  -2086.3  7469
Mg24 	22335.8 	0.127108  1  1996.82  3160
Mg24 	22335.8 	0.159703  1  3530.8  1556
Mg24 	22335.8 	0.233633  1  3972.56  1087
Mg24 	22335.8 	0.159786  1  3452.07  1635
Mg24 	22335.8 	0.27748  1  2329.98  2800
Mg24 	22335.8 	0.224218  1  4953.73  49
Mg24 	22335.8 	0.156477  1  1197.87  4033
Mg24 	22335.8 	0.218458  1  2620.51  2537
Mg24 	22335.8 	0.262724  1  -4448.63  9959
Mg24 	22335.8 	0.415625  1  -4127.71  9568
Mg24 	22335.8 	0.293624  1  -850.153  6083
Mg24 	22335.8 	0.256681  1  -4402.22  9876
Mg24 	22335.8 	0.805842  1  -4511.71  9986
Mg24 	22335.8 	0.215835  1  -1208.93  6623
Mg24 	22335.8 	0.907674  1  932.697  4143
Mg24 	22335.8 	0.166202  1  1488.06  3626
Mg24 	22335.8 	0.389824  1  -1811.2  7200
Mg24 	22335.8 	0.229608  1  -769.283  6149
Mg24 	22335.8 	0.12645  1  4900.62  90
Mg24 	22335.8 	0.253809  1  -302.569  5552
Mg24 	22335.8 	0.278315  1  2902.88  2156
Mg24 	22335.8 	0.170203  1  -2498.83  7870
Mg24 	22335.8 	0.520037  1  -3940.89  9339
Mg24 	22335.8 	0.728017  1  -593.562  5926
Mg24 	22335.8 	0.180957  1  -4266.58  9453
Mg24 	22335.8 	0.192759  1  -3558.67  8895
Mg24 	22335.8 	0.136414  1  4395.07  666
Mg24 	22335.8 	0.232251  1  138.428  4963
Mg24 	22335.8 	0.20211  1  -4618.76  10204
Mg24 	22335.8 	0.73661  1  4265.12  797
Mg24 	22335.8 	0.134078  1  -2387.63  7944
Mg24 	22335.8 	0.31138  1  -1014.75  6387
Mg24 	22335.8 	0.164491  1  3384.39  1721
Mg24 	22335.8 	0.182835  1  -1468.76  6995
Mg24 	22335.8 	0.252918  1  -2560.35  7952
Mg24 	22335.8 	0.147819  1  3404.11  1596
Mg24 	22335.8 	0.266101  1  4689.72  351
Mg24 	22335.8 	0.268032  1  -3739.49  9149
Mg24 	22335.8 	0.213059  1  -3609.16  9011
Mg24 	22335.8 	0.175214  1  -3310.14  8855
Mg24 	22335.8 	0.255695  1  1644.21  3526
Mg24 	22335.8 	0.361972  1  -554.573  5917
Mg24 	22335.8 	0.155738  1  4483.34  516
Mg24 	22335.8 	0.239045  1  3313.43  1816
Mg24 	22335.8 	0.18554  1  4191.73  876
Mg24 	22335.8 	0.132321  1  -2181.33  7533
Mg24 	22335.8 	0.961065  1  -3824.22  9375
Mg24 	22335.8 	0.125756  1  -4310.87  9730
Mg24 	22335.8 	0.147258  1  -577.869  6004
Mg24 	22335.8 	0.147395  1  -3184.51  8628
Mg24 	22335.8 	0.344618  1  -2059.33  7314
Mg24 	22335.8 	0.33479  1  -2443.17  7889
Mg24 	22335.8 	0.139058  1  3126.23  2013
Mg24 	22335.8 	0.18047  1  3414.4  1708
Mg24 	22335.8 	0.158857  1  1951.13  3199
Mg24 	22335.8 	0.126555  1  19.075  5204
Mg24 	22335.8 	0.163325  1  3976.21  1086
Mg24 	22335.8 	0.205941  1  -4916.85  10444
Mg24 	22335.8 	0.164088  1  3836.3  1238
Mg24 	22335.8 	0.210137  1  -3119.08  8488
Mg24 	22335.8 	0.255367  1  -3373.16  8765
Mg24 	22335.8 	0.239459  1  694.492  4558
Mg24 	22335.8 	0.223571  1  4915.29  98
Mg24 	22335.8 	0.226841  1  1212.09  3942
Mg24 	22335.8 	0.159622  1  3521.01  1554
Mg24 	22335.8 	0.203471  1  125.748  5044
Mg24 	22335.8 	0.784268  1  -1053.48  6411
Mg24 	22335.8 	0.17274  1  -2971.8  8511
Mg24 	22335.8 	0.360478  1  -786.017  6077
Mg24 	22335.8 	0.18071  1  -4553.78  10284
Mg24 	22335.8 	0.257017  1  3598.42  1531
Mg24 	22335.8 	0.184575  1  3694.7  1336
Mg24 	22335.8 	0.152342  1  -2443.3  7822
Mg24 	22335.8 	1.51424  1  -3012.26  8414
Mg24 	22335.8 	0.148193  1  4616.68  391
Mg24 	22335.8 	0.324503  1  4734.87  304
Mg24 	22335.8 	0.145413  1  1404.3  3687
Mg24 	22335.8 	0.369726  1  -4003.02  9277
Mg24 	22335.8 	0.186961  1  4084.98  966
Mg24 	22335.8 	0.247808  1  3943.97  1087
Mg24 	22335.8 	0.180676  1  2982.37  2137
Mg24 	22335.8 	0.161829  1  -1305.66  6635
Mg24 	22335.8 	0.234435  1  2003.87  3139
Mg24 	22335.8 	0.166696  1  -2413.75  7772
Mg24 	22335.8 	0.128628  1  -632.592  5945
Mg24 	22335.8 	1.17723  1  1460.13  3702
Mg24 	22335.8 	0.671641  1  -1867.9  7421
Mg24 	22335.8 	0.755591  1  2134.77  2970
Mg24 	22335.8 	0.243864  1  -2960.51  8232
Mg24 	22335.8 	1.33819  1  -228.632  5569
Mg24 	22335.8 	0.126416  1  3502.17  1517
Mg24 	22335.8 	0.250533  1  4690.08  305
Mg24 	22335.8 	0.176578  1  -2122.34  7544
Mg24 	22335.8 	0.129013  1  -1013.99  6328
Mg24 	22335.8 	1.03176  1  -1117.87  6439
Mg24 	22335.8 	0.55936  1  1479.79  3686
Mg24 	22335.8 	0.15762  1  -3624.28  8950
Mg24 	22335.8 	0.162127  1  659.719  4690
Mg24 	22335.8 	1.34185  1  4105.6  931
Mg24 	22335.8 	0.715327  1  1830.93  3294
Mg24 	22335.8 	0.136414  1  -1398.96  6799
Mg24 	22335.8 	0.167284  1  -717.269  6085
Mg24 	22335.8 	0.137818  1  -434.117  5676
Mg24 	22335.8 	0.140459  1  1809.61  3369
Mg24 	22335.8 	0.594799  1  -3009.93  8464
Mg24 	22335.8 	0.336762  1  -2681.84  8126
Mg24 	22335.8 	0.137185  1  -3731.33  9164
Mg24 	22335.8 	0.137126  1  -1448.62  6698
Mg24 	22335.8 	0.244712  1  4655.43  379
Mg24 	22335.8 	0.13587  1  848.765  4442
Mg24 	22335.8 	0.223838  1  2062.61  3039
Mg24 	22335.8 	0.302825  1  -1587.75  6868
Mg24 	22335.8 	0.29109  1  4849.82  171
Mg24 	22335.8 	0.140952  1  1431.96  3817
Mg24 	22335.8 	0.203839  1  366.48  4904
Mg24 	22335.8 	0.13126  1  -3817.57  9288
Mg24 	22335.8 	0.132048  1  -474.486  5624
Mg24 	22335.8 	0.156397  1  -390.38  5486
Mg24 	22335.8 	0.236011  1  670.988  4460
Mg24 	22335.8 	0.256715  1  1849.08  3245
Mg24 	22335.8 	0.922578  1  -2296.54  7687
Mg24 	22335.8 	0.215094  1  3464.27  1628
Mg24 	22335.8 	0.159199  1  173.689  5089
Mg24 	22335.8 	0.205998  1  1955.88  3181
Mg24 	22335.8 	0.280269  1  513.059  4635
Mg24 	22335.8 	0.773988  1  -884.718  6229
Mg24 	22335.8 	0.328861  1  -3092.35  8548
Mg24 	22335.8 	0.27659  1  1495.44  3765
Mg24 	22335.8 	0.345183  1  2014.52  3187
Mg24 	22335.8 	2.66204  1  -3971.42  9490
Mg24 	22335.8 	0.587442  1  -1290.93  6658
Mg24 	22335.8 	0.493901  1  -2015.31  7419
Mg24 	22335.8 	0.154834  1  21.2761  5274
Mg24 	22335.8 	1.03084  1  -4894.35  10273
Mg24 	22335.8 	4.19459  1  2161.62  2951
Mg24 	22335.8 	0.135303  1  -2996.07  8529
Mg24 	22335.8 	0.141807  1  532.637  4743
Mg24 	22335.8 	0.168022  1  -2427.21  7836
Mg24 	22335.8 	0.259454  1  2714.89  2431
Mg24 	22335.8 	0.33539  1  -3040.28  8479
Mg24 	22335.8 	0.251882  1  -3145.95  8595
Mg24 	22335.8 	0.393237  1  -3738.34  9314
Mg24 	22335.8 	0.126764  1  3361.27  1723
Mg24 	22335.8 	0.132765  1  -2040.97  7401
Mg24 	22335.8 	0.172915  1  -742.671  6029
Mg24 	22335.8 	0.84303  1  3625.29  1481
Mg24 	22335.8 	0.129621  1  -1162.04  6357
Mg24 	22335.8 	0.317204  1  -3263.18  8619
Mg24 	22335.8 	0.138498  1  -1986.4  7469
Mg24 	22335.8 	0.145631  1  504.69  4617
Mg24 	22335.8 	0.40358  1  3740.18  1330
Mg24 	22335.8 	0.241499  1  1719.5  3366
Mg24 	22335.8 	0.149707  1  1024.39  4262
Mg24 	22335.8 	0.156833  1  -2220.28  7650
