Mg24 	22335.8 	0.209269  1  -655.398  5941
Mg24 	22335.8 	0.216062  1  -704.212  6079
Mg24 	22335.8 	0.137451  1  4563.25  492
Mg24 	22335.8 	0.220862  1  1589.71  3719
Mg24 	22335.8 	0.17208  1  -4638.99  9886
Mg24 	22335.8 	1.34997  1  -504.909  5823
Mg24 	22335.8 	0.133964  1  -2505.86  7869
Mg24 	22335.8 	0.167221  1  4345.71  699
Mg24 	22335.8 	0.190556  1  2415.91  2780
Mg24 	22335.8 	0.59035  1  -2432.96  7732
Mg24 	22335.8 	0.141321  1  -3930.34  9465
Mg24 	22335.8 	0.154159  1  -4291  9827
Mg24 	22335.8 	0.316243  1  3192.83  1995
Mg24 	22335.8 	0.150009  1  -3956.72  9402
Mg24 	22335.8 	0.195365  1  320.357  4862
Mg24 	22335.8 	0.425146  1  -4465.57  9963
Mg24 	22335.8 	0.200001  1  -3312.37  8648
Mg24 	22335.8 	0.19561  1  -2287.53  7660
Mg24 	22335.8 	0.312337  1  3463.85  1636
Mg24 	22335.8 	0.402444  1  -2803.78  7951
Mg24 	22335.8 	0.236765  1  1190.63  3982
Mg24 	22335.8 	0.159413  1  -4968.22  10500
Mg24 	22335.8 	0.193564  1  -831.831  6056
Mg24 	22335.8 	0.130023  1  -2293.17  7546
Mg24 	22335.8 	0.205959  1  -98.9494  5371
Mg24 	22335.8 	0.13914  1  3812.47  1285
Mg24 	22335.8 	0.168597  1  3662.88  1447
Mg24 	22335.8 	0.146837  1  4149.65  862
Mg24 	22335.8 	0.270559  1  -4517.66  9957
Mg24 	22335.8 	0.164357  1  2885.03  2155
Mg24 	22335.8 	0.17906  1  -1392.13  6724
Mg24 	22335.8 	0.290442  1  3353.13  1648
Mg24 	22335.8 	0.225749  1  -2569.87  7962
Mg24 	22335.8 	0.389382  1  1852.5  3324
Mg24 	22335.8 	0.136161  1  -4205.59  9839
Mg24 	22335.8 	0.129564  1  696.646  4576
Mg24 	22335.8 	0.154444  1  4862.69  140
Mg24 	22335.8 	0.13004  1  2125.9  2926
Mg24 	22335.8 	0.13171  1  4604.42  463
Mg24 	22335.8 	0.127856  1  -1288.55  6624
Mg24 	22335.8 	0.137386  1  1958.56  3124
Mg24 	22335.8 	0.217194  1  -2243.81  7692
Mg24 	22335.8 	0.177629  1  2830.65  2213
Mg24 	22335.8 	0.182265  1  -4362.02  9826
Mg24 	22335.8 	0.19291  1  2306.64  2791
Mg24 	22335.8 	0.507852  1  -386.523  5639
Mg24 	22335.8 	0.567079  1  -676.347  5944
Mg24 	22335.8 	0.148817  1  -406.951  5698
Mg24 	22335.8 	0.220986  1  -1685.25  6897
Mg24 	22335.8 	0.276293  1  -2180.89  7426
Mg24 	22335.8 	0.133855  1  -1188.51  6440
Mg24 	22335.8 	0.238647  1  2768.77  2332
Mg24 	22335.8 	0.129443  1  -7.94434  5291
Mg24 	22335.8 	0.418323  1  -1328.32  6737
Mg24 	22335.8 	0.277678  1  3876.61  1188
Mg24 	22335.8 	0.281178  1  -394.736  5772
Mg24 	22335.8 	0.127131  1  -4792.6  10161
Mg24 	22335.8 	0.678551  1  4670.79  356
Mg24 	22335.8 	0.186219  1  2524.8  2565
Mg24 	22335.8 	0.331655  1  717.342  4379
Mg24 	22335.8 	0.133067  1  -2519.58  7763
Mg24 	22335.8 	0.393327  1  -546.031  5684
Mg24 	22335.8 	0.206804  1  -4742.84  10277
Mg24 	22335.8 	0.14365  1  -1119.58  6532
Mg24 	22335.8 	0.147619  1  -4008.26  9616
Mg24 	22335.8 	0.203648  1  -4769.15  10414
Mg24 	22335.8 	0.199679  1  -4822.81  10464
Mg24 	22335.8 	0.135503  1  436.212  4642
Mg24 	22335.8 	0.349262  1  -3625.67  8956
Mg24 	22335.8 	0.259119  1  -4753.55  10116
Mg24 	22335.8 	0.126766  1  -422.351  5634
Mg24 	22335.8 	0.185352  1  2384.71  2681
Mg24 	22335.8 	0.155791  1  -4608.44  10126
Mg24 	22335.8 	0.2114  1  2884.39  2191
Mg24 	22335.8 	0.382125  1  2429.34  2706
Mg24 	22335.8 	0.577601  1  -2546.56  7877
Mg24 	22335.8 	5.67773  1  3450.96  1642
Mg24 	22335.8 	0.824421  1  4516.02  519
Mg24 	22335.8 	0.313046  1  -3417.73  8929
Mg24 	22335.8 	0.174404  1  4919.27  84
Mg24 	22335.8 	0.147293  1  2034.64  3043
Mg24 	22335.8 	0.292634  1  2369.09  2728
Mg24 	22335.8 	0.153968  1  3413.31  1613
Mg24 	22335.8 	0.152126  1  -512.051  5647
Mg24 	22335.8 	0.275264  1  -2165.8  7406
Mg24 	22335.8 	0.141874  1  2648.51  2453
Mg24 	22335.8 	0.390672  1  1887.23  3312
Mg24 	22335.8 	0.287389  1  -2851.77  8362
Mg24 	22335.8 	0.185255  1  3094.11  1927
Mg24 	22335.8 	0.298067  1  2035.22  3124
Mg24 	22335.8 	0.168644  1  -1943.54  7214
Mg24 	22335.8 	0.165524  1  684.843  4425
Mg24 	22335.8 	0.153852  1  2363.38  2648
Mg24 	22335.8 	0.168986  1  1656.82  3475
Mg24 	22335.8 	0.137602  1  2631.45  2444
Mg24 	22335.8 	0.434933  1  -2133.1  7482
Mg24 	22335.8 	0.149228  1  3405.72  1688
Mg24 	22335.8 	0.192417  1  -2836.37  8258
Mg24 	22335.8 	0.125817  1  2296.4  2805
Mg24 	22335.8 	0.135807  1  4162.37  907
Mg24 	22335.8 	0.459491  1  -540.934  5876
Mg24 	22335.8 	0.225955  1  -2196.36  7566
Mg24 	22335.8 	0.138538  1  28.5042  5267
Mg24 	22335.8 	0.301534  1  -931.228  6180
Mg24 	22335.8 	0.358464  1  4291.02  731
Mg24 	22335.8 	0.186036  1  -949.774  6144
Mg24 	22335.8 	0.168845  1  -2624.27  7898
Mg24 	22335.8 	0.253513  1  1625.89  3488
Mg24 	22335.8 	0.346218  1  1328.65  3837
Mg24 	22335.8 	0.188557  1  111.443  5164
Mg24 	22335.8 	0.18246  1  -4703.15  10091
Mg24 	22335.8 	0.866163  1  1623.34  3601
Mg24 	22335.8 	0.195632  1  -4427.2  9910
Mg24 	22335.8 	0.377025  1  3509.14  1483
Mg24 	22335.8 	0.137617  1  -3998.08  9379
Mg24 	22335.8 	0.155601  1  660.303  4567
Mg24 	22335.8 	0.299239  1  -2887  8109
Mg24 	22335.8 	0.175029  1  -4632.99  9992
Mg24 	22335.8 	0.129471  1  -2951.53  8133
Mg24 	22335.8 	0.396752  1  -966.976  6151
Mg24 	22335.8 	0.755501  1  -1370.54  6706
Mg24 	22335.8 	0.790179  1  3555.91  1544
Mg24 	22335.8 	0.158865  1  877.506  4305
Mg24 	22335.8 	1.12579  1  656.829  4553
Mg24 	22335.8 	0.540776  1  4315.83  666
Mg24 	22335.8 	0.126727  1  3107.88  1920
Mg24 	22335.8 	0.180623  1  3381.8  1679
Mg24 	22335.8 	0.179029  1  -3018.09  8612
Mg24 	22335.8 	0.26388  1  2109.98  3085
Mg24 	22335.8 	0.32662  1  3123.28  1925
Mg24 	22335.8 	0.173294  1  3329.77  1762
Mg24 	22335.8 	0.337326  1  -1497.88  6739
Mg24 	22335.8 	0.200076  1  -1732.12  7041
Mg24 	22335.8 	0.186946  1  255.385  5029
Mg24 	22335.8 	0.225764  1  -111.148  5320
Mg24 	22335.8 	0.176602  1  1862.12  3340
Mg24 	22335.8 	0.232078  1  -2730.46  8152
Mg24 	22335.8 	0.317313  1  -3815.71  9065
Mg24 	22335.8 	0.331365  1  -826.751  6141
Mg24 	22335.8 	0.126952  1  1377.88  3817
Mg24 	22335.8 	0.125704  1  -156.046  5520
Mg24 	22335.8 	0.16559  1  -2442.49  7781
Mg24 	22335.8 	0.191433  1  -3926.66  9167
Mg24 	22335.8 	0.62087  1  -3303.81  8547
Mg24 	22335.8 	0.191538  1  677.288  4497
Mg24 	22335.8 	0.44227  1  -4935.54  10514
Mg24 	22335.8 	0.137842  1  1347.01  3847
Mg24 	22335.8 	0.149109  1  4323.12  669
Mg24 	22335.8 	0.155192  1  3516.4  1517
Mg24 	22335.8 	0.126875  1  177.134  5022
Mg24 	22335.8 	0.190495  1  4082.33  945
Mg24 	22335.8 	0.198139  1  -4414.69  9838
Mg24 	22335.8 	0.144668  1  -4228.24  9705
Mg24 	22335.8 	0.194758  1  -4596.85  10035
Mg24 	22335.8 	0.156795  1  -4641.65  10035
Mg24 	22335.8 	0.504416  1  1226.45  4021
Mg24 	22335.8 	0.168219  1  1325.1  3851
Mg24 	22335.8 	0.138619  1  -2141.05  7622
Mg24 	22335.8 	0.648079  1  2662.39  2474
Mg24 	22335.8 	0.148941  1  1335.71  3794
Mg24 	22335.8 	0.126417  1  2426.35  2711
Mg24 	22335.8 	0.306195  1  2506.86  2591
Mg24 	22335.8 	0.134814  1  -1866.57  7195
Mg24 	22335.8 	0.130434  1  -4033.3  9481
Mg24 	22335.8 	0.521715  1  -3969.46  9477
Mg24 	22335.8 	0.137558  1  3048.16  2026
Mg24 	22335.8 	0.178539  1  2331.79  2784
Mg24 	22335.8 	0.242186  1  -193.693  5396
Mg24 	22335.8 	1.28741  1  1443.78  3649
Mg24 	22335.8 	0.490897  1  1821.49  3295
Mg24 	22335.8 	0.446902  1  -4660.07  10175
Mg24 	22335.8 	0.337456  1  1009.84  4252
Mg24 	22335.8 	0.135764  1  -1072.01  6560
Mg24 	22335.8 	0.253977  1  -3005.78  8328
Mg24 	22335.8 	0.254703  1  4272.83  788
Mg24 	22335.8 	0.306784  1  2968.56  2137
Mg24 	22335.8 	0.179976  1  1714.12  3453
Mg24 	22335.8 	0.368224  1  2556.03  2579
Mg24 	22335.8 	0.209925  1  94.944  5112
Mg24 	22335.8 	0.154102  1  2411.54  2820
Mg24 	22335.8 	0.452883  1  1433.07  3789
Mg24 	22335.8 	0.381765  1  -1878.34  7162
Mg24 	22335.8 	0.347879  1  4857.9  144
Mg24 	22335.8 	0.144808  1  -2932.01  8220
Mg24 	22335.8 	0.15609  1  -3747.14  9077
Mg24 	22335.8 	0.155263  1  -1045.89  6467
Mg24 	22335.8 	0.266429  1  -2080.9  7435
Mg24 	22335.8 	0.241465  1  -1590.97  6773
Mg24 	22335.8 	0.703171  1  931.484  4116
Mg24 	22335.8 	0.127005  1  -2710.15  8059
Mg24 	22335.8 	0.297317  1  2745.41  2434
Mg24 	22335.8 	0.482522  1  1967.54  3186
Mg24 	22335.8 	0.389819  1  -1705.97  6969
Mg24 	22335.8 	0.265339  1  1001.55  4132
Mg24 	22335.8 	0.278645  1  -1710.46  6963
Mg24 	22335.8 	0.345325  1  649.674  4587
Mg24 	22335.8 	0.247984  1  -402.177  5594
Mg24 	22335.8 	0.21983  1  124.561  5108
Mg24 	22335.8 	0.261623  1  1287.97  3927
Mg24 	22335.8 	0.134663  1  -1278.46  6546
Mg24 	22335.8 	0.282831  1  3608.73  1403
Mg24 	22335.8 	0.298955  1  -1832.99  7092
Mg24 	22335.8 	0.244724  1  3154.29  1913
Mg24 	22335.8 	0.158392  1  -1983.57  7328
Mg24 	22335.8 	0.250542  1  -3409.91  8874
Mg24 	22335.8 	0.158382  1  -2449.99  7755
Mg24 	22335.8 	0.415207  1  -428.46  5648
Mg24 	22335.8 	0.167254  1  4212.46  791
Mg24 	22335.8 	0.1882  1  3220.26  1868
Mg24 	22335.8 	0.139171  1  -1508.28  6763
Mg24 	22335.8 	0.264349  1  -3221.22  8498
Mg24 	22335.8 	0.138376  1  -625.762  5948
Mg24 	22335.8 	0.252431  1  3657.27  1377
Mg24 	22335.8 	0.712143  1  -2483.54  7918
Mg24 	22335.8 	0.256111  1  -2930.75  8278
Mg24 	22335.8 	0.136893  1  -4210.49  9539
Mg24 	22335.8 	0.635783  1  4861.41  144
Mg24 	22335.8 	0.395671  1  -1155.95  6539
Mg24 	22335.8 	0.179765  1  161.956  4833
Mg24 	22335.8 	0.305933  1  -4953.9  10480
Mg24 	22335.8 	0.472045  1  -2886.43  8202
Mg24 	22335.8 	0.205277  1  4246.99  792
Mg24 	22335.8 	0.304081  1  -3562.14  8904
Mg24 	22335.8 	0.279734  1  232.221  4921
Mg24 	22335.8 	0.143097  1  -3484.8  8839
Mg24 	22335.8 	0.403867  1  2621.83  2503
Mg24 	22335.8 	0.249162  1  2962.01  2146
Mg24 	22335.8 	0.635021  1  -1446.23  6854
Mg24 	22335.8 	0.352131  1  9.23034  5175
Mg24 	22335.8 	0.140323  1  253.805  5000
Mg24 	22335.8 	0.17841  1  1381.23  3765
Mg24 	22335.8 	0.242522  1  2645.23  2394
Mg24 	22335.8 	0.16103  1  1436.06  3754
Mg24 	22335.8 	0.203922  1  2092.44  3008
Mg24 	22335.8 	0.138406  1  -602.961  5875
Mg24 	22335.8 	0.174762  1  3566.52  1508
Mg24 	22335.8 	0.478499  1  4717.03  302
Mg24 	22335.8 	0.177171  1  3077.95  2042
Mg24 	22335.8 	0.173183  1  -4432.34  9768
Mg24 	22335.8 	0.780171  1  -4672.95  10086
Mg24 	22335.8 	0.415258  1  -4964.39  10270
Mg24 	22335.8 	0.177455  1  4517.57  509
Mg24 	22335.8 	0.43765  1  -1358.39  6637
Mg24 	22335.8 	0.245299  1  -3357.29  8741
Mg24 	22335.8 	0.582566  1  314.27  4930
Mg24 	22335.8 	0.152099  1  -2034.8  7404
Mg24 	22335.8 	0.629092  1  2066.61  3153
Mg24 	22335.8 	0.281354  1  1663.3  3467
Mg24 	22335.8 	0.140323  1  -1873.35  7179
Mg24 	22335.8 	1.46352  1  812.336  4494
Mg24 	22335.8 	0.135395  1  -4082.38  9579
Mg24 	22335.8 	0.192369  1  -4494.14  10025
Mg24 	22335.8 	0.217895  1  4790.68  207
Mg24 	22335.8 	0.340648  1  -655.289  5839
Mg24 	22335.8 	0.168886  1  2192.73  2937
Mg24 	22335.8 	0.153079  1  -327.303  5590
Mg24 	22335.8 	0.135202  1  -2920.08  8283
Mg24 	22335.8 	0.413233  1  -3177.39  8487
Mg24 	22335.8 	0.220858  1  3195.02  1984
Mg24 	22335.8 	0.193187  1  -3345.28  8657
Mg24 	22335.8 	0.170282  1  3241.73  1902
Mg24 	22335.8 	0.127768  1  837.038  4444
Mg24 	22335.8 	0.775047  1  -4051.97  9465
Mg24 	22335.8 	0.278062  1  2183.17  3019
Mg24 	22335.8 	0.135905  1  -3268.26  8604
Mg24 	22335.8 	0.324326  1  4059.59  983
Mg24 	22335.8 	0.143845  1  2474.99  2683
Mg24 	22335.8 	0.396881  1  -2679.49  7954
Mg24 	22335.8 	0.171651  1  -1553.91  6851
Mg24 	22335.8 	0.522935  1  4343.8  656
Mg24 	22335.8 	0.127406  1  -29.0922  5239
Mg24 	22335.8 	0.204141  1  -1644.81  6826
Mg24 	22335.8 	0.203774  1  4324.88  695
Mg24 	22335.8 	0.149295  1  -1043.92  6270
Mg24 	22335.8 	0.158763  1  2751.76  2380
Mg24 	22335.8 	0.134297  1  2948.29  2238
Mg24 	22335.8 	0.173499  1  2388.92  2733
Mg24 	22335.8 	0.29245  1  4995.32  8
Mg24 	22335.8 	1.88586  1  -4788.7  10434
Mg24 	22335.8 	0.1409  1  -4172.02  9750
Mg24 	22335.8 	0.132128  1  4389.33  602
Mg24 	22335.8 	0.81713  1  4757  261
Mg24 	22335.8 	0.72454  1  -303.662  5545
Mg24 	22335.8 	0.160792  1  2718.63  2320
Mg24 	22335.8 	0.17236  1  3118.51  2021
Mg24 	22335.8 	0.255943  1  2740.31  2349
Mg24 	22335.8 	0.171671  1  2993.16  2081
Mg24 	22335.8 	0.248223  1  -2247.3  7767
Mg24 	22335.8 	0.131336  1  4906.07  107
Mg24 	22335.8 	0.240525  1  2645.52  2435
Mg24 	22335.8 	12.7951  1  -4434.08  10009
Mg24 	22335.8 	0.396554  1  4268.81  761
Mg24 	22335.8 	1.08806  1  -668.192  5877
Mg24 	22335.8 	0.308985  1  -1759.2  7107
Mg24 	22335.8 	0.146073  1  3241.89  1852
Mg24 	22335.8 	0.35818  1  1135.93  3955
Mg24 	22335.8 	0.694355  1  3653.91  1445
Mg24 	22335.8 	0.181646  1  2160.69  2883
Mg24 	22335.8 	0.166552  1  -2574.3  8111
Mg24 	22335.8 	0.14259  1  4906.02  99
Mg24 	22335.8 	0.209424  1  -4846.25  10296
Mg24 	22335.8 	0.181458  1  -4200.31  9529
Mg24 	22335.8 	0.274263  1  1432.87  3672
Mg24 	22335.8 	2.52003  1  -1239.89  6509
Mg24 	22335.8 	0.131106  1  4130.39  898
Mg24 	22335.8 	0.190037  1  -3935.17  9469
Mg24 	22335.8 	1.12899  1  -310.86  5564
Mg24 	22335.8 	0.152319  1  4991.32  14
Mg24 	22335.8 	0.303839  1  -1279.5  6466
Mg24 	22335.8 	0.214828  1  -4325.64  9597
Mg24 	22335.8 	0.234683  1  -2548.75  7949
Mg24 	22335.8 	0.321791  1  4485.04  538
Mg24 	22335.8 	0.279071  1  4328.96  717
Mg24 	22335.8 	0.148768  1  2548.58  2591
Mg24 	22335.8 	0.176405  1  830.395  4338
Mg24 	22335.8 	0.291648  1  3539.44  1577
Mg24 	22335.8 	0.147068  1  -3450.49  8991
Mg24 	22335.8 	0.141124  1  3981.06  1106
Mg24 	22335.8 	0.495035  1  4373.73  705
Mg24 	22335.8 	0.134283  1  531.501  4723
Mg24 	22335.8 	0.323622  1  -3767.37  9129
Mg24 	22335.8 	0.348651  1  3928.3  1116
Mg24 	22335.8 	0.190809  1  104.141  5196
Mg24 	22335.8 	0.202665  1  -2622.7  8080
Mg24 	22335.8 	0.142169  1  -1560.52  6973
Mg24 	22335.8 	0.151405  1  -3004.29  8395
Mg24 	22335.8 	0.323599  1  -864.019  6122
Mg24 	22335.8 	0.251131  1  115.816  5107
Mg24 	22335.8 	0.131609  1  -621.911  5920
Mg24 	22335.8 	0.250528  1  -812.86  6021
Mg24 	22335.8 	0.269895  1  -4272.71  9656
Mg24 	22335.8 	0.439962  1  -1664.92  6951
Mg24 	22335.8 	0.224619  1  -744.548  5970
Mg24 	22335.8 	0.189958  1  4611.97  398
Mg24 	22335.8 	0.204965  1  3864.11  1197
Mg24 	22335.8 	0.170467  1  134.465  5055
Mg24 	22335.8 	0.383849  1  -678.831  5871
Mg24 	22335.8 	0.253417  1  -2099.54  7403
Mg24 	22335.8 	0.135921  1  4060.49  997
Mg24 	22335.8 	0.136378  1  -146.085  5361
Mg24 	22335.8 	0.513729  1  2660.22  2559
Mg24 	22335.8 	0.216672  1  3437.36  1722
Mg24 	22335.8 	1.77356  1  -2141.5  7479
Mg24 	22335.8 	1.22537  1  -3384.33  8672
Mg24 	22335.8 	0.21296  1  2264.07  2787
Mg24 	22335.8 	0.328567  1  -4719.55  10258
Mg24 	22335.8 	0.891657  1  -4251.02  9792
Mg24 	22335.8 	0.215626  1  3328.89  1742
Mg24 	22335.8 	0.464529  1  2689.92  2476
Mg24 	22335.8 	0.159971  1  -2053.74  7335
Mg24 	22335.8 	0.128379  1  -4122.34  9651
Mg24 	22335.8 	0.152293  1  -4042.74  9430
Mg24 	22335.8 	0.435307  1  -1091.18  6457
Mg24 	22335.8 	0.167159  1  3669.53  1389
Mg24 	22335.8 	0.803825  1  4405.61  597
Mg24 	22335.8 	0.279013  1  -3612.99  9099
Mg24 	22335.8 	0.27249  1  1575.78  3540
Mg24 	22335.8 	0.309525  1  2807.87  2342
Mg24 	22335.8 	0.226603  1  840.996  4493
Mg24 	22335.8 	0.215152  1  3938.62  1109
Mg24 	22335.8 	0.777141  1  -492.526  5729
Mg24 	22335.8 	0.138351  1  4675.92  367
Mg24 	22335.8 	0.58329  1  -2593.97  7935
Mg24 	22335.8 	0.148021  1  2659.25  2539
Mg24 	22335.8 	0.264179  1  -914.047  6129
Mg24 	22335.8 	0.301898  1  -3454.51  8960
Mg24 	22335.8 	0.149805  1  1524.93  3661
Mg24 	22335.8 	0.146124  1  -653.114  5987
Mg24 	22335.8 	0.187475  1  3038.6  2077
Mg24 	22335.8 	0.141947  1  3234.28  1834
Mg24 	22335.8 	0.259426  1  -1294.98  6630
Mg24 	22335.8 	0.22915  1  2061.65  3049
Mg24 	22335.8 	0.126275  1  3118.79  1967
Mg24 	22335.8 	0.570282  1  4191.42  829
Mg24 	22335.8 	0.152469  1  1893.63  3189
Mg24 	22335.8 	0.177025  1  877.153  4233
Mg24 	22335.8 	0.190103  1  4020.68  1010
Mg24 	22335.8 	0.50217  1  4764.03  228
Mg24 	22335.8 	0.209736  1  -372.196  5688
Mg24 	22335.8 	0.293433  1  -3549.99  9057
Mg24 	22335.8 	0.141998  1  1141.43  4033
Mg24 	22335.8 	0.201198  1  3955.05  1052
Mg24 	22335.8 	1.16025  1  -1821.95  7061
Mg24 	22335.8 	0.158076  1  -454.336  5718
Mg24 	22335.8 	0.231108  1  -2607.22  7939
Mg24 	22335.8 	0.397607  1  -3343.76  8766
Mg24 	22335.8 	0.178702  1  4298.67  726
Mg24 	22335.8 	0.146376  1  1274.75  3889
Mg24 	22335.8 	0.145782  1  -1395.22  6643
Mg24 	22335.8 	1.16459  1  -3121.64  8512
Mg24 	22335.8 	1.2874  1  -2677.71  7971
Mg24 	22335.8 	0.659208  1  -1822.59  7084
Mg24 	22335.8 	0.138046  1  -1866.4  7301
Mg24 	22335.8 	0.125989  1  2644.08  2613
Mg24 	22335.8 	0.181577  1  4269.82  724
Mg24 	22335.8 	0.128129  1  -4276.92  9870
Mg24 	22335.8 	0.217228  1  1762.82  3381
Mg24 	22335.8 	0.379777  1  -3458.01  8840
Mg24 	22335.8 	0.142683  1  3065.9  2056
Mg24 	22335.8 	0.416092  1  -3526.91  9135
Mg24 	22335.8 	1.35661  1  4853.5  149
Mg24 	22335.8 	0.282435  1  -374.287  5682
Mg24 	22335.8 	0.268362  1  -3181.37  8670
Mg24 	22335.8 	0.274294  1  4977.27  28
Mg24 	22335.8 	0.298965  1  2544.11  2606
Mg24 	22335.8 	1.47438  1  -1773.3  7147
Mg24 	22335.8 	0.134216  1  -3480.4  8739
Mg24 	22335.8 	0.163348  1  3104.81  1989
Mg24 	22335.8 	0.141765  1  -1564.85  6731
Mg24 	22335.8 	0.143316  1  1620.8  3462
Mg24 	22335.8 	0.190684  1  344.35  4860
Mg24 	22335.8 	0.137534  1  133.889  5141
Mg24 	22335.8 	0.178777  1  3481.68  1592
Mg24 	22335.8 	0.174069  1  3569.35  1480
Mg24 	22335.8 	0.310242  1  -4508.99  9910
Mg24 	22335.8 	0.174353  1  2413.68  2729
Mg24 	22335.8 	0.343086  1  -992.439  6173
Mg24 	22335.8 	0.327932  1  3061.73  2020
Mg24 	22335.8 	0.348889  1  622.082  4645
Mg24 	22335.8 	0.20339  1  -4278.28  9761
Mg24 	22335.8 	0.156805  1  263.394  4999
Mg24 	22335.8 	0.130463  1  -2565.94  7987
Mg24 	22335.8 	0.467708  1  2476.26  2662
Mg24 	22335.8 	0.346443  1  -4778.58  10295
Mg24 	22335.8 	0.169279  1  4583.11  465
Mg24 	22335.8 	0.452224  1  4024.98  984
Mg24 	22335.8 	1.02575  1  -3395.23  8676
Mg24 	22335.8 	0.186264  1  -4232.66  9669
Mg24 	22335.8 	0.22505  1  -4542.31  10135
Mg24 	22335.8 	0.136319  1  3886.1  1166
Mg24 	22335.8 	0.147599  1  -4018.81  9551
Mg24 	22335.8 	0.192939  1  -4887.06  10414
Mg24 	22335.8 	0.172163  1  4734.96  266
Mg24 	22335.8 	0.181759  1  1014.94  4129
Mg24 	22335.8 	0.172634  1  3737.74  1340
Mg24 	22335.8 	0.130668  1  2811.47  2368
Mg24 	22335.8 	0.16318  1  -2058.56  7332
Mg24 	22335.8 	0.165064  1  -1946.01  7157
Mg24 	22335.8 	0.176291  1  921.704  4332
Mg24 	22335.8 	1.20612  1  -2496.97  7877
Mg24 	22335.8 	1.023  1  3422.6  1597
Mg24 	22335.8 	0.340845  1  4147.98  867
Mg24 	22335.8 	0.146031  1  -2897.28  8207
Mg24 	22335.8 	0.214223  1  559.822  4711
Mg24 	22335.8 	0.470353  1  2646.72  2465
Mg24 	22335.8 	0.150648  1  -273.655  5496
Mg24 	22335.8 	0.398336  1  1622.04  3496
Mg24 	22335.8 	0.301476  1  -4532.09  9896
Mg24 	22335.8 	0.319043  1  2268.17  2912
Mg24 	22335.8 	0.176765  1  -3285.4  8598
Mg24 	22335.8 	0.274801  1  -53.9884  5248
Mg24 	22335.8 	0.14051  1  -2594.2  7906
Mg24 	22335.8 	0.175958  1  -1934.08  7280
Mg24 	22335.8 	0.172471  1  -1352.51  6667
Mg24 	22335.8 	0.37617  1  29.0498  5289
Mg24 	22335.8 	0.189324  1  -3564.66  9053
Mg24 	22335.8 	0.283597  1  4171.99  840
Mg24 	22335.8 	0.199118  1  22.7533  5150
Mg24 	22335.8 	0.147433  1  3892.98  1142
Mg24 	22335.8 	0.364776  1  -1983.73  7220
Mg24 	22335.8 	0.147093  1  -2380.78  7653
Mg24 	22335.8 	0.155025  1  -3475.88  8843
Mg24 	22335.8 	0.414695  1  -1740.74  7061
Mg24 	22335.8 	0.482729  1  2720.41  2444
Mg24 	22335.8 	0.336197  1  -2651.48  7839
Mg24 	22335.8 	0.155252  1  4402.38  667
Mg24 	22335.8 	0.348636  1  3104.09  2035
Mg24 	22335.8 	0.266746  1  -3550.6  9050
Mg24 	22335.8 	0.687014  1  1835.28  3309
Mg24 	22335.8 	0.385313  1  -3602.51  8879
Mg24 	22335.8 	0.47889  1  -4292.83  9881
Mg24 	22335.8 	0.942465  1  3690.89  1395
Mg24 	22335.8 	9.86887  1  1859.14  3250
Mg24 	22335.8 	0.155792  1  -759.871  6048
Mg24 	22335.8 	0.162809  1  -4281.09  9490
Mg24 	22335.8 	0.726689  1  -4692.66  10070
Mg24 	22335.8 	0.202252  1  -511.745  5852
Mg24 	22335.8 	0.137074  1  899.565  4299
Mg24 	22335.8 	0.25343  1  -3289.05  8613
Mg24 	22335.8 	0.863033  1  -821.553  6114
Mg24 	22335.8 	0.814549  1  -3085.16  8439
Mg24 	22335.8 	0.294948  1  -3258.72  8622
Mg24 	22335.8 	0.521252  1  -3174.75  8575
Mg24 	22335.8 	0.310814  1  488.958  4702
Mg24 	22335.8 	0.141932  1  4072.74  979
Mg24 	22335.8 	0.209656  1  -3898.65  9309
Mg24 	22335.8 	0.249591  1  1353.59  3749
Mg24 	22335.8 	0.267342  1  4767.38  245
Mg24 	22335.8 	0.212797  1  2880.57  2256
Mg24 	22335.8 	0.143207  1  -3159.6  8553
Mg24 	22335.8 	0.169917  1  -893.834  6198
Mg24 	22335.8 	0.167963  1  3485.95  1561
Mg24 	22335.8 	0.212733  1  -921.468  6191
Mg24 	22335.8 	0.21202  1  1084.92  4094
Mg24 	22335.8 	0.195863  1  3822.86  1292
Mg24 	22335.8 	0.802451  1  -598.959  5672
Mg24 	22335.8 	0.569488  1  1811.55  3366
Mg24 	22335.8 	0.0683684  1  4240.8  830
Mg24 	22335.8 	0.135928  1  410.792  4732
Mg24 	22335.8 	0.703147  1  3326.95  1710
Mg24 	22335.8 	0.27596  1  -1906.13  7083
Mg24 	22335.8 	0.157165  1  3089.8  1919
Mg24 	22335.8 	0.162323  1  2710.8  2397
Mg24 	22335.8 	0.358929  1  -2470.26  7779
Mg24 	22335.8 	0.752536  1  3729.12  1315
Mg24 	22335.8 	0.150277  1  689.624  4476
Mg24 	22335.8 	0.39505  1  222.539  5014
Mg24 	22335.8 	0.40082  1  -2426.56  7732
Mg24 	22335.8 	0.126123  1  -3964.83  9207
Mg24 	22335.8 	0.188192  1  -4938.48  10306
Mg24 	22335.8 	0.277352  1  -3595.78  8877
Mg24 	22335.8 	0.451038  1  650.184  4590
Mg24 	22335.8 	0.306222  1  -3299.24  8702
Mg24 	22335.8 	0.707509  1  3581.91  1406
Mg24 	22335.8 	0.169616  1  -400.124  5523
Mg24 	22335.8 	0.283696  1  3850.88  1224
Mg24 	22335.8 	0.493549  1  -2923.55  8313
Mg24 	22335.8 	0.141502  1  4796.17  211
Mg24 	22335.8 	0.141622  1  -3011.43  8431
Mg24 	22335.8 	0.39658  1  4251.46  770
Mg24 	22335.8 	0.275196  1  -724.963  6016
Mg24 	22335.8 	0.125715  1  -2148.17  7480
Mg24 	22335.8 	0.16821  1  3737.2  1317
Mg24 	22335.8 	0.149768  1  -379.876  5555
Mg24 	22335.8 	0.238598  1  2723.67  2470
Mg24 	22335.8 	0.126332  1  -2044.54  7552
Mg24 	22335.8 	0.126349  1  3596.95  1503
Mg24 	22335.8 	0.142594  1  -293.947  5613
Mg24 	22335.8 	0.361008  1  468.562  4737
Mg24 	22335.8 	0.251223  1  -899.595  6205
Mg24 	22335.8 	0.159824  1  1037.14  4106
Mg24 	22335.8 	0.434458  1  -864.793  6093
Mg24 	22335.8 	1.13326  1  3410.68  1726
Mg24 	22335.8 	0.218564  1  482.148  4826
Mg24 	22335.8 	0.422249  1  -4528.04  10114
Mg24 	22335.8 	0.152789  1  412.754  4792
Mg24 	22335.8 	0.681747  1  4616.14  389
Mg24 	22335.8 	0.178523  1  2915.76  2163
Mg24 	22335.8 	0.146079  1  -3047.35  8360
Mg24 	22335.8 	0.135617  1  -407.833  5793
Mg24 	22335.8 	0.758025  1  1727.55  3360
Mg24 	22335.8 	0.134615  1  509.885  4665
Mg24 	22335.8 	0.526444  1  -2172.65  7521
Mg24 	22335.8 	0.163178  1  -1274.97  6542
Mg24 	22335.8 	0.152736  1  373.443  4857
Mg24 	22335.8 	0.136062  1  -135.205  5410
Mg24 	22335.8 	0.172966  1  3801.62  1237
Mg24 	22335.8 	0.136029  1  -3771.04  9297
Mg24 	22335.8 	0.463426  1  -505.014  5717
Mg24 	22335.8 	0.166137  1  -3482.48  8705
Mg24 	22335.8 	0.179387  1  1446.74  3758
Mg24 	22335.8 	0.167807  1  886.467  4350
Mg24 	22335.8 	1.9152  1  4288.48  764
Mg24 	22335.8 	0.262667  1  -1480.56  6735
Mg24 	22335.8 	0.812204  1  2338.54  2735
Mg24 	22335.8 	0.188926  1  4072.57  939
Mg24 	22335.8 	0.294045  1  4434.88  585
Mg24 	22335.8 	0.137013  1  892.255  4206
Mg24 	22335.8 	0.202151  1  4020.03  1019
Mg24 	22335.8 	0.232538  1  -2466.57  7862
Mg24 	22335.8 	0.144866  1  2739.75  2396
Mg24 	22335.8 	0.178093  1  265.936  4872
Mg24 	22335.8 	0.550187  1  4395  615
Mg24 	22335.8 	0.350963  1  1389.89  3779
Mg24 	22335.8 	0.476115  1  -3179.19  8660
Mg24 	22335.8 	0.157827  1  4065.17  957
Mg24 	22335.8 	0.193849  1  1657.24  3451
Mg24 	22335.8 	0.228952  1  -211.263  5390
Mg24 	22335.8 	0.152491  1  4110.29  958
Mg24 	22335.8 	0.131991  1  -3131.31  8490
Mg24 	22335.8 	0.175017  1  3349.49  1744
Mg24 	22335.8 	0.810676  1  -4944.82  10396
Mg24 	22335.8 	0.126767  1  -4983.16  10393
Mg24 	22335.8 	0.161997  1  -4615.17  9946
Mg24 	22335.8 	0.318016  1  3088.54  1985
Mg24 	22335.8 	0.265256  1  4969.34  29
Mg24 	22335.8 	0.205753  1  2157.82  2943
Mg24 	22335.8 	0.33968  1  -1741.97  6923
Mg24 	22335.8 	0.2824  1  2220.96  2894
Mg24 	22335.8 	0.151347  1  4493.55  509
Mg24 	22335.8 	0.151862  1  -701.323  5909
Mg24 	22335.8 	0.139014  1  -4912.75  10451
Mg24 	22335.8 	0.183178  1  4017.32  995
Mg24 	22335.8 	0.152509  1  -1638.01  6825
Mg24 	22335.8 	0.508992  1  -985.131  6255
Mg24 	22335.8 	0.240743  1  -1610.41  7054
Mg24 	22335.8 	0.127004  1  -1945.28  7334
Mg24 	22335.8 	0.205387  1  2168.02  2887
Mg24 	22335.8 	0.393542  1  4631.38  390
Mg24 	22335.8 	0.133912  1  -4160.96  9521
Mg24 	22335.8 	0.252924  1  -2910.79  8141
Mg24 	22335.8 	0.127859  1  2483.67  2700
Mg24 	22335.8 	0.277272  1  3723.75  1300
Mg24 	22335.8 	0.346628  1  -485.669  5731
Mg24 	22335.8 	0.195832  1  405.151  4901
Mg24 	22335.8 	0.416419  1  2449.7  2618
Mg24 	22335.8 	0.239066  1  1135.06  4091
Mg24 	22335.8 	0.375155  1  -2815.09  8239
Mg24 	22335.8 	0.41359  1  3557.65  1461
Mg24 	22335.8 	0.150962  1  974.641  4277
Mg24 	22335.8 	0.362951  1  3510.42  1610
Mg24 	22335.8 	0.1545  1  3555.44  1502
Mg24 	22335.8 	0.25816  1  4599.24  409
Mg24 	22335.8 	0.149183  1  200.581  4987
Mg24 	22335.8 	0.132096  1  4917.99  76
Mg24 	22335.8 	0.24562  1  426.713  4821
Mg24 	22335.8 	0.229629  1  -1706.77  6965
Mg24 	22335.8 	0.973815  1  2745.72  2361
Mg24 	22335.8 	0.199942  1  149.373  5143
Mg24 	22335.8 	0.152241  1  -4113.48  9711
Mg24 	22335.8 	0.129019  1  2318.62  2797
Mg24 	22335.8 	0.263239  1  761.377  4284
Mg24 	22335.8 	0.128871  1  3215.8  1805
Mg24 	22335.8 	0.142868  1  -2918.82  8613
Mg24 	22335.8 	0.188577  1  442.268  4673
Mg24 	22335.8 	0.371525  1  -1204.57  6436
Mg24 	22335.8 	0.146678  1  3079.88  1925
Mg24 	22335.8 	0.129893  1  -3264.71  8715
Mg24 	22335.8 	0.206662  1  482.15  4719
Mg24 	22335.8 	0.141429  1  3415.68  1681
Mg24 	22335.8 	0.309518  1  1736.08  3516
Mg24 	22335.8 	0.802271  1  3165.09  1845
Mg24 	22335.8 	0.274429  1  -287.745  5538
Mg24 	22335.8 	0.140934  1  -2528.75  7913
Mg24 	22335.8 	0.310755  1  3135.26  2008
Mg24 	22335.8 	0.274722  1  1597.87  3532
Mg24 	22335.8 	0.146055  1  2539.39  2567
Mg24 	22335.8 	0.281733  1  3228.63  1802
Mg24 	22335.8 	0.175202  1  885.662  4227
Mg24 	22335.8 	0.309925  1  4621.69  392
Mg24 	22335.8 	0.210338  1  -4047.71  9387
Mg24 	22335.8 	1.01742  1  -268.348  5532
Mg24 	22335.8 	0.132865  1  -3042.75  8526
Mg24 	22335.8 	0.203758  1  -2001.92  7290
Mg24 	22335.8 	0.258342  1  1030.58  4185
Mg24 	22335.8 	0.14462  1  -103.869  5437
Mg24 	22335.8 	0.184718  1  1152.5  4085
Mg24 	22335.8 	0.272919  1  4160.43  901
Mg24 	22335.8 	0.205524  1  -2114.85  7416
Mg24 	22335.8 	0.672401  1  852.958  4323
Mg24 	22335.8 	0.126575  1  3409.49  1638
Mg24 	22335.8 	1.91385  1  -325.11  5628
Mg24 	22335.8 	0.410664  1  2092.82  3164
Mg24 	22335.8 	0.582945  1  -197.36  5532
Mg24 	22335.8 	0.144821  1  -3945.88  9372
Mg24 	22335.8 	0.333206  1  -4594.61  10027
Mg24 	22335.8 	0.125962  1  1704.37  3533
Mg24 	22335.8 	0.195702  1  180.645  5038
Mg24 	22335.8 	0.219623  1  3969.47  1080
Mg24 	22335.8 	0.137456  1  3345.02  1737
Mg24 	22335.8 	0.179591  1  2778.43  2322
Mg24 	22335.8 	0.212186  1  1048.62  4215
Mg24 	22335.8 	0.251946  1  -3913.06  9495
Mg24 	22335.8 	0.157323  1  -4680.25  9967
Mg24 	22335.8 	0.174586  1  -4206.81  9634
Mg24 	22335.8 	0.308078  1  1760.16  3470
Mg24 	22335.8 	0.444234  1  -3182.41  8325
Mg24 	22335.8 	0.139226  1  -1278.37  6494
Mg24 	22335.8 	0.128496  1  -2715.9  7997
Mg24 	22335.8 	0.15088  1  4281.9  780
Mg24 	22335.8 	0.152151  1  -1053  6338
Mg24 	22335.8 	1.0607  1  -1203.9  6532
Mg24 	22335.8 	0.218146  1  1401.82  3582
Mg24 	22335.8 	0.156147  1  -2236.52  7638
Mg24 	22335.8 	0.261869  1  -781.64  6077
Mg24 	22335.8 	0.218757  1  464.747  4640
Mg24 	22335.8 	0.283274  1  -663.093  5972
Mg24 	22335.8 	0.182272  1  -4178.95  9620
Mg24 	22335.8 	0.310864  1  1077.21  4144
Mg24 	22335.8 	0.147927  1  1733.09  3518
Mg24 	22335.8 	0.210199  1  2732.53  2283
Mg24 	22335.8 	0.17139  1  -1037.32  6299
Mg24 	22335.8 	0.359184  1  82.3815  5252
Mg24 	22335.8 	0.132013  1  -4482.07  9855
Mg24 	22335.8 	0.165169  1  -642.694  5910
Mg24 	22335.8 	0.398845  1  -4583.95  9947
Mg24 	22335.8 	0.197513  1  2061.87  3109
Mg24 	22335.8 	0.436068  1  -369.912  5638
Mg24 	22335.8 	0.233014  1  1341.43  3866
Mg24 	22335.8 	0.159649  1  3887.79  1140
Mg24 	22335.8 	0.339332  1  -4080.17  9449
Mg24 	22335.8 	0.284294  1  4605.83  413
Mg24 	22335.8 	0.143106  1  814.38  4311
Mg24 	22335.8 	0.178953  1  -1148.48  6365
Mg24 	22335.8 	0.172886  1  1105.84  4123
Mg24 	22335.8 	0.130708  1  4662.44  410
Mg24 	22335.8 	0.151531  1  -1367.5  6600
Mg24 	22335.8 	0.268146  1  544.169  4776
Mg24 	22335.8 	0.188513  1  1898.72  3275
Mg24 	22335.8 	0.339968  1  1840.23  3274
Mg24 	22335.8 	0.195063  1  3170.2  1890
Mg24 	22335.8 	0.19939  1  4541.83  478
Mg24 	22335.8 	0.225046  1  -1600  6784
Mg24 	22335.8 	0.203776  1  -6.17474  5224
Mg24 	22335.8 	0.18609  1  2255.95  2857
Mg24 	22335.8 	0.254453  1  -3264.63  8486
Mg24 	22335.8 	0.146618  1  -2564.99  7878
Mg24 	22335.8 	0.274695  1  4010.93  1059
Mg24 	22335.8 	0.478953  1  1616.08  3536
Mg24 	22335.8 	0.169232  1  1351.83  3827
Mg24 	22335.8 	0.203269  1  -4330.02  9710
Mg24 	22335.8 	0.726131  1  -3658.84  9047
Mg24 	22335.8 	0.125802  1  2160.97  2991
Mg24 	22335.8 	0.139944  1  202.66  5042
Mg24 	22335.8 	0.20125  1  279.946  4889
Mg24 	22335.8 	0.133409  1  592.137  4610
Mg24 	22335.8 	0.162834  1  2250.49  2976
Mg24 	22335.8 	0.127642  1  1696.09  3366
Mg24 	22335.8 	0.180817  1  -3906.38  9332
Mg24 	22335.8 	0.128099  1  2788.91  2388
Mg24 	22335.8 	0.130444  1  250.817  4987
Mg24 	22335.8 	0.151704  1  -4389.82  9784
Mg24 	22335.8 	0.127453  1  1035.98  4035
Mg24 	22335.8 	0.160618  1  -99.3455  5205
Mg24 	22335.8 	0.937029  1  -3640.43  9053
Mg24 	22335.8 	0.135521  1  3420.97  1638
Mg24 	22335.8 	0.158811  1  3310.99  1789
Mg24 	22335.8 	0.163202  1  4140.69  865
Mg24 	22335.8 	0.377046  1  -2028.98  7266
Mg24 	22335.8 	0.361552  1  2772.4  2390
Mg24 	22335.8 	0.253226  1  2921.9  2101
Mg24 	22335.8 	0.13726  1  -1694.25  6929
Mg24 	22335.8 	0.141464  1  -1861.27  7108
Mg24 	22335.8 	0.267304  1  -927.216  6093
Mg24 	22335.8 	0.352052  1  -467.371  5641
Mg24 	22335.8 	0.2086  1  3402.66  1669
Mg24 	22335.8 	0.149629  1  507.834  4772
Mg24 	22335.8 	0.188951  1  3051.4  2076
Mg24 	22335.8 	0.227366  1  4124.12  888
Mg24 	22335.8 	0.197475  1  -3577.43  9044
Mg24 	22335.8 	0.196234  1  -2148.81  7499
Mg24 	22335.8 	0.272562  1  1706.46  3395
Mg24 	22335.8 	0.213776  1  2351.33  2694
Mg24 	22335.8 	0.143462  1  495.848  4813
Mg24 	22335.8 	0.199603  1  1229.81  3956
Mg24 	22335.8 	0.16434  1  3116.17  1915
Mg24 	22335.8 	0.232545  1  -555.663  5936
Mg24 	22335.8 	0.258637  1  -1762.66  7135
Mg24 	22335.8 	0.257394  1  4210.75  875
Mg24 	22335.8 	2.46384  1  2217.99  2816
Mg24 	22335.8 	0.151053  1  -1494.96  6746
Mg24 	22335.8 	0.402773  1  -908.503  6110
Mg24 	22335.8 	0.216435  1  2446.12  2703
Mg24 	22335.8 	0.347289  1  -1672.03  6949
Mg24 	22335.8 	0.324914  1  -2256.29  7596
Mg24 	22335.8 	0.311441  1  -88.4019  5266
Mg24 	22335.8 	0.130975  1  4185.89  849
Mg24 	22335.8 	0.257427  1  -1407.06  6628
Mg24 	22335.8 	0.14383  1  -2639.31  8034
Mg24 	22335.8 	0.139711  1  -214.04  5500
Mg24 	22335.8 	0.396217  1  -2790.68  7992
Mg24 	22335.8 	0.211163  1  2439.64  2745
Mg24 	22335.8 	0.205537  1  2406.23  2780
Mg24 	22335.8 	0.137448  1  -688.605  5940
Mg24 	22335.8 	0.225187  1  2802.93  2291
Mg24 	22335.8 	0.236444  1  -4775.89  10402
Mg24 	22335.8 	0.620437  1  670.661  4560
Mg24 	22335.8 	0.309862  1  600.178  4505
Mg24 	22335.8 	0.609482  1  891.018  4430
Mg24 	22335.8 	1.70551  1  -2879.22  8223
Mg24 	22335.8 	0.169747  1  1728.51  3491
Mg24 	22335.8 	0.436369  1  4825.58  184
Mg24 	22335.8 	0.175898  1  3555.81  1509
Mg24 	22335.8 	0.727743  1  4052.25  1011
Mg24 	22335.8 	0.185347  1  307.386  4823
