Mg24 	22335.8 	0.316394  1  -861.922  6096
Mg24 	22335.8 	0.35263  1  -1001.18  6376
Mg24 	22335.8 	0.175205  1  -601.286  5982
Mg24 	22335.8 	0.360647  1  -1457  6739
Mg24 	22335.8 	0.227144  1  -2753.2  8074
Mg24 	22335.8 	0.205176  1  4119.75  910
Mg24 	22335.8 	0.244623  1  771.562  4505
Mg24 	22335.8 	0.172226  1  -1147.31  6403
Mg24 	22335.8 	0.18881  1  3715.7  1284
Mg24 	22335.8 	1.31368  1  4514.4  505
Mg24 	22335.8 	0.226237  1  4586.71  435
Mg24 	22335.8 	0.128717  1  -74.7908  5259
Mg24 	22335.8 	0.178614  1  -989.703  6258
Mg24 	22335.8 	0.468544  1  -2310.88  7604
Mg24 	22335.8 	0.138878  1  -4820.07  10174
Mg24 	22335.8 	0.134673  1  -4467.11  9675
Mg24 	22335.8 	0.194752  1  -1081.76  6347
Mg24 	22335.8 	0.405746  1  -1054.2  6347
Mg24 	22335.8 	0.17255  1  -2478.56  7786
Mg24 	22335.8 	0.431179  1  4897.69  122
Mg24 	22335.8 	0.213888  1  3990.5  1075
Mg24 	22335.8 	0.544854  1  3132.28  1938
Mg24 	22335.8 	0.174644  1  3866.65  1194
Mg24 	22335.8 	0.135124  1  4083.45  974
Mg24 	22335.8 	0.134508  1  -351.589  5623
Mg24 	22335.8 	0.130767  1  4256.65  784
Mg24 	22335.8 	0.130256  1  -2137.91  7434
Mg24 	22335.8 	0.12805  1  -2388.41  7612
Mg24 	22335.8 	0.214492  1  -3616.17  8962
Mg24 	22335.8 	0.334195  1  3983.27  1015
Mg24 	22335.8 	0.1364  1  -4377.89  9789
Mg24 	22335.8 	0.293794  1  4679.08  337
Mg24 	22335.8 	0.300088  1  1095.15  4030
Mg24 	22335.8 	0.150643  1  -3317.26  8665
Mg24 	22335.8 	0.145443  1  4556.43  470
Mg24 	22335.8 	0.169045  1  -3731.17  9201
Mg24 	22335.8 	0.190465  1  4265.07  759
Mg24 	22335.8 	0.214744  1  3370.66  1713
Mg24 	22335.8 	0.317373  1  2249.86  2958
Mg24 	22335.8 	0.314194  1  -3759.11  9316
Mg24 	22335.8 	0.134023  1  2352.65  2872
Mg24 	22335.8 	0.143529  1  -282.593  5435
Mg24 	22335.8 	0.280247  1  3623.57  1376
Mg24 	22335.8 	0.182298  1  1617.89  3499
Mg24 	22335.8 	0.213839  1  962.737  4173
Mg24 	22335.8 	0.159337  1  -3169.04  8903
Mg24 	22335.8 	0.129868  1  -341.243  5612
Mg24 	22335.8 	0.136867  1  -95.261  5527
Mg24 	22335.8 	0.246776  1  4590.58  383
Mg24 	22335.8 	0.157802  1  1570.7  3557
Mg24 	22335.8 	0.161044  1  -4358  9804
Mg24 	22335.8 	0.306144  1  158.828  5152
Mg24 	22335.8 	0.157641  1  2864.14  2281
Mg24 	22335.8 	0.950264  1  4679.78  334
Mg24 	22335.8 	0.354156  1  4473.05  565
Mg24 	22335.8 	0.564306  1  3138.11  1926
Mg24 	22335.8 	0.181136  1  3060.53  1984
Mg24 	22335.8 	0.214248  1  4812.41  208
Mg24 	22335.8 	0.267836  1  -1590.3  6849
Mg24 	22335.8 	0.505633  1  2231.85  2841
Mg24 	22335.8 	0.152461  1  3664.92  1409
Mg24 	22335.8 	0.133332  1  -2904.85  8310
Mg24 	22335.8 	0.265906  1  1778.79  3378
Mg24 	22335.8 	0.246275  1  2993.69  2047
Mg24 	22335.8 	0.144614  1  -1734.92  7128
Mg24 	22335.8 	0.148216  1  2323.45  2768
Mg24 	22335.8 	0.13044  1  -2757.42  8112
Mg24 	22335.8 	0.141931  1  -3945.15  9206
Mg24 	22335.8 	0.359286  1  4025.05  1030
Mg24 	22335.8 	0.125543  1  1006.22  4167
Mg24 	22335.8 	0.215446  1  1618.29  3656
Mg24 	22335.8 	0.183465  1  -4491.21  10127
Mg24 	22335.8 	0.982584  1  2033.59  3155
Mg24 	22335.8 	0.229531  1  3095.45  1995
Mg24 	22335.8 	0.234198  1  1450.55  3707
Mg24 	22335.8 	0.183521  1  -2521.09  7826
Mg24 	22335.8 	0.352497  1  -4878.92  10468
Mg24 	22335.8 	0.147693  1  325.58  4863
Mg24 	22335.8 	0.18979  1  -198.061  5467
Mg24 	22335.8 	0.188217  1  3875.6  1199
Mg24 	22335.8 	0.154332  1  -2961.66  8389
Mg24 	22335.8 	0.137791  1  -1763.82  7205
Mg24 	22335.8 	0.26096  1  713.587  4474
Mg24 	22335.8 	0.226878  1  365.7  4728
Mg24 	22335.8 	0.140479  1  4942.5  56
Mg24 	22335.8 	0.139523  1  -274.091  5430
Mg24 	22335.8 	0.142766  1  459.939  4745
Mg24 	22335.8 	0.129323  1  2245.37  2967
Mg24 	22335.8 	0.283187  1  -2785.08  8022
Mg24 	22335.8 	0.452535  1  -2446.22  7926
Mg24 	22335.8 	0.160567  1  4610.82  375
Mg24 	22335.8 	0.208843  1  -3078.76  8187
Mg24 	22335.8 	0.125626  1  4765.46  236
Mg24 	22335.8 	0.145845  1  3431.46  1651
Mg24 	22335.8 	1.10991  1  1345.76  3796
Mg24 	22335.8 	0.303177  1  2881.99  2248
Mg24 	22335.8 	0.225076  1  -367.343  5656
Mg24 	22335.8 	0.172239  1  4111.85  907
Mg24 	22335.8 	0.200854  1  2951.64  2048
Mg24 	22335.8 	0.185891  1  2704.29  2442
Mg24 	22335.8 	0.154385  1  -2946.1  8455
Mg24 	22335.8 	0.126253  1  472.827  4697
Mg24 	22335.8 	0.133065  1  305.266  4934
Mg24 	22335.8 	0.436669  1  1007.53  4162
Mg24 	22335.8 	2.35874  1  -1177.44  6427
Mg24 	22335.8 	0.145917  1  -275.24  5407
Mg24 	22335.8 	0.136455  1  4330.15  687
Mg24 	22335.8 	0.131599  1  3801.35  1277
Mg24 	22335.8 	0.137819  1  4619.82  378
Mg24 	22335.8 	0.298433  1  49.6015  5197
Mg24 	22335.8 	0.212615  1  -4087.2  9442
Mg24 	22335.8 	0.283845  1  -909.639  6165
Mg24 	22335.8 	0.160674  1  1126.13  4119
Mg24 	22335.8 	0.198132  1  2766.66  2324
Mg24 	22335.8 	0.243913  1  -3983.46  9403
Mg24 	22335.8 	0.257931  1  -4185.34  9607
Mg24 	22335.8 	0.802726  1  30.585  5126
Mg24 	22335.8 	0.35967  1  1467.37  3621
Mg24 	22335.8 	0.138829  1  -2389.55  7691
Mg24 	22335.8 	0.159415  1  2067.25  3093
Mg24 	22335.8 	0.393397  1  -86.1922  5280
Mg24 	22335.8 	0.876706  1  1137.51  4072
Mg24 	22335.8 	0.474628  1  -526.855  5766
Mg24 	22335.8 	0.199835  1  3919.87  1206
Mg24 	22335.8 	0.13353  1  3271.5  1751
Mg24 	22335.8 	0.193673  1  -3556.09  9068
Mg24 	22335.8 	0.257695  1  -3535.7  9038
Mg24 	22335.8 	0.440496  1  -4536.13  9969
Mg24 	22335.8 	0.178196  1  3555.71  1518
Mg24 	22335.8 	0.212913  1  2518.38  2615
Mg24 	22335.8 	0.612476  1  -330.341  5517
Mg24 	22335.8 	0.484421  1  1611.39  3526
Mg24 	22335.8 	0.276434  1  -1336.88  6638
Mg24 	22335.8 	0.245417  1  -3633.89  8948
Mg24 	22335.8 	0.445446  1  -126.479  5354
Mg24 	22335.8 	0.177338  1  -2288.86  7622
Mg24 	22335.8 	0.147419  1  -2680.92  8007
Mg24 	22335.8 	1.08311  1  1869.51  3335
Mg24 	22335.8 	0.161091  1  2622.74  2557
Mg24 	22335.8 	0.138067  1  4742.83  225
Mg24 	22335.8 	0.128377  1  4621.94  421
Mg24 	22335.8 	0.236011  1  -2724.02  8155
Mg24 	22335.8 	0.298998  1  -4016.93  9398
Mg24 	22335.8 	0.193214  1  3707.65  1386
Mg24 	22335.8 	0.364943  1  1087.31  4057
Mg24 	22335.8 	0.128094  1  4674.95  384
Mg24 	22335.8 	0.153787  1  1938.49  3294
Mg24 	22335.8 	0.272928  1  -3307.23  8737
Mg24 	22335.8 	0.212118  1  1743.37  3408
Mg24 	22335.8 	0.129129  1  4356.68  665
Mg24 	22335.8 	0.135255  1  3234.48  1833
Mg24 	22335.8 	0.1746  1  -3500.93  8948
Mg24 	22335.8 	0.144298  1  3031.36  2119
Mg24 	22335.8 	0.311712  1  -3335.16  8728
Mg24 	22335.8 	0.86927  1  3109.79  1968
Mg24 	22335.8 	0.143136  1  3392.6  1682
Mg24 	22335.8 	0.164234  1  -3091.95  8466
Mg24 	22335.8 	0.711858  1  -3463.66  8882
Mg24 	22335.8 	0.137975  1  -2910.79  8231
Mg24 	22335.8 	0.129658  1  -2517.76  7760
Mg24 	22335.8 	0.29624  1  2287.63  2815
Mg24 	22335.8 	0.227531  1  -235.92  5531
Mg24 	22335.8 	0.966014  1  167  5196
Mg24 	22335.8 	0.530218  1  2674.76  2335
Mg24 	22335.8 	0.133425  1  1589.17  3493
Mg24 	22335.8 	0.169726  1  2228.05  2852
Mg24 	22335.8 	1.76011  1  -2401.53  7715
Mg24 	22335.8 	0.210615  1  -1603.2  6958
Mg24 	22335.8 	0.131119  1  -2698.73  8073
Mg24 	22335.8 	0.550331  1  2229.19  2927
Mg24 	22335.8 	0.180648  1  -2677.73  7948
Mg24 	22335.8 	1.23923  1  -2809.21  8187
Mg24 	22335.8 	0.401521  1  2519.14  2634
Mg24 	22335.8 	0.907807  1  -2273.15  7529
Mg24 	22335.8 	0.245182  1  -4293.15  9709
Mg24 	22335.8 	0.268787  1  4869.75  135
Mg24 	22335.8 	0.13609  1  -1968.63  7311
Mg24 	22335.8 	0.134901  1  -3441.72  8733
Mg24 	22335.8 	0.21058  1  -4395.65  9746
Mg24 	22335.8 	0.177716  1  3407.52  1657
Mg24 	22335.8 	0.205501  1  -3038.27  8318
Mg24 	22335.8 	0.165608  1  4503.28  547
Mg24 	22335.8 	0.362577  1  -4877.86  10572
Mg24 	22335.8 	0.267778  1  1790.74  3403
Mg24 	22335.8 	0.178898  1  678.314  4555
Mg24 	22335.8 	0.241797  1  -4263.04  9717
Mg24 	22335.8 	0.135736  1  -2918.65  8289
Mg24 	22335.8 	0.382657  1  -1678.93  7039
Mg24 	22335.8 	0.306479  1  4103.19  972
Mg24 	22335.8 	0.269199  1  -4331.39  9720
Mg24 	22335.8 	0.54876  1  1915.98  3232
Mg24 	22335.8 	0.137216  1  -4662.64  10123
Mg24 	22335.8 	0.234643  1  -2508.66  7814
Mg24 	22335.8 	0.171496  1  2082.71  2978
Mg24 	22335.8 	0.868055  1  4949.46  64
Mg24 	22335.8 	4.49259  1  3716.14  1421
Mg24 	22335.8 	0.429789  1  4218.07  828
Mg24 	22335.8 	0.206943  1  -4607.18  10122
Mg24 	22335.8 	0.170092  1  -3557.56  9005
Mg24 	22335.8 	0.375304  1  -1376.75  6576
Mg24 	22335.8 	0.435862  1  3313.27  1730
Mg24 	22335.8 	0.290145  1  -811.42  6082
Mg24 	22335.8 	2.27729  1  3101.87  1985
Mg24 	22335.8 	0.410731  1  1883.1  3255
Mg24 	22335.8 	0.223183  1  -2333.6  7626
Mg24 	22335.8 	0.152987  1  2784.97  2332
Mg24 	22335.8 	0.128713  1  -651.114  5857
Mg24 	22335.8 	0.149883  1  755.493  4556
Mg24 	22335.8 	0.14442  1  2784.14  2414
Mg24 	22335.8 	0.243971  1  2298.63  2807
Mg24 	22335.8 	0.133975  1  -4006.24  9390
Mg24 	22335.8 	0.130289  1  -234.672  5349
Mg24 	22335.8 	0.154187  1  2080.16  2994
Mg24 	22335.8 	0.134054  1  2157.88  2958
Mg24 	22335.8 	0.145029  1  3473.27  1626
Mg24 	22335.8 	0.262101  1  307.661  4848
Mg24 	22335.8 	0.189371  1  2144.12  2997
Mg24 	22335.8 	0.743733  1  2828.36  2196
Mg24 	22335.8 	0.161237  1  1550.78  3585
Mg24 	22335.8 	0.191336  1  4785.49  232
Mg24 	22335.8 	0.251424  1  3083.96  1945
Mg24 	22335.8 	0.203292  1  3290.71  1789
Mg24 	22335.8 	0.191643  1  -2925.66  8356
Mg24 	22335.8 	0.24195  1  1164.86  3961
Mg24 	22335.8 	0.241292  1  279.071  4947
Mg24 	22335.8 	1.60626  1  106.968  5201
Mg24 	22335.8 	0.165679  1  -1182.42  6499
Mg24 	22335.8 	0.254616  1  3432.84  1637
Mg24 	22335.8 	0.135272  1  1940.62  3086
Mg24 	22335.8 	0.177634  1  1266.15  3928
Mg24 	22335.8 	1.25406  1  -1459.72  6764
Mg24 	22335.8 	0.191301  1  -1194.24  6525
Mg24 	22335.8 	0.158012  1  93.4014  5240
Mg24 	22335.8 	0.586254  1  3228.14  1911
Mg24 	22335.8 	0.246093  1  -994.846  6381
Mg24 	22335.8 	0.136722  1  3328.25  1777
Mg24 	22335.8 	0.166481  1  -1018.13  6263
Mg24 	22335.8 	0.21732  1  -3130.89  8429
Mg24 	22335.8 	0.217608  1  2905.17  2226
Mg24 	22335.8 	0.181533  1  -2414.35  7828
Mg24 	22335.8 	0.131947  1  1349.97  3746
Mg24 	22335.8 	0.231677  1  -1663.56  7036
Mg24 	22335.8 	0.167904  1  3880.77  1174
Mg24 	22335.8 	0.243202  1  -3047.52  8348
Mg24 	22335.8 	0.397296  1  3700.61  1320
Mg24 	22335.8 	0.175841  1  -4719.63  10346
Mg24 	22335.8 	0.168836  1  1403.3  3788
Mg24 	22335.8 	0.133149  1  3481.79  1630
Mg24 	22335.8 	0.167294  1  3917.57  1098
Mg24 	22335.8 	0.346025  1  4779.44  224
Mg24 	22335.8 	0.148407  1  3203.83  1807
Mg24 	22335.8 	0.432681  1  2467.93  2654
Mg24 	22335.8 	0.212412  1  -2737.28  8076
Mg24 	22335.8 	0.139156  1  -1318.79  6739
Mg24 	22335.8 	0.275407  1  -1640.54  6902
Mg24 	22335.8 	0.161981  1  -3659  9024
Mg24 	22335.8 	0.128176  1  -3300.6  8745
Mg24 	22335.8 	0.481549  1  -4510.4  10039
Mg24 	22335.8 	0.483175  1  292.015  4867
Mg24 	22335.8 	0.273223  1  4833.66  170
Mg24 	22335.8 	0.213281  1  -3890.53  9399
Mg24 	22335.8 	0.20447  1  -3985.52  9320
Mg24 	22335.8 	0.254444  1  1716.5  3459
Mg24 	22335.8 	0.232943  1  3254.83  1797
Mg24 	22335.8 	0.174099  1  2121.14  3036
Mg24 	22335.8 	0.15282  1  -796.901  6214
Mg24 	22335.8 	0.149205  1  1616.39  3513
Mg24 	22335.8 	0.208873  1  3628.85  1434
Mg24 	22335.8 	1.44529  1  2372  2749
Mg24 	22335.8 	0.133094  1  -325.968  5490
Mg24 	22335.8 	0.131917  1  3781.06  1255
Mg24 	22335.8 	0.184243  1  1611.42  3644
Mg24 	22335.8 	0.240795  1  -4569.99  9968
Mg24 	22335.8 	0.165994  1  -4763.59  10316
Mg24 	22335.8 	0.215558  1  2945.67  2220
Mg24 	22335.8 	0.1973  1  3709.49  1342
Mg24 	22335.8 	0.293907  1  -2816.79  8122
Mg24 	22335.8 	0.780482  1  -2794.74  8126
Mg24 	22335.8 	0.166005  1  -2439.73  7910
Mg24 	22335.8 	0.524374  1  3692.54  1309
Mg24 	22335.8 	0.165865  1  4750.14  229
Mg24 	22335.8 	0.317846  1  -1870.91  7038
Mg24 	22335.8 	0.427073  1  4466.29  541
Mg24 	22335.8 	0.152804  1  -4281.38  9840
Mg24 	22335.8 	0.224621  1  -4015.62  9448
Mg24 	22335.8 	0.338172  1  -4976.84  10517
Mg24 	22335.8 	0.332392  1  -3620.12  9109
Mg24 	22335.8 	0.174673  1  -4074.62  9686
Mg24 	22335.8 	0.147622  1  4585.31  442
Mg24 	22335.8 	0.175851  1  3590.49  1467
Mg24 	22335.8 	0.154749  1  70.748  5059
Mg24 	22335.8 	0.134296  1  -63.8931  5187
Mg24 	22335.8 	0.754227  1  -3205.43  8460
Mg24 	22335.8 	0.256373  1  4069.34  956
Mg24 	22335.8 	0.316284  1  -1681.47  7072
Mg24 	22335.8 	0.135081  1  -860.677  5962
Mg24 	22335.8 	0.160412  1  1409.14  3763
Mg24 	22335.8 	0.12875  1  2033.86  3156
Mg24 	22335.8 	1.1045  1  3886.39  1152
Mg24 	22335.8 	0.242403  1  -329.173  5620
Mg24 	22335.8 	0.269315  1  -179.648  5377
Mg24 	22335.8 	0.132744  1  -2292.97  7602
Mg24 	22335.8 	0.20936  1  -3634.19  8841
Mg24 	22335.8 	0.252396  1  3135.08  2008
Mg24 	22335.8 	0.131552  1  3627.74  1472
Mg24 	22335.8 	0.324316  1  -379.145  5753
Mg24 	22335.8 	0.147663  1  -346.14  5594
Mg24 	22335.8 	0.306284  1  853.586  4396
Mg24 	22335.8 	0.395651  1  -3324.28  8636
Mg24 	22335.8 	0.215263  1  -1032.81  6424
Mg24 	22335.8 	0.37722  1  2326.35  2854
Mg24 	22335.8 	0.155875  1  1749.95  3340
Mg24 	22335.8 	0.258708  1  3212.06  1906
Mg24 	22335.8 	0.199124  1  1958.67  3138
Mg24 	22335.8 	0.326624  1  -158.854  5442
Mg24 	22335.8 	0.125915  1  -3811.82  9347
Mg24 	22335.8 	0.314545  1  -1333.24  6624
Mg24 	22335.8 	0.147587  1  -4396.38  9995
Mg24 	22335.8 	0.197913  1  -4936.69  10367
Mg24 	22335.8 	0.151666  1  2267.01  2844
Mg24 	22335.8 	0.168762  1  -258.948  5563
Mg24 	22335.8 	0.17268  1  1251.6  3892
Mg24 	22335.8 	0.144737  1  -2564.6  7918
Mg24 	22335.8 	0.437021  1  1221.23  3947
Mg24 	22335.8 	0.884825  1  -4573.74  10028
Mg24 	22335.8 	0.224041  1  2894.88  2207
Mg24 	22335.8 	0.147143  1  -2626.59  8071
Mg24 	22335.8 	0.138552  1  2041.15  3001
Mg24 	22335.8 	0.136021  1  4749.65  237
Mg24 	22335.8 	0.172498  1  2661.65  2412
Mg24 	22335.8 	0.125651  1  -4926.7  10413
Mg24 	22335.8 	0.164686  1  -3910.42  9247
Mg24 	22335.8 	0.181535  1  725.168  4499
Mg24 	22335.8 	0.253416  1  -1109.79  6255
Mg24 	22335.8 	0.191008  1  -4493.9  10108
Mg24 	22335.8 	0.347536  1  -1620.26  6873
Mg24 	22335.8 	0.145902  1  -898.944  6260
Mg24 	22335.8 	0.215441  1  -4021.21  9536
Mg24 	22335.8 	0.18189  1  883.421  4341
Mg24 	22335.8 	0.152237  1  1595.98  3638
Mg24 	22335.8 	0.283765  1  -1572.36  6745
Mg24 	22335.8 	0.145357  1  4850.6  173
Mg24 	22335.8 	0.127821  1  2987.6  2130
Mg24 	22335.8 	0.157736  1  3761.67  1295
Mg24 	22335.8 	0.207333  1  1502.97  3531
Mg24 	22335.8 	0.180728  1  1634.02  3498
Mg24 	22335.8 	0.437909  1  4155.88  918
Mg24 	22335.8 	0.311732  1  4091.89  952
Mg24 	22335.8 	0.185204  1  40.8941  5209
Mg24 	22335.8 	0.176646  1  919.607  4300
Mg24 	22335.8 	0.260074  1  -4850.87  10329
Mg24 	22335.8 	0.20744  1  549.307  4618
Mg24 	22335.8 	0.221387  1  3946.19  1116
Mg24 	22335.8 	0.149004  1  -2732.22  8130
Mg24 	22335.8 	0.135064  1  -3352.41  8718
Mg24 	22335.8 	0.484967  1  -3223.18  8462
Mg24 	22335.8 	0.253925  1  -3288.38  8766
Mg24 	22335.8 	0.188997  1  -584.777  5887
Mg24 	22335.8 	0.194217  1  3054.54  2089
Mg24 	22335.8 	0.987245  1  3512.75  1619
Mg24 	22335.8 	0.152801  1  -1415.13  6625
Mg24 	22335.8 	0.260124  1  -3576.18  8946
Mg24 	22335.8 	0.215286  1  -41.8016  5298
Mg24 	22335.8 	0.13377  1  3879.69  1134
Mg24 	22335.8 	0.132791  1  3801.93  1219
Mg24 	22335.8 	0.127312  1  3606.61  1390
Mg24 	22335.8 	0.161621  1  -4106.14  9356
Mg24 	22335.8 	0.238689  1  -4982.41  10533
Mg24 	22335.8 	0.127622  1  -2029.87  7305
Mg24 	22335.8 	0.745222  1  -782.626  5973
Mg24 	22335.8 	0.992784  1  -4125.58  9498
Mg24 	22335.8 	0.400446  1  -3785.89  9181
Mg24 	22335.8 	0.219293  1  -3236.78  8584
Mg24 	22335.8 	0.133536  1  4226.63  802
Mg24 	22335.8 	0.925312  1  3908.44  1144
Mg24 	22335.8 	0.137373  1  4011.26  1002
Mg24 	22335.8 	0.162032  1  -2466.41  7732
Mg24 	22335.8 	0.144577  1  -3907.6  9266
Mg24 	22335.8 	0.257981  1  -3193.83  8552
Mg24 	22335.8 	0.204837  1  -405.657  5634
Mg24 	22335.8 	0.131663  1  2305.27  2899
Mg24 	22335.8 	0.144123  1  -4453.15  9866
Mg24 	22335.8 	0.157981  1  2836.55  2246
Mg24 	22335.8 	0.796599  1  1174.1  4111
Mg24 	22335.8 	0.151831  1  -1060.71  6253
Mg24 	22335.8 	0.127605  1  4669.42  311
Mg24 	22335.8 	0.160333  1  -4715.74  10260
Mg24 	22335.8 	0.190476  1  -1145.72  6450
Mg24 	22335.8 	0.13174  1  -2473.79  7668
Mg24 	22335.8 	0.160474  1  -237.823  5500
Mg24 	22335.8 	0.137027  1  3553.64  1604
Mg24 	22335.8 	0.128147  1  4306.07  701
Mg24 	22335.8 	0.146629  1  -2235.28  7444
Mg24 	22335.8 	0.197596  1  -2866.14  8252
Mg24 	22335.8 	0.617575  1  -1744.14  6825
Mg24 	22335.8 	0.169976  1  -4816.07  10238
Mg24 	22335.8 	0.150526  1  2939.83  2118
Mg24 	22335.8 	0.214189  1  4823.67  193
Mg24 	22335.8 	0.183338  1  -1011.22  6200
Mg24 	22335.8 	0.593394  1  -4577.72  9914
Mg24 	22335.8 	0.154561  1  3537.21  1579
Mg24 	22335.8 	0.330478  1  -4141.83  9384
Mg24 	22335.8 	7.3991  1  -717.47  5947
Mg24 	22335.8 	0.149091  1  -2672.84  8034
Mg24 	22335.8 	0.292866  1  1576.7  3559
Mg24 	22335.8 	0.127086  1  1397.78  3713
Mg24 	22335.8 	0.367731  1  4782.3  238
Mg24 	22335.8 	0.184225  1  -1149.3  6440
Mg24 	22335.8 	0.126178  1  -3101.32  8343
Mg24 	22335.8 	0.225512  1  2216.43  2949
Mg24 	22335.8 	0.589376  1  -1562.61  6936
Mg24 	22335.8 	0.179458  1  718.983  4380
Mg24 	22335.8 	1.10435  1  3169.94  1940
Mg24 	22335.8 	0.25422  1  -1803.97  7150
Mg24 	22335.8 	0.834144  1  -4735.26  10020
Mg24 	22335.8 	0.168848  1  -2406.63  7760
Mg24 	22335.8 	0.240102  1  1588.85  3613
Mg24 	22335.8 	0.156615  1  4325.5  654
Mg24 	22335.8 	0.155792  1  3478.9  1579
Mg24 	22335.8 	0.155253  1  2805.91  2276
Mg24 	22335.8 	0.415033  1  -605.692  5918
Mg24 	22335.8 	0.138812  1  3100.7  2064
Mg24 	22335.8 	0.127847  1  -2670.79  7893
Mg24 	22335.8 	0.54019  1  -2096.28  7431
Mg24 	22335.8 	0.763661  1  1802.05  3402
Mg24 	22335.8 	0.167578  1  1995.57  3095
Mg24 	22335.8 	0.163065  1  3784.08  1313
Mg24 	22335.8 	1.57856  1  1594.53  3592
Mg24 	22335.8 	0.206957  1  -953.577  6110
Mg24 	22335.8 	0.2255  1  -16.482  5224
Mg24 	22335.8 	0.149689  1  3094.24  2086
Mg24 	22335.8 	0.146319  1  -3611.9  9008
Mg24 	22335.8 	0.165143  1  2927.61  2124
Mg24 	22335.8 	0.197089  1  3170.46  1939
Mg24 	22335.8 	0.170772  1  -1843  7297
Mg24 	22335.8 	0.127915  1  3005.68  2188
Mg24 	22335.8 	0.33263  1  -735.633  6055
Mg24 	22335.8 	0.205951  1  1108.63  4138
Mg24 	22335.8 	0.177514  1  3490.87  1616
Mg24 	22335.8 	0.129726  1  -2465.65  7841
Mg24 	22335.8 	0.186885  1  4326.29  711
Mg24 	22335.8 	0.152223  1  -1458.41  6667
Mg24 	22335.8 	0.209846  1  -918.914  6273
Mg24 	22335.8 	0.306285  1  -4543.6  9943
Mg24 	22335.8 	0.143203  1  4461.39  584
Mg24 	22335.8 	0.148562  1  4303.94  687
Mg24 	22335.8 	2.13757  1  -463.317  5834
Mg24 	22335.8 	0.15832  1  -2572.44  8001
Mg24 	22335.8 	0.204393  1  2178.58  2968
Mg24 	22335.8 	0.126401  1  -334.209  5481
Mg24 	22335.8 	0.177793  1  -1113.69  6373
Mg24 	22335.8 	0.150312  1  2431.98  2697
Mg24 	22335.8 	0.163276  1  -1337.06  6742
Mg24 	22335.8 	0.193095  1  -1959.45  7275
Mg24 	22335.8 	0.131239  1  -4414.92  9740
Mg24 	22335.8 	0.147351  1  -3130.26  8498
Mg24 	22335.8 	0.213438  1  -4796.99  10260
Mg24 	22335.8 	0.126426  1  -3976.86  9406
Mg24 	22335.8 	1.31302  1  -1134.96  6256
Mg24 	22335.8 	0.281327  1  -3468.62  8586
Mg24 	22335.8 	0.193387  1  -1759  7297
Mg24 	22335.8 	0.143417  1  597.341  4765
Mg24 	22335.8 	0.408462  1  -1061.31  6213
Mg24 	22335.8 	0.16214  1  -3695.19  9152
Mg24 	22335.8 	0.513835  1  1105.82  4086
Mg24 	22335.8 	0.270597  1  -2970.07  8399
Mg24 	22335.8 	0.156478  1  3772.14  1287
Mg24 	22335.8 	0.192553  1  -123.174  5450
Mg24 	22335.8 	0.187033  1  -1512.84  6893
Mg24 	22335.8 	0.372156  1  -1838.32  7255
Mg24 	22335.8 	0.193489  1  2895.93  2137
Mg24 	22335.8 	0.328526  1  4602.22  441
Mg24 	22335.8 	0.258544  1  -1460.97  6627
Mg24 	22335.8 	0.380168  1  1136.4  4045
Mg24 	22335.8 	0.146619  1  -4515.7  9986
Mg24 	22335.8 	0.186028  1  777.16  4330
Mg24 	22335.8 	0.195557  1  -226.631  5617
Mg24 	22335.8 	0.151559  1  -2340.89  7703
Mg24 	22335.8 	0.149636  1  614.533  4628
Mg24 	22335.8 	0.346398  1  -4057.3  9532
Mg24 	22335.8 	0.179235  1  324.843  4923
Mg24 	22335.8 	0.410808  1  -655.962  5920
Mg24 	22335.8 	0.186517  1  -4392.7  9818
Mg24 	22335.8 	0.154453  1  3308.56  1807
Mg24 	22335.8 	0.166299  1  2079.13  3098
Mg24 	22335.8 	0.168175  1  4992.7  10
Mg24 	22335.8 	0.16425  1  -1919.09  7176
Mg24 	22335.8 	0.137213  1  4949.15  60
Mg24 	22335.8 	0.371813  1  4561.86  476
Mg24 	22335.8 	0.738909  1  -2715.74  8198
Mg24 	22335.8 	0.296402  1  2079.55  3121
Mg24 	22335.8 	1.30274  1  -4060.97  9491
Mg24 	22335.8 	0.136905  1  -2363.4  7670
Mg24 	22335.8 	0.203791  1  -2140.77  7449
Mg24 	22335.8 	0.180185  1  -4079.79  9429
Mg24 	22335.8 	0.293116  1  -1103.73  6354
Mg24 	22335.8 	0.278959  1  1525.85  3707
Mg24 	22335.8 	0.128561  1  -2300.86  7777
Mg24 	22335.8 	0.127749  1  2881.42  2261
Mg24 	22335.8 	0.307943  1  1936.66  3248
Mg24 	22335.8 	0.274604  1  -4969.27  10534
Mg24 	22335.8 	0.336788  1  -3474.81  9047
Mg24 	22335.8 	0.131485  1  1597.12  3598
Mg24 	22335.8 	0.569423  1  -594.833  5813
Mg24 	22335.8 	0.415768  1  -2798.97  8405
Mg24 	22335.8 	0.253921  1  -3174.64  8793
Mg24 	22335.8 	0.139434  1  -4547.26  10054
Mg24 	22335.8 	0.512442  1  3987.36  1073
Mg24 	22335.8 	0.202264  1  -1411.35  6671
Mg24 	22335.8 	0.305949  1  2468.82  2676
Mg24 	22335.8 	0.167158  1  -4519.77  10049
Mg24 	22335.8 	0.29111  1  4274.62  842
Mg24 	22335.8 	0.201331  1  -910.442  6101
Mg24 	22335.8 	0.510884  1  2995.67  2053
Mg24 	22335.8 	0.283709  1  844.396  4237
Mg24 	22335.8 	0.2402  1  -4195.41  9706
Mg24 	22335.8 	0.159975  1  1247.59  3979
Mg24 	22335.8 	0.248413  1  4464.44  587
Mg24 	22335.8 	0.225707  1  4880.34  123
Mg24 	22335.8 	0.163672  1  2436.41  2703
Mg24 	22335.8 	0.167583  1  -172.796  5483
Mg24 	22335.8 	0.131602  1  -4463.84  10009
Mg24 	22335.8 	0.597536  1  3316.6  1843
Mg24 	22335.8 	0.13215  1  -4592.69  9923
Mg24 	22335.8 	0.363723  1  -1047.94  6273
Mg24 	22335.8 	0.425534  1  4592.1  408
Mg24 	22335.8 	0.17336  1  1736.79  3482
Mg24 	22335.8 	0.475287  1  -1860.78  7168
Mg24 	22335.8 	0.280244  1  -1100.82  6456
Mg24 	22335.8 	0.22827  1  1449.96  3797
Mg24 	22335.8 	0.155966  1  780.296  4358
Mg24 	22335.8 	0.191751  1  3780.6  1323
Mg24 	22335.8 	0.126539  1  1073.72  4091
Mg24 	22335.8 	0.160112  1  -3583.79  8879
Mg24 	22335.8 	0.273582  1  1349.21  3862
Mg24 	22335.8 	0.178159  1  4220.59  805
Mg24 	22335.8 	0.148711  1  -4179.55  9827
Mg24 	22335.8 	0.196155  1  -3483.82  8658
Mg24 	22335.8 	0.171956  1  4098.75  936
Mg24 	22335.8 	0.128036  1  4599.52  413
Mg24 	22335.8 	0.289042  1  2350.11  2899
Mg24 	22335.8 	0.247565  1  619.28  4576
Mg24 	22335.8 	0.55994  1  -3571.56  8843
Mg24 	22335.8 	0.393422  1  -4762.48  10411
Mg24 	22335.8 	0.233801  1  -4809.96  10387
Mg24 	22335.8 	0.132518  1  1703.59  3355
Mg24 	22335.8 	0.502246  1  -697.03  5847
Mg24 	22335.8 	0.161163  1  -4409.4  9915
Mg24 	22335.8 	0.320983  1  -189.374  5423
Mg24 	22335.8 	0.296195  1  -1643.8  7027
Mg24 	22335.8 	0.655829  1  2259.62  2860
Mg24 	22335.8 	0.146611  1  2349.93  2840
Mg24 	22335.8 	0.166595  1  -3681.43  8950
Mg24 	22335.8 	0.1595  1  -2986.96  8307
Mg24 	22335.8 	0.283259  1  -3386.16  8666
Mg24 	22335.8 	0.223021  1  -3652.92  9343
Mg24 	22335.8 	0.150493  1  1888.86  3231
Mg24 	22335.8 	0.422533  1  3584.24  1448
Mg24 	22335.8 	0.167451  1  2340.45  2796
Mg24 	22335.8 	0.356686  1  -4145.51  9622
Mg24 	22335.8 	0.682787  1  4996.34  7
Mg24 	22335.8 	0.249982  1  844.463  4286
Mg24 	22335.8 	0.170038  1  2833  2307
Mg24 	22335.8 	0.288038  1  -3457  8947
Mg24 	22335.8 	0.152757  1  3197.84  1831
Mg24 	22335.8 	0.322667  1  3329.7  1773
Mg24 	22335.8 	0.29647  1  2420.04  2743
Mg24 	22335.8 	0.168125  1  -4339.43  9980
Mg24 	22335.8 	0.206898  1  2195.1  2927
Mg24 	22335.8 	0.153071  1  3329.18  1677
Mg24 	22335.8 	0.240142  1  485.903  4651
Mg24 	22335.8 	0.227099  1  -4027.2  9420
Mg24 	22335.8 	0.144294  1  -1053.48  6368
Mg24 	22335.8 	0.745428  1  -2645.59  8041
Mg24 	22335.8 	0.394735  1  4364.3  652
Mg24 	22335.8 	0.559545  1  -976.026  6380
Mg24 	22335.8 	0.167105  1  -1834.61  7224
Mg24 	22335.8 	0.280079  1  -4640.09  10143
Mg24 	22335.8 	0.145037  1  -1901.58  7228
Mg24 	22335.8 	0.167205  1  1447.61  3689
Mg24 	22335.8 	0.188124  1  4738.8  238
Mg24 	22335.8 	0.203604  1  -2856.89  8246
Mg24 	22335.8 	0.831341  1  914.064  4282
Mg24 	22335.8 	0.134761  1  3476.45  1552
Mg24 	22335.8 	0.399279  1  1430.83  3674
Mg24 	22335.8 	0.152423  1  2876.15  2229
Mg24 	22335.8 	0.200905  1  -86.4945  5304
Mg24 	22335.8 	0.285769  1  4612.84  392
Mg24 	22335.8 	0.188755  1  1601.27  3602
Mg24 	22335.8 	0.184019  1  -2115.88  7449
Mg24 	22335.8 	0.196191  1  -1089.25  6434
Mg24 	22335.8 	0.324531  1  -3600.85  9024
Mg24 	22335.8 	0.256384  1  -4180.74  9574
Mg24 	22335.8 	0.855625  1  -2332.17  7892
Mg24 	22335.8 	0.192731  1  -41.773  5214
Mg24 	22335.8 	0.136993  1  2420.23  2761
Mg24 	22335.8 	0.187177  1  1386.47  3801
Mg24 	22335.8 	0.156264  1  4180.89  841
Mg24 	22335.8 	0.144723  1  -4562.3  9907
Mg24 	22335.8 	2.50904  1  -997.886  6144
Mg24 	22335.8 	0.273793  1  -2966.03  8277
Mg24 	22335.8 	0.788974  1  -1958.05  7327
Mg24 	22335.8 	0.147788  1  3724.15  1349
Mg24 	22335.8 	0.125551  1  3584.23  1488
Mg24 	22335.8 	0.177553  1  -1191.83  6621
Mg24 	22335.8 	0.157195  1  2226.99  2895
Mg24 	22335.8 	0.2284  1  -2850.01  8099
Mg24 	22335.8 	0.178675  1  4848.4  160
Mg24 	22335.8 	0.128425  1  -1593.86  6911
Mg24 	22335.8 	0.260534  1  -3122.39  8589
Mg24 	22335.8 	0.631388  1  716.346  4467
Mg24 	22335.8 	0.167624  1  -3070.15  8427
Mg24 	22335.8 	0.33648  1  -1517.49  6702
Mg24 	22335.8 	0.192968  1  -976.35  6439
Mg24 	22335.8 	0.130238  1  856.586  4363
Mg24 	22335.8 	0.142575  1  1316.31  3860
Mg24 	22335.8 	0.1308  1  -4396.63  9738
Mg24 	22335.8 	0.397959  1  3459.01  1671
Mg24 	22335.8 	0.388336  1  658.343  4493
Mg24 	22335.8 	0.385481  1  -1717.59  6981
Mg24 	22335.8 	0.248753  1  3437.35  1703
Mg24 	22335.8 	0.496967  1  4777.24  251
Mg24 	22335.8 	0.134571  1  4201.36  864
Mg24 	22335.8 	0.33508  1  -4427.18  9935
Mg24 	22335.8 	0.189521  1  -2588.59  7892
Mg24 	22335.8 	0.146526  1  -4797.9  10057
Mg24 	22335.8 	0.12817  1  -4720.6  10157
Mg24 	22335.8 	0.510954  1  -227.548  5605
Mg24 	22335.8 	0.18982  1  -635.877  5828
Mg24 	22335.8 	0.295068  1  457.88  4579
Mg24 	22335.8 	0.179297  1  2140.9  3002
Mg24 	22335.8 	0.157891  1  -4624.73  9800
Mg24 	22335.8 	0.202053  1  -2603.57  7856
Mg24 	22335.8 	0.17043  1  4406.92  625
Mg24 	22335.8 	0.167494  1  1282.55  3842
Mg24 	22335.8 	0.160668  1  621.996  4626
Mg24 	22335.8 	0.192629  1  -2631.04  8000
Mg24 	22335.8 	0.201477  1  -4032.9  9559
Mg24 	22335.8 	0.13883  1  -3101.59  8496
Mg24 	22335.8 	0.57882  1  1131.17  4158
Mg24 	22335.8 	0.141377  1  -4653.32  10159
Mg24 	22335.8 	0.23563  1  -831.781  6112
Mg24 	22335.8 	0.13852  1  -1623.3  6972
Mg24 	22335.8 	0.205728  1  1574.99  3627
Mg24 	22335.8 	0.224364  1  1951.32  3275
Mg24 	22335.8 	0.132874  1  -4721.48  10214
Mg24 	22335.8 	0.161829  1  -4090.5  9380
Mg24 	22335.8 	0.42621  1  4970.41  30
Mg24 	22335.8 	0.203597  1  -4597.58  10115
Mg24 	22335.8 	0.445903  1  787.014  4349
Mg24 	22335.8 	0.135438  1  332.434  4776
Mg24 	22335.8 	0.342127  1  1708.09  3407
Mg24 	22335.8 	0.13896  1  -1980.46  7317
Mg24 	22335.8 	0.147408  1  -4556.27  10006
Mg24 	22335.8 	0.128717  1  566.146  4700
Mg24 	22335.8 	0.156842  1  1739.1  3396
Mg24 	22335.8 	0.131717  1  -1030.44  6249
Mg24 	22335.8 	0.315776  1  1196.71  4041
Mg24 	22335.8 	0.131587  1  -1473.87  6840
Mg24 	22335.8 	0.267287  1  760.899  4417
Mg24 	22335.8 	0.131871  1  2337.42  2819
Mg24 	22335.8 	0.787899  1  1884.65  3311
Mg24 	22335.8 	0.136375  1  3173.51  1928
Mg24 	22335.8 	0.142115  1  1130.73  4024
Mg24 	22335.8 	0.409163  1  -1917.22  7275
Mg24 	22335.8 	0.132206  1  -1461.39  6787
Mg24 	22335.8 	0.263727  1  2826.59  2378
Mg24 	22335.8 	0.191786  1  1280.88  3819
Mg24 	22335.8 	0.136356  1  308.878  4947
Mg24 	22335.8 	0.151966  1  -2100.48  7353
Mg24 	22335.8 	0.146672  1  3758.47  1251
Mg24 	22335.8 	0.27702  1  -1019.07  6330
Mg24 	22335.8 	0.285093  1  -3565.45  8984
Mg24 	22335.8 	0.332464  1  -1456.75  6728
Mg24 	22335.8 	0.154983  1  1570.23  3535
Mg24 	22335.8 	0.338819  1  -377.38  5550
Mg24 	22335.8 	0.178887  1  -3072.38  8440
Mg24 	22335.8 	0.441355  1  189.287  5163
Mg24 	22335.8 	0.22924  1  -772.176  6045
Mg24 	22335.8 	0.257907  1  -2903.35  8385
Mg24 	22335.8 	0.225089  1  808.179  4411
Mg24 	22335.8 	0.140701  1  -2830.16  8149
Mg24 	22335.8 	0.324487  1  -1466.22  6764
Mg24 	22335.8 	0.179467  1  -230.667  5438
Mg24 	22335.8 	0.190967  1  -3281.17  8738
Mg24 	22335.8 	0.149284  1  3852.48  1254
Mg24 	22335.8 	0.151534  1  526.235  4720
Mg24 	22335.8 	0.150438  1  2548.57  2550
Mg24 	22335.8 	0.195475  1  -3952.18  9310
Mg24 	22335.8 	0.897478  1  319.833  4853
Mg24 	22335.8 	0.389672  1  409.18  4849
Mg24 	22335.8 	0.200367  1  -4350.06  9721
Mg24 	22335.8 	0.517371  1  4967.27  44
Mg24 	22335.8 	0.148909  1  1324.56  3871
Mg24 	22335.8 	0.164677  1  -2502.65  7726
Mg24 	22335.8 	0.398639  1  -4509.42  9910
Mg24 	22335.8 	0.341581  1  2815.66  2241
Mg24 	22335.8 	0.446041  1  -4053.79  9496
Mg24 	22335.8 	0.363658  1  4134.74  902
Mg24 	22335.8 	0.136158  1  3028.46  2020
Mg24 	22335.8 	1.51516  1  1817.66  3342
Mg24 	22335.8 	1.03401  1  -2356.5  7769
Mg24 	22335.8 	0.156188  1  -4781.58  10365
Mg24 	22335.8 	0.368127  1  -698.982  5933
Mg24 	22335.8 	0.331109  1  -2477.41  7810
Mg24 	22335.8 	0.246021  1  -161.827  5382
Mg24 	22335.8 	0.156181  1  3618.82  1439
Mg24 	22335.8 	0.182526  1  -4834.7  10237
Mg24 	22335.8 	0.530053  1  -1872.9  7314
Mg24 	22335.8 	0.153349  1  -803.92  6062
Mg24 	22335.8 	0.133538  1  4829.91  171
Mg24 	22335.8 	0.216045  1  2288.07  2734
Mg24 	22335.8 	0.173216  1  3887.79  1129
Mg24 	22335.8 	0.406605  1  -4376.32  9803
Mg24 	22335.8 	0.49254  1  -4088.33  9530
Mg24 	22335.8 	0.149665  1  -3332.49  8558
Mg24 	22335.8 	0.126876  1  2891.05  2281
Mg24 	22335.8 	0.127514  1  -2905.64  8283
Mg24 	22335.8 	0.152139  1  2432.56  2701
Mg24 	22335.8 	0.727321  1  -2497.74  7989
Mg24 	22335.8 	0.394025  1  -924.184  6256
Mg24 	22335.8 	0.227228  1  2900.11  2195
Mg24 	22335.8 	0.128605  1  4225.36  813
Mg24 	22335.8 	0.33501  1  -2868.58  8256
Mg24 	22335.8 	0.135219  1  -1839.87  7042
Mg24 	22335.8 	0.297726  1  3379.27  1698
Mg24 	22335.8 	0.13692  1  881.899  4383
Mg24 	22335.8 	0.245755  1  829.306  4427
Mg24 	22335.8 	0.203811  1  -3995.92  9420
Mg24 	22335.8 	0.14122  1  -1177.77  6396
Mg24 	22335.8 	0.447028  1  454.576  4778
Mg24 	22335.8 	0.228542  1  -2661.89  8018
Mg24 	22335.8 	0.358783  1  -3858.2  9392
Mg24 	22335.8 	0.277766  1  1928.38  3309
Mg24 	22335.8 	0.236571  1  -1683.33  7010
Mg24 	22335.8 	0.258352  1  -3012.41  8413
Mg24 	22335.8 	1.10158  1  -3636.27  9100
Mg24 	22335.8 	0.177822  1  3750.8  1323
Mg24 	22335.8 	0.341178  1  -4960.91  10305
Mg24 	22335.8 	0.193275  1  -2970.1  8284
Mg24 	22335.8 	0.181315  1  863.947  4347
Mg24 	22335.8 	0.218873  1  562.706  4597
Mg24 	22335.8 	0.584167  1  -4706.46  10252
Mg24 	22335.8 	0.145029  1  2912.53  2219
Mg24 	22335.8 	0.175571  1  4068.61  975
Mg24 	22335.8 	0.233859  1  -4749.28  10250
Mg24 	22335.8 	0.161751  1  1856.61  3332
Mg24 	22335.8 	0.200957  1  3921.32  1069
Mg24 	22335.8 	0.184322  1  2147.52  3068
Mg24 	22335.8 	0.149769  1  2486.61  2635
Mg24 	22335.8 	0.787234  1  1966.68  3132
Mg24 	22335.8 	0.170968  1  2699.81  2416
Mg24 	22335.8 	0.237343  1  328.127  4971
Mg24 	22335.8 	0.186455  1  2003.35  3165
Mg24 	22335.8 	0.137795  1  320.507  4982
Mg24 	22335.8 	0.306375  1  128.967  5050
Mg24 	22335.8 	0.180189  1  -4862.83  10331
Mg24 	22335.8 	0.242153  1  -1177  6502
Mg24 	22335.8 	0.134447  1  -3114.06  8526
Mg24 	22335.8 	0.14922  1  908.146  4311
Mg24 	22335.8 	0.397954  1  -3636.44  8982
Mg24 	22335.8 	0.155349  1  3406.34  1605
Mg24 	22335.8 	0.16922  1  4780.71  206
Mg24 	22335.8 	0.140008  1  -2840.18  8226
Mg24 	22335.8 	0.171968  1  -1979.27  7197
Mg24 	22335.8 	0.138604  1  -666.427  6041
Mg24 	22335.8 	0.267379  1  -4496.78  9929
Mg24 	22335.8 	0.244472  1  -840.078  6087
Mg24 	22335.8 	0.18653  1  4650.68  376
Mg24 	22335.8 	0.141529  1  -1714.14  6876
Mg24 	22335.8 	0.342043  1  -2416.18  7605
