Mg24 	22335.8 	0.15743  1  4886.34  123
Mg24 	22335.8 	0.466381  1  -1372.38  6537
Mg24 	22335.8 	0.161423  1  -2975.16  8458
Mg24 	22335.8 	0.169123  1  3094.36  2017
Mg24 	22335.8 	0.233223  1  -4724.9  10255
Mg24 	22335.8 	0.207515  1  -1762.14  7210
Mg24 	22335.8 	0.161106  1  1533.51  3628
Mg24 	22335.8 	0.244169  1  -1109.14  6423
Mg24 	22335.8 	0.13482  1  -111.352  5296
Mg24 	22335.8 	0.143916  1  -223.439  5438
Mg24 	22335.8 	0.131225  1  4808.7  201
Mg24 	22335.8 	0.170399  1  2131.28  2986
Mg24 	22335.8 	0.491067  1  1566.06  3702
Mg24 	22335.8 	0.473562  1  -759.393  6101
Mg24 	22335.8 	0.807598  1  2357.64  2839
Mg24 	22335.8 	0.591877  1  326.5  4863
Mg24 	22335.8 	0.134476  1  -1517.32  6868
Mg24 	22335.8 	0.145655  1  -1729.37  7067
Mg24 	22335.8 	0.186927  1  -2686.96  8073
Mg24 	22335.8 	0.237442  1  -2017.2  7286
Mg24 	22335.8 	0.166054  1  -1248.32  6635
Mg24 	22335.8 	0.210589  1  2544.91  2608
Mg24 	22335.8 	0.479876  1  -2711.66  8021
Mg24 	22335.8 	0.272293  1  -5.36579  5229
Mg24 	22335.8 	0.162268  1  2420.79  2760
Mg24 	22335.8 	0.136629  1  3107.79  1991
Mg24 	22335.8 	0.611703  1  4602.07  380
Mg24 	22335.8 	0.129843  1  -3654.09  9052
Mg24 	22335.8 	0.165036  1  -2033.65  7318
Mg24 	22335.8 	0.44149  1  3644.97  1353
Mg24 	22335.8 	0.3669  1  -284.547  5441
Mg24 	22335.8 	0.168991  1  -4006.93  9522
Mg24 	22335.8 	0.299549  1  3533.12  1509
Mg24 	22335.8 	0.209946  1  1921.75  3244
Mg24 	22335.8 	0.197129  1  2228.87  2842
Mg24 	22335.8 	0.168889  1  1616.21  3667
Mg24 	22335.8 	0.164318  1  3292.59  1700
Mg24 	22335.8 	0.214367  1  2594.54  2533
Mg24 	22335.8 	0.127771  1  2054.96  3041
Mg24 	22335.8 	0.379165  1  4516.04  503
Mg24 	22335.8 	0.131038  1  199.003  5057
Mg24 	22335.8 	0.323612  1  -549.603  5849
Mg24 	22335.8 	0.128582  1  3695.36  1405
Mg24 	22335.8 	0.13699  1  -2878.74  8236
Mg24 	22335.8 	0.151262  1  3890.43  1117
Mg24 	22335.8 	0.14391  1  -891.963  6060
Mg24 	22335.8 	0.128542  1  2497.18  2631
Mg24 	22335.8 	0.268576  1  2580.17  2554
Mg24 	22335.8 	0.313466  1  -4858.42  10263
Mg24 	22335.8 	0.301724  1  -4770.35  10201
Mg24 	22335.8 	0.168903  1  3148.37  1855
Mg24 	22335.8 	0.225783  1  -557.092  5797
Mg24 	22335.8 	0.220851  1  955.702  4248
Mg24 	22335.8 	0.203638  1  4448.37  616
Mg24 	22335.8 	0.200738  1  8.17823  5244
Mg24 	22335.8 	0.334644  1  3831.49  1221
Mg24 	22335.8 	0.137932  1  -561.612  5991
Mg24 	22335.8 	0.21387  1  1065.63  4156
Mg24 	22335.8 	0.125941  1  -4778.38  10247
Mg24 	22335.8 	0.700645  1  -1623.57  6925
Mg24 	22335.8 	0.384035  1  -1969.7  7292
Mg24 	22335.8 	0.148861  1  963.72  4269
Mg24 	22335.8 	0.129942  1  3585.42  1525
Mg24 	22335.8 	0.190898  1  -1806.87  7219
Mg24 	22335.8 	0.148532  1  -538.318  5794
Mg24 	22335.8 	0.128348  1  4228.45  784
Mg24 	22335.8 	0.138066  1  1555.86  3652
Mg24 	22335.8 	0.219039  1  -4526.5  10044
Mg24 	22335.8 	0.472072  1  -1875.12  7212
Mg24 	22335.8 	0.330862  1  2136.76  3015
Mg24 	22335.8 	0.243524  1  534.262  4740
Mg24 	22335.8 	0.298066  1  5.04334  5232
Mg24 	22335.8 	0.173606  1  -526.64  5863
Mg24 	22335.8 	0.163457  1  2685.35  2438
Mg24 	22335.8 	0.199592  1  629.806  4585
Mg24 	22335.8 	0.340781  1  -4675.88  10031
Mg24 	22335.8 	0.166536  1  2582.46  2618
Mg24 	22335.8 	0.198845  1  657.874  4482
Mg24 	22335.8 	0.649806  1  4045.02  997
Mg24 	22335.8 	0.209847  1  723.227  4419
Mg24 	22335.8 	1.46173  1  -2442.55  7858
Mg24 	22335.8 	0.274235  1  -1913.56  7173
Mg24 	22335.8 	0.321092  1  -8.77759  5396
Mg24 	22335.8 	0.148383  1  -3412.07  8958
Mg24 	22335.8 	0.619642  1  -2739.08  8106
Mg24 	22335.8 	0.166429  1  -4263.75  9859
Mg24 	22335.8 	2.62495  1  3128.04  2039
Mg24 	22335.8 	0.258253  1  2980.92  2135
Mg24 	22335.8 	0.416678  1  -895.024  6334
Mg24 	22335.8 	0.229637  1  607.65  4679
Mg24 	22335.8 	0.189859  1  -1206.92  6590
Mg24 	22335.8 	0.613249  1  4482.03  530
Mg24 	22335.8 	0.534527  1  -2889.76  8269
Mg24 	22335.8 	0.530778  1  3250.92  1819
Mg24 	22335.8 	0.467367  1  2413.01  2688
Mg24 	22335.8 	0.206873  1  3553.76  1522
Mg24 	22335.8 	0.338034  1  2473.48  2658
Mg24 	22335.8 	0.136871  1  2473.96  2685
Mg24 	22335.8 	0.174243  1  -2587.59  7865
Mg24 	22335.8 	0.176078  1  164.363  5164
Mg24 	22335.8 	0.125652  1  -2678.24  7877
Mg24 	22335.8 	0.303897  1  -3105.34  8443
Mg24 	22335.8 	0.309012  1  -870.859  6219
Mg24 	22335.8 	0.131298  1  2785.78  2300
Mg24 	22335.8 	0.926361  1  2504.24  2619
Mg24 	22335.8 	0.129223  1  -1561.81  6884
Mg24 	22335.8 	0.146891  1  1736.98  3444
Mg24 	22335.8 	0.15269  1  3412.42  1727
Mg24 	22335.8 	0.40914  1  2874.9  2255
Mg24 	22335.8 	0.163916  1  -1388.69  6796
Mg24 	22335.8 	0.200686  1  -3998.04  9382
Mg24 	22335.8 	0.203277  1  4176.49  871
Mg24 	22335.8 	1.96195  1  -2694.77  8130
Mg24 	22335.8 	0.273588  1  -4708.35  10165
Mg24 	22335.8 	0.235084  1  -212.665  5457
Mg24 	22335.8 	0.293571  1  -4422.01  9869
Mg24 	22335.8 	0.136466  1  2708.85  2361
Mg24 	22335.8 	0.156682  1  4178.34  900
Mg24 	22335.8 	0.13773  1  2822.44  2360
Mg24 	22335.8 	0.130263  1  -818.315  6154
Mg24 	22335.8 	0.205327  1  1777.72  3453
Mg24 	22335.8 	0.350593  1  4743.95  273
Mg24 	22335.8 	0.376038  1  -1022.81  6451
Mg24 	22335.8 	0.194594  1  -1267.53  6579
Mg24 	22335.8 	0.14202  1  4877.83  132
Mg24 	22335.8 	0.14078  1  1662.89  3457
Mg24 	22335.8 	0.12832  1  2346.24  2760
Mg24 	22335.8 	0.147348  1  -4558.36  10103
Mg24 	22335.8 	0.129671  1  4908.82  86
Mg24 	22335.8 	0.749029  1  -3139.94  8663
Mg24 	22335.8 	0.21285  1  3009.38  2130
Mg24 	22335.8 	0.135045  1  4083.76  991
Mg24 	22335.8 	0.821058  1  2139.34  3032
Mg24 	22335.8 	0.279204  1  -3694.38  9249
Mg24 	22335.8 	0.161705  1  3473.4  1553
Mg24 	22335.8 	0.732606  1  -1566.19  7016
Mg24 	22335.8 	0.131931  1  -879.57  6227
Mg24 	22335.8 	0.126701  1  953.064  4394
Mg24 	22335.8 	0.509377  1  219.582  5055
Mg24 	22335.8 	0.232876  1  -3325.2  8775
Mg24 	22335.8 	0.668388  1  3213.77  1839
Mg24 	22335.8 	0.263709  1  201.541  5032
Mg24 	22335.8 	0.79364  1  606.991  4625
Mg24 	22335.8 	0.371947  1  -2003.31  7275
Mg24 	22335.8 	0.144817  1  -3194.99  8811
Mg24 	22335.8 	0.166434  1  -4585.84  9841
Mg24 	22335.8 	0.357143  1  -2063.84  7256
Mg24 	22335.8 	1.10991  1  3541.05  1545
Mg24 	22335.8 	0.238899  1  1474.05  3802
Mg24 	22335.8 	0.590861  1  -3088.11  8555
Mg24 	22335.8 	0.126369  1  -4179.63  9739
Mg24 	22335.8 	0.169972  1  -373.183  5650
Mg24 	22335.8 	0.150775  1  2382.9  2660
Mg24 	22335.8 	0.78564  1  -3755.46  9161
Mg24 	22335.8 	0.384632  1  4794.06  216
Mg24 	22335.8 	0.412808  1  -4503.2  9928
Mg24 	22335.8 	0.158198  1  -3161.79  8647
Mg24 	22335.8 	0.459131  1  710.203  4657
Mg24 	22335.8 	0.340859  1  -3945.27  9355
Mg24 	22335.8 	0.294695  1  -4617.38  9987
Mg24 	22335.8 	0.354077  1  2142.13  2947
Mg24 	22335.8 	0.149636  1  -2472.03  7870
Mg24 	22335.8 	0.135252  1  -347.133  5579
Mg24 	22335.8 	0.179027  1  3265.53  1770
Mg24 	22335.8 	0.166065  1  -1030.43  6424
Mg24 	22335.8 	0.330409  1  -45.1068  5235
Mg24 	22335.8 	2.15834  1  164.414  5174
Mg24 	22335.8 	0.281556  1  -1558.56  6841
Mg24 	22335.8 	0.175363  1  559.955  4665
Mg24 	22335.8 	0.41905  1  1782.22  3406
Mg24 	22335.8 	0.625766  1  -3341.24  8574
Mg24 	22335.8 	0.200182  1  4999.68  2
Mg24 	22335.8 	0.37431  1  2506.02  2650
Mg24 	22335.8 	0.138785  1  1382.48  3852
Mg24 	22335.8 	0.533739  1  433.505  4778
Mg24 	22335.8 	0.193537  1  -1257.58  6711
Mg24 	22335.8 	0.18124  1  -602.51  5939
Mg24 	22335.8 	0.299223  1  -3571.08  9074
Mg24 	22335.8 	0.452687  1  -881.766  6292
Mg24 	22335.8 	0.651962  1  -117.031  5529
Mg24 	22335.8 	0.211399  1  370.526  4692
Mg24 	22335.8 	0.147643  1  433.248  4766
Mg24 	22335.8 	0.15937  1  1938.88  3302
Mg24 	22335.8 	0.159063  1  -1800.7  7116
Mg24 	22335.8 	0.309239  1  -2210.9  7572
Mg24 	22335.8 	0.131454  1  1778.13  3443
Mg24 	22335.8 	0.445685  1  1919.77  3211
Mg24 	22335.8 	0.14819  1  2912.41  2112
Mg24 	22335.8 	0.197226  1  1670.86  3442
Mg24 	22335.8 	0.134956  1  -1497.94  6761
Mg24 	22335.8 	0.161559  1  3629.31  1471
Mg24 	22335.8 	0.382768  1  4801.81  202
Mg24 	22335.8 	0.500812  1  4768.11  247
Mg24 	22335.8 	0.372132  1  -3596.2  9016
Mg24 	22335.8 	0.676885  1  1006.61  4272
Mg24 	22335.8 	0.138518  1  4092.49  968
Mg24 	22335.8 	0.286854  1  -3130.54  8486
Mg24 	22335.8 	0.130377  1  -2566.2  7880
Mg24 	22335.8 	0.125528  1  -2975.94  8450
Mg24 	22335.8 	0.149036  1  -3790.81  9353
Mg24 	22335.8 	0.125906  1  3530.1  1503
Mg24 	22335.8 	0.291143  1  2130.26  3043
Mg24 	22335.8 	0.286245  1  -3826.77  9193
Mg24 	22335.8 	0.267671  1  -4263.13  9732
Mg24 	22335.8 	0.129905  1  -4357.89  9708
Mg24 	22335.8 	0.184564  1  -587.107  5854
Mg24 	22335.8 	0.329889  1  -1580.21  6991
Mg24 	22335.8 	0.153106  1  4741.84  271
Mg24 	22335.8 	0.156079  1  3560.82  1509
Mg24 	22335.8 	0.198017  1  4384.48  696
Mg24 	22335.8 	0.24029  1  -4657.27  10118
Mg24 	22335.8 	0.258325  1  -4228.76  9916
Mg24 	22335.8 	0.230486  1  -3925.03  9360
Mg24 	22335.8 	0.232058  1  3503.86  1580
Mg24 	22335.8 	0.297661  1  2528.85  2574
Mg24 	22335.8 	0.278556  1  -900.973  6283
Mg24 	22335.8 	0.149909  1  -1130.9  6482
Mg24 	22335.8 	0.14169  1  -586.909  5905
Mg24 	22335.8 	0.166004  1  3830.94  1232
Mg24 	22335.8 	0.191918  1  2959.69  2152
Mg24 	22335.8 	0.323283  1  -3227.16  8756
Mg24 	22335.8 	0.314533  1  1866.4  3195
Mg24 	22335.8 	0.255908  1  -4733.34  10394
Mg24 	22335.8 	0.150216  1  -3115.87  8508
Mg24 	22335.8 	0.28472  1  -1587.3  6797
Mg24 	22335.8 	0.147026  1  4263.78  753
Mg24 	22335.8 	0.212417  1  1442.83  3760
Mg24 	22335.8 	0.14963  1  -3211.8  8408
Mg24 	22335.8 	0.150914  1  -4978.28  10354
Mg24 	22335.8 	0.367512  1  1247.05  3943
Mg24 	22335.8 	0.421124  1  -2028.35  7311
Mg24 	22335.8 	0.562383  1  -1643.16  7102
Mg24 	22335.8 	0.229264  1  2441.53  2689
Mg24 	22335.8 	0.290592  1  -763.401  6140
Mg24 	22335.8 	0.132132  1  -472.655  5860
Mg24 	22335.8 	0.149148  1  3449.89  1650
Mg24 	22335.8 	0.546707  1  2153.46  3031
Mg24 	22335.8 	0.159201  1  860.076  4469
Mg24 	22335.8 	0.168189  1  4317.74  739
Mg24 	22335.8 	0.617521  1  1791.17  3356
Mg24 	22335.8 	0.547124  1  2267.34  2873
Mg24 	22335.8 	0.193422  1  4561.48  456
Mg24 	22335.8 	1.54395  1  -547.128  5830
Mg24 	22335.8 	1.09653  1  -2207.32  7524
Mg24 	22335.8 	0.196829  1  3876.62  1183
Mg24 	22335.8 	0.149547  1  -1901.58  7230
Mg24 	22335.8 	0.126995  1  -2456.06  7932
Mg24 	22335.8 	0.141288  1  1999.83  3119
Mg24 	22335.8 	0.152037  1  1014.59  4156
Mg24 	22335.8 	0.14098  1  1595.62  3513
Mg24 	22335.8 	0.160884  1  -2222.15  7542
Mg24 	22335.8 	0.25894  1  3269.85  1803
Mg24 	22335.8 	0.612387  1  -119.849  5275
Mg24 	22335.8 	0.1494  1  -688.492  6011
Mg24 	22335.8 	0.126293  1  -3830.97  9260
Mg24 	22335.8 	0.142848  1  -1187.49  6598
Mg24 	22335.8 	0.217439  1  3774.58  1261
Mg24 	22335.8 	0.236275  1  1172.23  4146
Mg24 	22335.8 	0.176243  1  -4859.88  10313
Mg24 	22335.8 	0.135546  1  -2966.39  8412
Mg24 	22335.8 	0.221817  1  3329.6  1749
Mg24 	22335.8 	0.133709  1  2683.34  2449
Mg24 	22335.8 	0.453944  1  3219.17  1959
Mg24 	22335.8 	0.206422  1  24.9011  5259
Mg24 	22335.8 	0.355512  1  -2843.35  8306
Mg24 	22335.8 	0.258375  1  197.677  4987
Mg24 	22335.8 	0.671385  1  4689.46  329
Mg24 	22335.8 	0.176998  1  3601.13  1476
Mg24 	22335.8 	2.91795  1  3225.52  1812
Mg24 	22335.8 	0.158281  1  -3544.14  9015
Mg24 	22335.8 	0.149396  1  -3128.64  8693
Mg24 	22335.8 	0.247347  1  1897.94  3304
Mg24 	22335.8 	0.201813  1  -1649.69  6863
Mg24 	22335.8 	0.16166  1  -81.5976  5216
Mg24 	22335.8 	0.207743  1  -2917.49  8202
Mg24 	22335.8 	0.128573  1  -241.759  5405
Mg24 	22335.8 	0.396895  1  916.495  4383
Mg24 	22335.8 	0.230046  1  -2233.35  7672
Mg24 	22335.8 	0.271438  1  4868.4  129
Mg24 	22335.8 	0.406764  1  3149.36  1926
Mg24 	22335.8 	0.178707  1  -3168.33  8559
Mg24 	22335.8 	0.135267  1  948.497  4202
Mg24 	22335.8 	2.1264  1  -3407.77  8671
Mg24 	22335.8 	0.187334  1  -2968.86  8258
Mg24 	22335.8 	0.196481  1  4028.69  1045
Mg24 	22335.8 	0.177423  1  -1747.1  7014
Mg24 	22335.8 	0.419418  1  -3546.53  8758
Mg24 	22335.8 	0.174525  1  917.969  4351
Mg24 	22335.8 	0.157205  1  -1016.74  6379
Mg24 	22335.8 	0.160508  1  3769.69  1327
Mg24 	22335.8 	0.188575  1  3722.09  1334
Mg24 	22335.8 	0.195517  1  -2800.71  8192
Mg24 	22335.8 	0.18387  1  4276.99  794
Mg24 	22335.8 	0.154081  1  -1026.57  6282
Mg24 	22335.8 	0.159806  1  -4455.6  9886
Mg24 	22335.8 	0.15804  1  1564.4  3518
Mg24 	22335.8 	0.186512  1  -2268.37  7733
Mg24 	22335.8 	0.366652  1  532.534  4616
Mg24 	22335.8 	0.290345  1  -1427.78  6731
Mg24 	22335.8 	0.194156  1  -2162.85  7584
Mg24 	22335.8 	0.218259  1  -826.675  6033
Mg24 	22335.8 	0.488899  1  169.204  4962
Mg24 	22335.8 	0.263855  1  -1855.03  7354
Mg24 	22335.8 	0.279689  1  -4428.25  10054
Mg24 	22335.8 	0.254211  1  1057.29  4080
Mg24 	22335.8 	1.53391  1  -416.787  5749
Mg24 	22335.8 	0.151429  1  4975.16  37
Mg24 	22335.8 	1.89243  1  -3409.23  8808
Mg24 	22335.8 	0.481669  1  -2182.14  7693
Mg24 	22335.8 	0.143292  1  3791.1  1294
Mg24 	22335.8 	0.145726  1  1937  3169
Mg24 	22335.8 	0.17061  1  -404.45  5562
Mg24 	22335.8 	0.315583  1  973.841  4322
Mg24 	22335.8 	0.132272  1  -3198.07  8578
Mg24 	22335.8 	0.138719  1  -2564.13  8009
Mg24 	22335.8 	0.322842  1  -1320.85  6829
Mg24 	22335.8 	1.02262  1  -1536.77  6880
Mg24 	22335.8 	0.255129  1  17.8793  5153
Mg24 	22335.8 	2.10832  1  -4778.46  10233
Mg24 	22335.8 	0.134879  1  -1380.27  6682
Mg24 	22335.8 	2.48732  1  -4133.21  9557
Mg24 	22335.8 	0.154821  1  -4955.1  10400
Mg24 	22335.8 	0.132031  1  1272.1  3958
Mg24 	22335.8 	0.148614  1  832.735  4322
Mg24 	22335.8 	0.211808  1  719.988  4570
Mg24 	22335.8 	0.174859  1  -2066.71  7286
Mg24 	22335.8 	0.251198  1  1192.59  4033
Mg24 	22335.8 	0.26417  1  911.086  4274
Mg24 	22335.8 	1.04243  1  2390.48  2840
Mg24 	22335.8 	0.191389  1  -3282.39  8562
Mg24 	22335.8 	0.241693  1  354.5  4956
Mg24 	22335.8 	0.19016  1  -195.114  5462
Mg24 	22335.8 	0.139946  1  -1206.5  6363
Mg24 	22335.8 	0.151566  1  1408.41  3775
Mg24 	22335.8 	0.19164  1  625.771  4548
Mg24 	22335.8 	0.152057  1  3938.43  1165
Mg24 	22335.8 	0.130214  1  3721.62  1336
Mg24 	22335.8 	0.357265  1  544.947  4681
Mg24 	22335.8 	0.870052  1  398.205  4820
Mg24 	22335.8 	0.304264  1  1762.26  3407
Mg24 	22335.8 	0.172468  1  -185.008  5345
Mg24 	22335.8 	0.397981  1  -4699.65  10074
Mg24 	22335.8 	0.362556  1  419.533  4780
Mg24 	22335.8 	0.371185  1  2965.68  2125
Mg24 	22335.8 	0.156122  1  2676.94  2423
Mg24 	22335.8 	0.149398  1  4244.08  792
Mg24 	22335.8 	0.14068  1  1188.01  4112
Mg24 	22335.8 	0.132435  1  3482.81  1624
Mg24 	22335.8 	0.4135  1  -1738.69  7006
Mg24 	22335.8 	0.283804  1  -1339.86  6601
Mg24 	22335.8 	0.209581  1  1914.07  3209
Mg24 	22335.8 	0.171309  1  3241.86  1890
Mg24 	22335.8 	1.03699  1  58.2002  5294
Mg24 	22335.8 	0.177762  1  -2495.56  7847
Mg24 	22335.8 	0.242577  1  2485.36  2602
Mg24 	22335.8 	0.175885  1  1393.9  3735
Mg24 	22335.8 	0.145337  1  -2908.58  8459
Mg24 	22335.8 	0.31151  1  395.606  4820
Mg24 	22335.8 	0.245215  1  -1121.55  6459
Mg24 	22335.8 	0.175373  1  1014.43  4187
Mg24 	22335.8 	0.170497  1  4126.15  920
Mg24 	22335.8 	0.365545  1  1781.58  3421
Mg24 	22335.8 	1.69336  1  -2140.68  7534
Mg24 	22335.8 	0.191947  1  434.14  4885
Mg24 	22335.8 	0.148619  1  3877.96  1147
Mg24 	22335.8 	0.654046  1  1253.82  3947
Mg24 	22335.8 	0.503047  1  847.482  4349
Mg24 	22335.8 	2.4816  1  2717.8  2284
Mg24 	22335.8 	0.421758  1  3950.75  1092
Mg24 	22335.8 	0.189179  1  1675.17  3425
Mg24 	22335.8 	0.144526  1  -104.447  5337
Mg24 	22335.8 	0.28123  1  -3430.49  8960
Mg24 	22335.8 	0.156987  1  2159.02  2937
Mg24 	22335.8 	0.472757  1  1745.34  3403
Mg24 	22335.8 	0.472531  1  4172.99  861
Mg24 	22335.8 	0.245601  1  -27.9255  5259
Mg24 	22335.8 	0.490318  1  -676.266  5965
Mg24 	22335.8 	0.181202  1  2268.11  2901
Mg24 	22335.8 	0.125696  1  4150.57  897
Mg24 	22335.8 	0.132069  1  -2022.58  7324
Mg24 	22335.8 	0.143859  1  3219.64  1979
Mg24 	22335.8 	0.171608  1  859.951  4300
Mg24 	22335.8 	0.126409  1  -1137.5  6429
Mg24 	22335.8 	0.434862  1  -3808.66  9330
Mg24 	22335.8 	0.336577  1  4684.28  335
Mg24 	22335.8 	0.220739  1  -1889.99  7323
Mg24 	22335.8 	0.132477  1  4610.15  439
Mg24 	22335.8 	0.165774  1  1857.3  3275
Mg24 	22335.8 	0.14407  1  3699.15  1357
Mg24 	22335.8 	0.152461  1  4681.96  338
Mg24 	22335.8 	0.534451  1  2453.33  2681
Mg24 	22335.8 	1.54563  1  -1580.18  6995
Mg24 	22335.8 	0.127798  1  -911.139  6136
Mg24 	22335.8 	0.209563  1  -641.25  5730
Mg24 	22335.8 	0.248836  1  4093.76  945
Mg24 	22335.8 	4.74138  1  -521.513  5648
Mg24 	22335.8 	0.179726  1  -2634.67  7916
Mg24 	22335.8 	0.185312  1  3232.81  1847
Mg24 	22335.8 	0.132436  1  -4381.22  9711
Mg24 	22335.8 	0.191552  1  2652.7  2507
Mg24 	22335.8 	0.46305  1  2694.22  2465
Mg24 	22335.8 	0.282798  1  2942.9  2123
Mg24 	22335.8 	0.218848  1  -933.867  6283
Mg24 	22335.8 	0.628186  1  -1218.16  6427
Mg24 	22335.8 	0.126476  1  -2063.19  7387
Mg24 	22335.8 	0.369882  1  2770.48  2342
Mg24 	22335.8 	0.172188  1  1227.91  3875
Mg24 	22335.8 	0.150451  1  -2231.12  7669
Mg24 	22335.8 	0.384616  1  -321.006  5493
Mg24 	22335.8 	0.17193  1  -339.432  5696
Mg24 	22335.8 	0.316443  1  878.897  4262
Mg24 	22335.8 	0.148991  1  -4979.78  10400
Mg24 	22335.8 	0.236875  1  2807.25  2335
Mg24 	22335.8 	0.160459  1  -3310.76  8724
Mg24 	22335.8 	0.146976  1  -4824.98  10256
Mg24 	22335.8 	0.130402  1  3825.69  1270
Mg24 	22335.8 	0.174254  1  -2964.15  8389
Mg24 	22335.8 	0.401074  1  243.763  4987
Mg24 	22335.8 	0.144702  1  -3374.02  8858
Mg24 	22335.8 	0.185291  1  -1190.31  6440
Mg24 	22335.8 	0.226817  1  3128.85  2007
Mg24 	22335.8 	0.199888  1  159.792  5156
Mg24 	22335.8 	0.141699  1  3954.16  1097
Mg24 	22335.8 	0.228585  1  3205.51  1847
Mg24 	22335.8 	0.230181  1  3057.78  2003
Mg24 	22335.8 	0.15025  1  2435.51  2694
Mg24 	22335.8 	0.201376  1  -4140.33  9526
Mg24 	22335.8 	0.308667  1  3226.54  1858
Mg24 	22335.8 	0.140537  1  424.274  4753
Mg24 	22335.8 	0.194314  1  4286.23  716
Mg24 	22335.8 	0.133132  1  -4171.89  9632
Mg24 	22335.8 	0.132545  1  1189.85  3970
Mg24 	22335.8 	0.171129  1  -3042.99  8325
Mg24 	22335.8 	0.167071  1  110.684  4996
Mg24 	22335.8 	0.161165  1  -49.2864  5437
Mg24 	22335.8 	0.132361  1  1651.12  3519
Mg24 	22335.8 	0.273053  1  -3868.47  9295
Mg24 	22335.8 	0.195899  1  -1671.52  7076
Mg24 	22335.8 	0.41495  1  4047.45  990
Mg24 	22335.8 	0.130335  1  -80.0629  5409
Mg24 	22335.8 	0.293877  1  -2244.66  7539
Mg24 	22335.8 	0.184988  1  -3166.67  8494
Mg24 	22335.8 	0.137522  1  4340.32  683
Mg24 	22335.8 	0.479003  1  -1944.48  7317
Mg24 	22335.8 	0.341563  1  3528.29  1542
Mg24 	22335.8 	0.424285  1  -3786.34  9030
Mg24 	22335.8 	0.15511  1  -3298.48  8698
Mg24 	22335.8 	0.265515  1  -622.311  5988
Mg24 	22335.8 	0.482707  1  -4277.74  9735
Mg24 	22335.8 	0.179799  1  -4302.23  9750
Mg24 	22335.8 	0.593695  1  223.165  5067
Mg24 	22335.8 	0.445847  1  2497.74  2712
Mg24 	22335.8 	0.145218  1  -410.719  5677
Mg24 	22335.8 	0.148573  1  -442.131  5666
Mg24 	22335.8 	0.342439  1  -1424.27  6650
Mg24 	22335.8 	0.160632  1  -1446.98  6641
Mg24 	22335.8 	0.146408  1  -3898.7  9495
Mg24 	22335.8 	0.214898  1  -2711.27  8060
Mg24 	22335.8 	0.365033  1  -1071.67  6494
Mg24 	22335.8 	0.570063  1  -3762.21  9176
Mg24 	22335.8 	0.346374  1  -2764.12  8124
Mg24 	22335.8 	0.181154  1  -4474.69  10015
Mg24 	22335.8 	0.326974  1  -1931.38  7274
Mg24 	22335.8 	0.182809  1  244.737  4939
Mg24 	22335.8 	0.145058  1  3284.71  1827
Mg24 	22335.8 	0.707799  1  -2886.89  8177
Mg24 	22335.8 	0.129803  1  4229.09  793
Mg24 	22335.8 	1.04126  1  2564.64  2626
Mg24 	22335.8 	0.157429  1  669.865  4551
Mg24 	22335.8 	0.252281  1  -3183.16  8541
Mg24 	22335.8 	0.262919  1  -3468.05  8761
Mg24 	22335.8 	0.136782  1  -139.015  5418
Mg24 	22335.8 	0.18207  1  -2588.67  7885
Mg24 	22335.8 	0.925617  1  -4233.52  9711
Mg24 	22335.8 	0.294035  1  935.079  4264
Mg24 	22335.8 	0.148316  1  -2076.95  7440
Mg24 	22335.8 	0.156668  1  -4184.63  9590
Mg24 	22335.8 	0.149523  1  -260.416  5615
Mg24 	22335.8 	0.278522  1  3809.49  1269
Mg24 	22335.8 	0.129071  1  -3147.77  8585
Mg24 	22335.8 	0.181527  1  -4107.23  9707
Mg24 	22335.8 	0.146123  1  -2191.34  7406
Mg24 	22335.8 	0.24562  1  -4695.95  10156
Mg24 	22335.8 	0.331636  1  -3366.11  9015
Mg24 	22335.8 	0.177065  1  2483.19  2665
Mg24 	22335.8 	0.287783  1  -87.6414  5374
Mg24 	22335.8 	0.397827  1  -4901.85  10387
Mg24 	22335.8 	0.130974  1  1408.86  3848
Mg24 	22335.8 	0.170736  1  3560.9  1473
Mg24 	22335.8 	0.224431  1  -4887.92  10302
Mg24 	22335.8 	0.510379  1  3735.3  1334
Mg24 	22335.8 	0.391291  1  1950  3251
Mg24 	22335.8 	0.345047  1  2777.06  2425
Mg24 	22335.8 	0.183794  1  -2059.24  7391
Mg24 	22335.8 	0.148172  1  -3666.1  8952
Mg24 	22335.8 	0.330375  1  4.5949  5231
Mg24 	22335.8 	0.19967  1  2430.56  2677
Mg24 	22335.8 	0.134637  1  1985.7  3211
Mg24 	22335.8 	0.198688  1  1117.6  4117
Mg24 	22335.8 	1.32391  1  -1023.67  6320
Mg24 	22335.8 	0.197987  1  -1434.79  6745
Mg24 	22335.8 	0.863545  1  -908.063  6336
Mg24 	22335.8 	0.256481  1  2859.92  2227
Mg24 	22335.8 	0.147348  1  -1610.36  6921
Mg24 	22335.8 	0.167644  1  3160.16  1925
Mg24 	22335.8 	0.560007  1  -891.005  6192
Mg24 	22335.8 	0.303012  1  1636.1  3501
Mg24 	22335.8 	0.188704  1  4223.17  841
Mg24 	22335.8 	0.128729  1  -1735.96  6983
Mg24 	22335.8 	0.208449  1  2607.87  2456
Mg24 	22335.8 	0.133792  1  2969.53  2240
Mg24 	22335.8 	0.962103  1  1219.8  4110
Mg24 	22335.8 	0.410009  1  -1454.28  6813
Mg24 	22335.8 	0.224498  1  -701.279  6045
Mg24 	22335.8 	0.151273  1  -1708.72  6906
Mg24 	22335.8 	0.128377  1  2803.47  2382
Mg24 	22335.8 	0.125637  1  2459.21  2762
Mg24 	22335.8 	0.137664  1  -4120.37  9588
Mg24 	22335.8 	0.58191  1  1012.1  4231
Mg24 	22335.8 	0.136363  1  -2288.39  7647
Mg24 	22335.8 	0.248594  1  4909.91  103
Mg24 	22335.8 	0.131218  1  2216.14  2896
Mg24 	22335.8 	0.179213  1  727.257  4429
Mg24 	22335.8 	0.473459  1  2090.63  3105
Mg24 	22335.8 	0.135762  1  2658.58  2406
Mg24 	22335.8 	0.128774  1  1856.25  3369
Mg24 	22335.8 	0.165153  1  -3987.83  9331
Mg24 	22335.8 	0.176209  1  -3923.48  9303
Mg24 	22335.8 	0.145638  1  4310.96  735
Mg24 	22335.8 	0.391557  1  3423.14  1726
Mg24 	22335.8 	0.424834  1  -855.992  6087
Mg24 	22335.8 	0.386564  1  -2573.49  7870
Mg24 	22335.8 	0.172284  1  1837.48  3387
Mg24 	22335.8 	0.638405  1  -1456.23  6709
Mg24 	22335.8 	0.266018  1  4162.04  886
Mg24 	22335.8 	0.722349  1  2149.73  3023
Mg24 	22335.8 	0.145633  1  -356.335  5676
Mg24 	22335.8 	0.135767  1  -1963.63  7309
Mg24 	22335.8 	0.265238  1  -4486.87  9818
Mg24 	22335.8 	0.221051  1  3016.32  2061
Mg24 	22335.8 	0.152326  1  -501.584  5858
Mg24 	22335.8 	0.328226  1  4328.2  717
Mg24 	22335.8 	0.258639  1  736.163  4413
Mg24 	22335.8 	0.270179  1  -4900.31  10404
Mg24 	22335.8 	0.199832  1  -3182.26  8719
Mg24 	22335.8 	0.31111  1  -1405.01  6893
Mg24 	22335.8 	0.135192  1  3182.34  1940
Mg24 	22335.8 	0.409198  1  -4026.34  9432
Mg24 	22335.8 	0.194791  1  -1269.72  6675
Mg24 	22335.8 	0.420306  1  888.386  4321
Mg24 	22335.8 	0.310499  1  -545.899  5749
Mg24 	22335.8 	0.202938  1  946.76  4226
Mg24 	22335.8 	0.170651  1  -4431.36  10033
Mg24 	22335.8 	0.144585  1  4155.55  942
Mg24 	22335.8 	0.136169  1  -157.737  5320
Mg24 	22335.8 	0.247124  1  -619.288  5787
Mg24 	22335.8 	0.128329  1  1737.15  3390
Mg24 	22335.8 	0.169568  1  4069.83  1007
Mg24 	22335.8 	0.215901  1  -3118.86  8474
Mg24 	22335.8 	0.13395  1  -1635.08  7120
Mg24 	22335.8 	0.202718  1  -2336.42  7564
Mg24 	22335.8 	0.135742  1  -4073.54  9467
Mg24 	22335.8 	0.971861  1  1151.95  4040
Mg24 	22335.8 	0.130467  1  -2256  7667
Mg24 	22335.8 	0.184177  1  4323.88  720
Mg24 	22335.8 	0.184414  1  -194.45  5472
Mg24 	22335.8 	0.903394  1  -3384.68  8892
Mg24 	22335.8 	1.02322  1  1425.29  3786
Mg24 	22335.8 	0.217679  1  4593.14  447
Mg24 	22335.8 	0.127723  1  -1416.95  6716
Mg24 	22335.8 	0.265686  1  4537.71  462
Mg24 	22335.8 	0.201463  1  2930.29  2150
Mg24 	22335.8 	0.222257  1  -614.993  5951
Mg24 	22335.8 	0.146688  1  -1545.14  6896
Mg24 	22335.8 	0.803469  1  1479.05  3751
Mg24 	22335.8 	0.135436  1  -3417.43  8641
Mg24 	22335.8 	0.488325  1  90.8493  5236
Mg24 	22335.8 	0.176898  1  1094.89  4062
Mg24 	22335.8 	0.171327  1  -4251.95  9918
Mg24 	22335.8 	0.149659  1  2731.9  2380
Mg24 	22335.8 	0.221014  1  2042.51  3171
Mg24 	22335.8 	0.140286  1  1822.55  3339
Mg24 	22335.8 	0.145338  1  4318.04  720
Mg24 	22335.8 	0.200547  1  -2256.31  7745
Mg24 	22335.8 	0.127732  1  1555.1  3613
Mg24 	22335.8 	0.211718  1  -1093.75  6376
Mg24 	22335.8 	0.33817  1  1630.49  3552
Mg24 	22335.8 	0.541173  1  -1357.1  6764
Mg24 	22335.8 	0.201314  1  1739.53  3478
Mg24 	22335.8 	0.378686  1  -4801.9  10157
Mg24 	22335.8 	2.83343  1  -1620.59  6805
Mg24 	22335.8 	0.585387  1  -348.761  5467
Mg24 	22335.8 	1.27846  1  -2098.24  7395
Mg24 	22335.8 	0.203851  1  1434.85  3788
Mg24 	22335.8 	0.167125  1  -628.055  5968
Mg24 	22335.8 	0.15054  1  3798.17  1262
Mg24 	22335.8 	0.268421  1  3847.88  1207
Mg24 	22335.8 	0.190219  1  1309.03  3872
Mg24 	22335.8 	0.167031  1  1682.91  3484
Mg24 	22335.8 	0.287771  1  4646.83  363
Mg24 	22335.8 	0.356191  1  665.336  4611
Mg24 	22335.8 	0.426865  1  -249.908  5604
Mg24 	22335.8 	0.137841  1  -3991.03  9317
Mg24 	22335.8 	0.199503  1  554.112  4641
Mg24 	22335.8 	0.162575  1  1384.55  3778
Mg24 	22335.8 	0.132275  1  1416.74  3761
Mg24 	22335.8 	0.419592  1  -1263.44  6566
Mg24 	22335.8 	0.1874  1  -3639.81  9071
Mg24 	22335.8 	0.324841  1  751.78  4465
Mg24 	22335.8 	0.151657  1  -2797.04  8182
Mg24 	22335.8 	0.170332  1  -2391.47  7855
Mg24 	22335.8 	0.281498  1  3495.32  1609
Mg24 	22335.8 	0.128869  1  -4984.76  10520
Mg24 	22335.8 	0.166996  1  3922.3  1146
Mg24 	22335.8 	0.151997  1  610.652  4526
Mg24 	22335.8 	0.457923  1  573.034  4596
Mg24 	22335.8 	0.150723  1  2874.39  2227
Mg24 	22335.8 	0.45769  1  4053.21  988
Mg24 	22335.8 	0.131855  1  3255.23  1878
Mg24 	22335.8 	0.227873  1  3504.36  1564
Mg24 	22335.8 	0.48359  1  -4386.38  10041
Mg24 	22335.8 	0.443286  1  4064.23  943
Mg24 	22335.8 	0.213031  1  -2166.89  7516
Mg24 	22335.8 	0.193389  1  4271.54  813
Mg24 	22335.8 	0.625691  1  1144.43  4100
Mg24 	22335.8 	0.596511  1  -4222.67  9685
Mg24 	22335.8 	0.188868  1  3579.85  1535
Mg24 	22335.8 	0.173354  1  -1384.91  6618
Mg24 	22335.8 	0.949488  1  1911.65  3284
Mg24 	22335.8 	0.160636  1  640.179  4568
Mg24 	22335.8 	1.21884  1  -1089.33  6319
Mg24 	22335.8 	0.402786  1  -4153.63  9643
Mg24 	22335.8 	0.215995  1  4447.35  574
Mg24 	22335.8 	0.249164  1  4719.73  273
Mg24 	22335.8 	0.204057  1  20.9509  5226
Mg24 	22335.8 	0.184961  1  2350.79  2760
Mg24 	22335.8 	0.308241  1  3701.45  1316
Mg24 	22335.8 	0.184909  1  4644.02  378
Mg24 	22335.8 	0.16891  1  -833.706  6149
Mg24 	22335.8 	0.307099  1  -4704.2  10195
Mg24 	22335.8 	0.387137  1  -3933.52  9319
Mg24 	22335.8 	0.220278  1  -1832.48  7213
Mg24 	22335.8 	0.150683  1  -1115.37  6245
Mg24 	22335.8 	0.288371  1  1039.23  4161
Mg24 	22335.8 	0.362357  1  3524.12  1621
Mg24 	22335.8 	0.13761  1  3509.46  1561
Mg24 	22335.8 	0.138893  1  -4470.38  9967
Mg24 	22335.8 	0.140454  1  -4114.68  9692
Mg24 	22335.8 	0.171331  1  -3320.57  8609
Mg24 	22335.8 	0.504557  1  -2768.71  8014
Mg24 	22335.8 	0.260679  1  -4856.92  10394
Mg24 	22335.8 	0.134061  1  1961.46  3254
Mg24 	22335.8 	0.173313  1  -3831.48  9344
Mg24 	22335.8 	0.293221  1  -16.8489  5355
Mg24 	22335.8 	0.300757  1  3759.21  1322
Mg24 	22335.8 	0.15113  1  -1508.43  6762
Mg24 	22335.8 	0.241523  1  3187.67  1899
Mg24 	22335.8 	0.227092  1  -4840.88  10312
Mg24 	22335.8 	1.55116  1  -4024.5  9373
Mg24 	22335.8 	0.539244  1  4029.9  1036
Mg24 	22335.8 	0.23914  1  -1060.56  6294
Mg24 	22335.8 	0.26417  1  4717.15  282
Mg24 	22335.8 	0.494053  1  313.807  4904
Mg24 	22335.8 	0.292201  1  -4634.92  10063
Mg24 	22335.8 	0.162084  1  1732.38  3384
Mg24 	22335.8 	0.131639  1  -4699.41  10140
Mg24 	22335.8 	0.132957  1  146.75  5154
Mg24 	22335.8 	0.150755  1  2870.75  2185
Mg24 	22335.8 	0.502858  1  -2058.7  7503
Mg24 	22335.8 	0.198885  1  3094.96  1917
Mg24 	22335.8 	0.137115  1  1104.72  4117
Mg24 	22335.8 	0.625411  1  1160.91  3952
Mg24 	22335.8 	0.13859  1  356.576  4827
Mg24 	22335.8 	0.143351  1  1025.47  4201
Mg24 	22335.8 	0.245782  1  -4266.31  9773
Mg24 	22335.8 	0.192146  1  1224.59  3933
Mg24 	22335.8 	0.326899  1  3582.9  1496
Mg24 	22335.8 	0.264133  1  -3110.48  8660
Mg24 	22335.8 	0.366995  1  -1180.15  6368
Mg24 	22335.8 	0.131973  1  -4844.94  10340
Mg24 	22335.8 	0.25716  1  2821.55  2218
Mg24 	22335.8 	0.126337  1  -1246.74  6690
Mg24 	22335.8 	0.140534  1  -669.999  5928
Mg24 	22335.8 	0.162938  1  -2511.54  8052
Mg24 	22335.8 	0.324188  1  -736.365  6067
Mg24 	22335.8 	0.14969  1  -4312.46  9708
Mg24 	22335.8 	0.171658  1  2721.96  2394
Mg24 	22335.8 	0.357671  1  3029.32  2092
Mg24 	22335.8 	0.163667  1  2949.72  2136
Mg24 	22335.8 	0.447864  1  1542.26  3680
Mg24 	22335.8 	0.129786  1  798.873  4418
Mg24 	22335.8 	0.146481  1  -2785.88  8273
Mg24 	22335.8 	0.176565  1  -2418.74  7627
Mg24 	22335.8 	0.216989  1  2969.02  2115
Mg24 	22335.8 	0.16781  1  4873.86  139
Mg24 	22335.8 	0.453053  1  -4467.66  9951
Mg24 	22335.8 	0.210935  1  -1363.67  6712
Mg24 	22335.8 	0.141969  1  -2487.92  7739
Mg24 	22335.8 	0.126927  1  -393.324  5726
Mg24 	22335.8 	0.253796  1  493.321  4664
Mg24 	22335.8 	0.134217  1  2408.32  2735
Mg24 	22335.8 	2.42032  1  -4300.17  9946
Mg24 	22335.8 	0.132337  1  -7.43011  5321
Mg24 	22335.8 	0.56172  1  4853.32  153
Mg24 	22335.8 	1.09252  1  3630.41  1464
Mg24 	22335.8 	0.146163  1  2458.35  2847
Mg24 	22335.8 	0.996099  1  3073.9  2063
Mg24 	22335.8 	0.677227  1  214.138  5111
Mg24 	22335.8 	0.574464  1  4474.87  591
Mg24 	22335.8 	1.85811  1  3614.97  1488
Mg24 	22335.8 	0.22717  1  434.263  4791
Mg24 	22335.8 	1.77433  1  4795.32  229
Mg24 	22335.8 	0.150903  1  1000.29  4277
Mg24 	22335.8 	0.374708  1  -1064.89  6375
Mg24 	22335.8 	0.183044  1  3467.02  1624
Mg24 	22335.8 	0.243509  1  -1918.43  7308
Mg24 	22335.8 	0.193045  1  1954.1  3175
Mg24 	22335.8 	0.324113  1  4275.56  800
Mg24 	22335.8 	0.256979  1  3344.33  1757
Mg24 	22335.8 	0.139524  1  1624.09  3566
Mg24 	22335.8 	1.19137  1  1709.99  3412
Mg24 	22335.8 	0.175993  1  -985.529  6366
Mg24 	22335.8 	0.36998  1  -1528.7  6971
Mg24 	22335.8 	0.442518  1  2793.08  2339
Mg24 	22335.8 	0.237651  1  -1737.22  7009
Mg24 	22335.8 	0.213635  1  3069.16  1985
Mg24 	22335.8 	0.298057  1  2208.97  2893
Mg24 	22335.8 	0.210753  1  -3254.27  8606
Mg24 	22335.8 	0.164365  1  -1528.77  6923
Mg24 	22335.8 	0.36037  1  -4391.69  9790
Mg24 	22335.8 	0.187791  1  -3499.97  8897
Mg24 	22335.8 	0.446782  1  -3663.8  8963
Mg24 	22335.8 	0.191175  1  -2432.53  7772
Mg24 	22335.8 	0.259841  1  -2003.14  7401
Mg24 	22335.8 	0.147553  1  2329.29  2794
Mg24 	22335.8 	0.239602  1  -456.079  5801
Mg24 	22335.8 	0.151285  1  4253.2  817
Mg24 	22335.8 	0.189108  1  4217.69  820
Mg24 	22335.8 	0.261746  1  -315.746  5686
Mg24 	22335.8 	0.141511  1  4349.8  686
Mg24 	22335.8 	0.131853  1  -1589.01  6819
Mg24 	22335.8 	0.168942  1  34.5932  5298
Mg24 	22335.8 	0.14105  1  -2666.72  8148
Mg24 	22335.8 	0.141408  1  -4775.64  9945
Mg24 	22335.8 	0.164508  1  -2187.78  7477
Mg24 	22335.8 	0.1426  1  -2466.67  7789
Mg24 	22335.8 	0.689358  1  -956.024  6295
Mg24 	22335.8 	0.140011  1  4241.49  803
Mg24 	22335.8 	0.297638  1  2903.48  2286
Mg24 	22335.8 	0.154609  1  1265.02  3908
Mg24 	22335.8 	0.274958  1  -4899.21  10339
Mg24 	22335.8 	0.237945  1  -1901.5  7376
Mg24 	22335.8 	0.931839  1  -587.57  5779
Mg24 	22335.8 	0.170529  1  4058.19  1019
Mg24 	22335.8 	0.624195  1  -3836.67  9360
Mg24 	22335.8 	0.784037  1  -2771.96  8148
Mg24 	22335.8 	0.168857  1  -3281.25  8584
Mg24 	22335.8 	0.234796  1  -3627.07  9201
Mg24 	22335.8 	0.656808  1  -3649.94  8914
Mg24 	22335.8 	0.35648  1  1990.71  3148
Mg24 	22335.8 	0.336199  1  3413.84  1622
Mg24 	22335.8 	0.327343  1  -1152.15  6408
Mg24 	22335.8 	0.176595  1  -3527.26  8912
Mg24 	22335.8 	0.285136  1  -4946.11  10387
Mg24 	22335.8 	0.137908  1  -702.809  5939
Mg24 	22335.8 	0.13861  1  3115.62  1942
Mg24 	22335.8 	0.138978  1  2982.13  2123
Mg24 	22335.8 	0.129408  1  4373.67  664
Mg24 	22335.8 	0.129865  1  -755.379  6003
Mg24 	22335.8 	0.151899  1  -1707.85  7119
Mg24 	22335.8 	0.419003  1  1021.46  4163
Mg24 	22335.8 	0.231772  1  -1842.02  7208
Mg24 	22335.8 	0.468804  1  -152.06  5463
Mg24 	22335.8 	0.326205  1  1081.4  4131
