Mg24 	22335.8 	0.434198  1  4000.77  1059
Mg24 	22335.8 	0.181531  1  2765.15  2330
Mg24 	22335.8 	0.178919  1  -4687.58  10121
Mg24 	22335.8 	0.952245  1  4656.61  344
Mg24 	22335.8 	0.15709  1  4628.07  430
Mg24 	22335.8 	0.154521  1  3258.42  1844
Mg24 	22335.8 	0.261077  1  -3098.82  8480
Mg24 	22335.8 	0.126027  1  -683.157  5941
Mg24 	22335.8 	0.151211  1  -4093.58  9464
Mg24 	22335.8 	0.191758  1  72.3916  5193
Mg24 	22335.8 	0.17055  1  1100.79  4073
Mg24 	22335.8 	0.199674  1  4362.33  683
Mg24 	22335.8 	0.219505  1  1414.31  3792
Mg24 	22335.8 	0.132828  1  -1192.61  6462
Mg24 	22335.8 	0.894983  1  -118.576  5454
Mg24 	22335.8 	0.18007  1  94.7799  4999
Mg24 	22335.8 	0.200228  1  936.597  4260
Mg24 	22335.8 	0.125692  1  4756.94  265
Mg24 	22335.8 	0.139466  1  -3247.48  8541
Mg24 	22335.8 	0.374752  1  -4169.52  9584
Mg24 	22335.8 	0.155836  1  -3070.33  8451
Mg24 	22335.8 	0.137627  1  -3229.42  8683
Mg24 	22335.8 	0.176635  1  4854.85  162
Mg24 	22335.8 	0.150058  1  -4413.33  9852
Mg24 	22335.8 	0.307938  1  -3134.49  8578
Mg24 	22335.8 	0.144584  1  3026.87  2096
Mg24 	22335.8 	0.261954  1  -4585.29  10031
Mg24 	22335.8 	0.237393  1  4279.49  786
Mg24 	22335.8 	0.1295  1  3778.02  1317
Mg24 	22335.8 	0.147012  1  3504.46  1637
Mg24 	22335.8 	0.154059  1  -3209.92  8751
Mg24 	22335.8 	0.153848  1  -3627.8  9030
Mg24 	22335.8 	0.15941  1  2851.67  2268
Mg24 	22335.8 	0.196996  1  -432.747  5749
Mg24 	22335.8 	0.160075  1  1814.41  3300
Mg24 	22335.8 	0.183916  1  -824.833  6042
Mg24 	22335.8 	0.864546  1  2594.49  2544
Mg24 	22335.8 	0.144853  1  1939.58  3279
Mg24 	22335.8 	0.278753  1  1330.6  3794
Mg24 	22335.8 	1.04952  1  772.653  4411
Mg24 	22335.8 	0.179448  1  3319.52  1755
Mg24 	22335.8 	0.391411  1  4687.42  333
Mg24 	22335.8 	0.170929  1  3795.78  1245
Mg24 	22335.8 	0.483643  1  -4096.46  9596
Mg24 	22335.8 	0.256386  1  1725.78  3327
Mg24 	22335.8 	0.186808  1  3888.83  1136
Mg24 	22335.8 	0.139269  1  1683.19  3470
Mg24 	22335.8 	0.46668  1  4296.5  727
Mg24 	22335.8 	0.352759  1  -1241.49  6531
Mg24 	22335.8 	0.178783  1  -1118.73  6309
Mg24 	22335.8 	0.217229  1  1117.32  4124
Mg24 	22335.8 	0.772476  1  473.625  4796
Mg24 	22335.8 	0.125543  1  3016.52  2075
Mg24 	22335.8 	0.232656  1  246.534  4998
Mg24 	22335.8 	0.42195  1  1833.83  3378
Mg24 	22335.8 	0.137146  1  -961.879  6208
Mg24 	22335.8 	0.299677  1  1346.17  3802
Mg24 	22335.8 	0.329839  1  -258.743  5455
Mg24 	22335.8 	0.132652  1  3870.67  1132
Mg24 	22335.8 	0.290428  1  2418.95  2736
Mg24 	22335.8 	0.146254  1  3654.18  1430
Mg24 	22335.8 	0.46124  1  314.72  4896
Mg24 	22335.8 	0.250081  1  2565.63  2440
Mg24 	22335.8 	0.237995  1  -1530.59  6789
Mg24 	22335.8 	0.636635  1  -3982.74  9433
Mg24 	22335.8 	0.185351  1  2661.3  2433
Mg24 	22335.8 	0.252075  1  -940.899  6194
Mg24 	22335.8 	0.749647  1  -3829.54  9209
Mg24 	22335.8 	0.182783  1  -4910.46  10489
Mg24 	22335.8 	0.155874  1  -2363.95  7663
Mg24 	22335.8 	0.136783  1  2445.39  2621
Mg24 	22335.8 	0.499019  1  3344.27  1725
Mg24 	22335.8 	0.336597  1  477.478  4774
Mg24 	22335.8 	0.130058  1  -2085.2  7439
Mg24 	22335.8 	0.244709  1  1709.57  3555
Mg24 	22335.8 	0.389394  1  2494.04  2633
Mg24 	22335.8 	0.170793  1  -1493.51  6756
Mg24 	22335.8 	0.243322  1  4123.5  885
Mg24 	22335.8 	0.327108  1  2281.19  2755
Mg24 	22335.8 	0.261866  1  1831.85  3380
Mg24 	22335.8 	0.176161  1  -88.3515  5294
Mg24 	22335.8 	0.134067  1  -33.0989  5220
Mg24 	22335.8 	0.362393  1  -2990.46  8456
Mg24 	22335.8 	0.148699  1  4093.13  971
Mg24 	22335.8 	1.42659  1  3827.99  1195
Mg24 	22335.8 	0.161478  1  2005.16  3079
Mg24 	22335.8 	0.143403  1  -910.01  6034
Mg24 	22335.8 	0.285525  1  2300.32  2864
Mg24 	22335.8 	0.351603  1  1771.06  3310
Mg24 	22335.8 	2.56076  1  -2969.9  8242
Mg24 	22335.8 	0.244792  1  2467.57  2644
Mg24 	22335.8 	1.01468  1  1658.87  3468
Mg24 	22335.8 	0.127781  1  3494.62  1595
Mg24 	22335.8 	0.243545  1  -2274.27  7778
Mg24 	22335.8 	0.255151  1  4756.74  244
Mg24 	22335.8 	0.167038  1  -2420.15  7615
Mg24 	22335.8 	0.699677  1  1258.07  3897
Mg24 	22335.8 	0.295095  1  -2248.45  7613
Mg24 	22335.8 	0.324471  1  -3536.03  8976
Mg24 	22335.8 	0.127002  1  272.936  4935
Mg24 	22335.8 	0.159249  1  4201.45  842
Mg24 	22335.8 	0.215634  1  -2899.53  8349
Mg24 	22335.8 	0.343424  1  3638.61  1412
Mg24 	22335.8 	0.17409  1  4188.85  833
Mg24 	22335.8 	0.176481  1  2994.59  2160
Mg24 	22335.8 	0.127483  1  2977.92  2147
Mg24 	22335.8 	0.166986  1  4203.57  877
Mg24 	22335.8 	0.421892  1  4002.2  1031
Mg24 	22335.8 	0.138125  1  -2497.43  7933
Mg24 	22335.8 	0.132642  1  -450.932  5713
Mg24 	22335.8 	0.203235  1  -4634.88  10133
Mg24 	22335.8 	0.260326  1  4646.49  358
Mg24 	22335.8 	0.181445  1  416.028  4808
Mg24 	22335.8 	0.128484  1  -3329.93  8735
Mg24 	22335.8 	0.155836  1  3113.37  1950
Mg24 	22335.8 	0.36391  1  -91.3586  5317
Mg24 	22335.8 	0.128778  1  3788.38  1238
Mg24 	22335.8 	0.214318  1  854.494  4354
Mg24 	22335.8 	0.148862  1  -1061.24  6277
Mg24 	22335.8 	0.446637  1  -3270.5  8641
Mg24 	22335.8 	0.134962  1  1532.82  3595
Mg24 	22335.8 	0.147936  1  2594.53  2514
Mg24 	22335.8 	0.140866  1  2845.9  2327
Mg24 	22335.8 	0.165527  1  -1254.33  6666
Mg24 	22335.8 	0.427455  1  627.755  4533
Mg24 	22335.8 	0.370738  1  799.653  4317
Mg24 	22335.8 	0.141693  1  -687.018  5982
Mg24 	22335.8 	0.127438  1  -4182.69  9695
Mg24 	22335.8 	0.228118  1  -2275.89  7652
Mg24 	22335.8 	0.183741  1  3391.95  1715
Mg24 	22335.8 	0.154389  1  4746.42  267
Mg24 	22335.8 	0.176566  1  625.86  4531
Mg24 	22335.8 	0.138647  1  -4286.45  9703
Mg24 	22335.8 	0.177398  1  2734.98  2387
Mg24 	22335.8 	0.151536  1  -2758.8  8047
Mg24 	22335.8 	0.203339  1  -4865.25  10324
Mg24 	22335.8 	0.333623  1  3115.6  1908
Mg24 	22335.8 	0.231573  1  2757.29  2450
Mg24 	22335.8 	0.182135  1  -2606.49  8084
Mg24 	22335.8 	0.215921  1  -2791.7  8139
Mg24 	22335.8 	0.28384  1  3467.52  1622
Mg24 	22335.8 	0.149862  1  3058.64  2030
Mg24 	22335.8 	0.246783  1  204.049  4953
Mg24 	22335.8 	0.177884  1  2796.46  2284
Mg24 	22335.8 	0.133002  1  -3452.11  8833
Mg24 	22335.8 	0.186351  1  -209.259  5368
Mg24 	22335.8 	0.369935  1  3304.25  1849
Mg24 	22335.8 	0.145428  1  -4589.22  9995
Mg24 	22335.8 	0.210782  1  -53.2053  5353
Mg24 	22335.8 	0.147664  1  -1124.12  6611
Mg24 	22335.8 	0.321348  1  1231.86  3975
Mg24 	22335.8 	0.229598  1  -114.375  5393
Mg24 	22335.8 	0.27723  1  1117.39  3879
Mg24 	22335.8 	0.277564  1  74.1602  5029
Mg24 	22335.8 	0.542886  1  1410.3  3765
Mg24 	22335.8 	0.463146  1  -1151.04  6459
Mg24 	22335.8 	0.389317  1  -1069.52  6216
Mg24 	22335.8 	0.324401  1  -342.118  5676
Mg24 	22335.8 	0.268672  1  -4059.3  9621
Mg24 	22335.8 	0.249286  1  -2873.67  8337
Mg24 	22335.8 	0.165839  1  -3649.61  8941
Mg24 	22335.8 	3.39956  1  1127.07  4204
Mg24 	22335.8 	0.194546  1  3733.16  1293
Mg24 	22335.8 	1.14044  1  -810.143  6010
Mg24 	22335.8 	0.213112  1  -4026.93  9453
Mg24 	22335.8 	0.19443  1  2915.51  2219
Mg24 	22335.8 	0.21511  1  3703.97  1362
Mg24 	22335.8 	0.514737  1  2223.77  2965
Mg24 	22335.8 	0.22404  1  -1669.41  6857
Mg24 	22335.8 	0.128255  1  726.602  4395
Mg24 	22335.8 	0.220727  1  -1734.97  7047
Mg24 	22335.8 	0.140179  1  2329.97  2828
Mg24 	22335.8 	0.202304  1  315.669  4893
Mg24 	22335.8 	0.256436  1  139.704  5024
Mg24 	22335.8 	0.196642  1  -3991.78  9304
Mg24 	22335.8 	0.157154  1  3659.49  1447
Mg24 	22335.8 	0.174081  1  4528.65  517
Mg24 	22335.8 	1.4843  1  203.681  5127
Mg24 	22335.8 	0.126396  1  2993.75  2095
Mg24 	22335.8 	0.135796  1  -1359.73  6737
Mg24 	22335.8 	0.162045  1  -41.6989  5267
Mg24 	22335.8 	0.189333  1  4926.15  80
Mg24 	22335.8 	0.190782  1  4838.12  179
Mg24 	22335.8 	0.306136  1  3477.82  1547
Mg24 	22335.8 	0.25199  1  -4082.84  9525
Mg24 	22335.8 	0.598495  1  -4180.62  9675
Mg24 	22335.8 	0.202379  1  1952.18  3159
Mg24 	22335.8 	0.228642  1  122.972  4960
Mg24 	22335.8 	0.343261  1  568.368  4655
Mg24 	22335.8 	0.367039  1  1760.47  3403
Mg24 	22335.8 	0.154483  1  2352.87  2800
Mg24 	22335.8 	0.297974  1  -2884.9  8249
Mg24 	22335.8 	0.217202  1  1724.04  3436
Mg24 	22335.8 	0.330439  1  -3610.11  9097
Mg24 	22335.8 	0.282024  1  4515.06  505
Mg24 	22335.8 	0.460193  1  -1814.82  7030
Mg24 	22335.8 	1.27936  1  -4792.8  10149
Mg24 	22335.8 	0.58438  1  -2168.85  7556
Mg24 	22335.8 	0.275605  1  461.03  4789
Mg24 	22335.8 	0.537048  1  -3264.25  8708
Mg24 	22335.8 	0.20224  1  3783.05  1286
Mg24 	22335.8 	0.237681  1  -3313.11  8744
Mg24 	22335.8 	0.150126  1  -1638.84  6816
Mg24 	22335.8 	0.253444  1  989.393  4284
Mg24 	22335.8 	0.240995  1  -2901.45  8341
Mg24 	22335.8 	0.417692  1  3155.95  1921
Mg24 	22335.8 	0.565391  1  2216.96  2927
Mg24 	22335.8 	0.241242  1  -4444.76  9865
Mg24 	22335.8 	0.188116  1  -4923.67  10506
Mg24 	22335.8 	0.319227  1  3977.91  1068
Mg24 	22335.8 	0.14036  1  -766.115  6102
Mg24 	22335.8 	0.268589  1  -1621.65  7037
Mg24 	22335.8 	0.217249  1  -4612.89  10070
Mg24 	22335.8 	0.288969  1  -3334.58  8574
Mg24 	22335.8 	0.181315  1  4779.31  245
Mg24 	22335.8 	0.146639  1  742.974  4574
Mg24 	22335.8 	0.188094  1  -1497.05  6769
Mg24 	22335.8 	0.338432  1  2932.24  2071
Mg24 	22335.8 	0.291621  1  569.41  4743
Mg24 	22335.8 	0.562971  1  -120.854  5483
Mg24 	22335.8 	0.129626  1  -2255.89  7678
Mg24 	22335.8 	0.141775  1  2580.42  2662
Mg24 	22335.8 	0.13494  1  -1712.08  6993
Mg24 	22335.8 	0.171612  1  807.501  4458
Mg24 	22335.8 	0.136653  1  -1020.56  6220
Mg24 	22335.8 	0.143913  1  -1652.6  6993
Mg24 	22335.8 	0.499313  1  330.53  4870
Mg24 	22335.8 	0.231364  1  -47.9922  5335
Mg24 	22335.8 	0.251529  1  -1426.36  6789
Mg24 	22335.8 	0.215475  1  -2980.63  8274
Mg24 	22335.8 	0.255365  1  176.226  5057
Mg24 	22335.8 	0.322936  1  -458.445  5717
Mg24 	22335.8 	0.140496  1  -1780.18  7104
Mg24 	22335.8 	0.126225  1  -2628.61  8075
Mg24 	22335.8 	0.156566  1  -4634.08  10183
Mg24 	22335.8 	0.405289  1  2353.72  2932
Mg24 	22335.8 	0.451877  1  -2504.38  7827
Mg24 	22335.8 	0.214628  1  1239.79  3966
Mg24 	22335.8 	0.170969  1  828.234  4400
Mg24 	22335.8 	0.184725  1  -3209.96  8696
Mg24 	22335.8 	0.199122  1  4404.99  629
Mg24 	22335.8 	0.336471  1  2308.97  2869
Mg24 	22335.8 	0.171946  1  -1356.43  6687
Mg24 	22335.8 	0.155616  1  2833.06  2256
Mg24 	22335.8 	0.304389  1  2979.75  2137
Mg24 	22335.8 	0.133552  1  743.855  4434
Mg24 	22335.8 	0.212485  1  -1769.01  7120
Mg24 	22335.8 	0.251897  1  -2857.37  8256
Mg24 	22335.8 	0.315679  1  2140.43  2929
Mg24 	22335.8 	0.166126  1  -4147.82  9595
Mg24 	22335.8 	0.206603  1  4402.44  653
Mg24 	22335.8 	0.180955  1  1730.51  3519
Mg24 	22335.8 	1.10062  1  -2550.76  7731
Mg24 	22335.8 	0.133967  1  4497.88  512
Mg24 	22335.8 	0.26062  1  -822.227  6169
Mg24 	22335.8 	0.130622  1  -93.9375  5398
Mg24 	22335.8 	0.20183  1  690.278  4487
Mg24 	22335.8 	0.219895  1  -1592.54  6923
Mg24 	22335.8 	0.12598  1  -3805.92  9259
Mg24 	22335.8 	0.20957  1  1539.51  3681
Mg24 	22335.8 	0.136556  1  4448.33  601
Mg24 	22335.8 	0.342094  1  4087.03  981
Mg24 	22335.8 	0.379553  1  2922.76  2218
Mg24 	22335.8 	0.136881  1  -1213.87  6537
Mg24 	22335.8 	0.404161  1  4879.33  118
Mg24 	22335.8 	0.490314  1  -722.712  6173
Mg24 	22335.8 	0.189642  1  -1821.41  7297
Mg24 	22335.8 	0.132745  1  -4001.86  9616
Mg24 	22335.8 	0.176965  1  2014.63  3275
Mg24 	22335.8 	0.167734  1  -4582.73  10001
Mg24 	22335.8 	0.138002  1  -3898.82  9316
Mg24 	22335.8 	0.205698  1  1523.14  3668
Mg24 	22335.8 	0.49396  1  -1650.36  7159
Mg24 	22335.8 	0.339424  1  1523.76  3660
Mg24 	22335.8 	0.580024  1  -1192.36  6598
Mg24 	22335.8 	0.162368  1  -2471.36  7934
Mg24 	22335.8 	0.163022  1  -4943.27  10283
Mg24 	22335.8 	0.389662  1  -2984.45  8180
Mg24 	22335.8 	0.261586  1  -2812.1  8070
Mg24 	22335.8 	0.263152  1  4268.31  780
Mg24 	22335.8 	0.281809  1  852.642  4431
Mg24 	22335.8 	0.178584  1  4790.25  221
Mg24 	22335.8 	0.591052  1  1525.47  3713
Mg24 	22335.8 	0.570766  1  4351.87  702
Mg24 	22335.8 	0.411644  1  587.273  4543
Mg24 	22335.8 	0.457186  1  -3956.39  9318
Mg24 	22335.8 	0.193614  1  4337.63  722
Mg24 	22335.8 	0.165577  1  3308.22  1709
Mg24 	22335.8 	0.153125  1  -2620.63  7937
Mg24 	22335.8 	0.413759  1  4817.21  210
Mg24 	22335.8 	0.151696  1  2105.37  3104
Mg24 	22335.8 	0.240728  1  747.844  4472
Mg24 	22335.8 	0.148434  1  684.909  4522
Mg24 	22335.8 	0.161706  1  999.06  4126
Mg24 	22335.8 	0.263165  1  -2575.08  7772
Mg24 	22335.8 	0.18228  1  -2541.38  7873
Mg24 	22335.8 	0.147763  1  2805.03  2289
Mg24 	22335.8 	0.286629  1  3263.44  1799
Mg24 	22335.8 	0.133441  1  2597.38  2462
Mg24 	22335.8 	0.229099  1  660.404  4655
Mg24 	22335.8 	0.369042  1  -606.566  5834
Mg24 	22335.8 	0.353953  1  -1893.26  7244
Mg24 	22335.8 	0.218177  1  1146  4023
Mg24 	22335.8 	0.774285  1  3201.67  1861
Mg24 	22335.8 	0.130272  1  -3666.6  9072
Mg24 	22335.8 	0.187139  1  -554.108  5760
Mg24 	22335.8 	0.159554  1  -154.245  5382
Mg24 	22335.8 	0.135763  1  -903.691  6187
Mg24 	22335.8 	0.219988  1  -2149.04  7467
Mg24 	22335.8 	0.185009  1  -660.337  5993
Mg24 	22335.8 	0.128226  1  -3337.4  8575
Mg24 	22335.8 	1.12401  1  2760.38  2327
Mg24 	22335.8 	0.246866  1  -2536.33  7904
Mg24 	22335.8 	0.154281  1  3033.12  2088
Mg24 	22335.8 	0.128731  1  1952.39  3113
Mg24 	22335.8 	0.144164  1  2807  2300
Mg24 	22335.8 	0.411371  1  1948.69  3220
Mg24 	22335.8 	0.545121  1  4644.69  383
Mg24 	22335.8 	0.273647  1  -974.717  6406
Mg24 	22335.8 	0.351721  1  2057.29  3138
Mg24 	22335.8 	0.208464  1  4628.43  367
Mg24 	22335.8 	0.33651  1  4734.46  294
Mg24 	22335.8 	0.355362  1  108.482  5152
Mg24 	22335.8 	0.320823  1  3212.51  1914
Mg24 	22335.8 	0.16488  1  -2751.17  8042
Mg24 	22335.8 	0.45866  1  -1735.22  6964
Mg24 	22335.8 	0.145186  1  3267.08  1832
Mg24 	22335.8 	0.183023  1  -0.727756  5208
Mg24 	22335.8 	0.143386  1  2280.17  2810
Mg24 	22335.8 	0.401843  1  99.5366  5133
Mg24 	22335.8 	0.208296  1  3827.18  1268
Mg24 	22335.8 	0.41715  1  4695.07  324
Mg24 	22335.8 	0.151373  1  4189.96  860
Mg24 	22335.8 	0.133733  1  1723.4  3459
Mg24 	22335.8 	0.213985  1  -3093.97  8430
Mg24 	22335.8 	0.215723  1  3014.09  2043
Mg24 	22335.8 	0.215039  1  601.449  4662
Mg24 	22335.8 	0.311056  1  -2362.78  7686
Mg24 	22335.8 	0.16012  1  -1496.61  6942
Mg24 	22335.8 	0.134567  1  -661.108  5773
Mg24 	22335.8 	0.644859  1  -3685.54  9092
Mg24 	22335.8 	0.135235  1  -1970.44  7375
Mg24 	22335.8 	0.252605  1  -2542.7  7868
Mg24 	22335.8 	0.297757  1  -4048.16  9488
Mg24 	22335.8 	0.192116  1  -418.458  5768
Mg24 	22335.8 	0.154278  1  -3309.3  8721
Mg24 	22335.8 	0.222232  1  4223.04  789
Mg24 	22335.8 	0.149994  1  1496.57  3560
Mg24 	22335.8 	0.364613  1  3271.57  1743
Mg24 	22335.8 	0.157209  1  607.857  4645
Mg24 	22335.8 	0.126156  1  -522.94  5731
Mg24 	22335.8 	0.22294  1  619.461  4632
Mg24 	22335.8 	0.16992  1  3015.23  2071
Mg24 	22335.8 	0.146221  1  -1663.16  7035
Mg24 	22335.8 	0.132506  1  -2494.51  7937
Mg24 	22335.8 	0.20014  1  4122.83  929
Mg24 	22335.8 	0.14918  1  2633.79  2425
Mg24 	22335.8 	0.125492  1  -3245.63  8791
Mg24 	22335.8 	0.130542  1  2226.41  2899
Mg24 	22335.8 	0.162573  1  -665.39  5992
Mg24 	22335.8 	0.148621  1  3990.58  1061
Mg24 	22335.8 	0.164788  1  -3224.77  8525
Mg24 	22335.8 	0.127557  1  -1445.51  6860
Mg24 	22335.8 	0.696576  1  -2562.56  7905
Mg24 	22335.8 	0.151501  1  -1577.67  6853
Mg24 	22335.8 	0.594  1  -2884.25  8237
Mg24 	22335.8 	0.458871  1  50.9969  5229
Mg24 	22335.8 	0.139933  1  2771.68  2332
Mg24 	22335.8 	0.146596  1  -2560.61  7957
Mg24 	22335.8 	0.213459  1  1269.54  3978
Mg24 	22335.8 	0.892794  1  4499.78  528
Mg24 	22335.8 	0.153836  1  -1617.46  6980
Mg24 	22335.8 	0.319396  1  -1226.15  6333
Mg24 	22335.8 	0.346002  1  572.945  4529
Mg24 	22335.8 	0.20829  1  2062.31  3073
Mg24 	22335.8 	0.137545  1  -3738.52  9286
Mg24 	22335.8 	0.394503  1  3553.83  1537
Mg24 	22335.8 	0.339026  1  2639.27  2501
Mg24 	22335.8 	0.16011  1  4852.54  140
Mg24 	22335.8 	1.4495  1  451.536  4698
Mg24 	22335.8 	0.184348  1  -523.647  5766
Mg24 	22335.8 	0.716754  1  -1030.18  6449
Mg24 	22335.8 	0.623838  1  1647.32  3594
Mg24 	22335.8 	0.165598  1  981.197  4304
Mg24 	22335.8 	0.180763  1  2033.35  3193
Mg24 	22335.8 	0.184381  1  4092.29  944
Mg24 	22335.8 	0.234573  1  -2374.41  7730
Mg24 	22335.8 	0.156167  1  4739.69  273
Mg24 	22335.8 	0.146051  1  3241.26  1775
Mg24 	22335.8 	0.152615  1  -43.9475  5270
Mg24 	22335.8 	0.170352  1  -928.141  6129
Mg24 	22335.8 	0.209671  1  4912.04  96
Mg24 	22335.8 	0.689646  1  4570.37  468
Mg24 	22335.8 	0.161229  1  2584.09  2538
Mg24 	22335.8 	0.845033  1  890.326  4236
Mg24 	22335.8 	0.142387  1  -1117.93  6469
Mg24 	22335.8 	0.178695  1  -4123.77  9616
Mg24 	22335.8 	0.164405  1  1526.53  3673
Mg24 	22335.8 	0.181793  1  2258.19  2948
Mg24 	22335.8 	0.500413  1  -2297.1  7550
Mg24 	22335.8 	0.329615  1  -3471.33  8820
Mg24 	22335.8 	0.587197  1  -48.2703  5407
Mg24 	22335.8 	0.503491  1  -4096.67  9409
Mg24 	22335.8 	0.143333  1  -2514.61  7915
Mg24 	22335.8 	0.331093  1  -1171.89  6463
Mg24 	22335.8 	0.134055  1  1822.13  3389
Mg24 	22335.8 	0.576902  1  3635.57  1427
Mg24 	22335.8 	0.147034  1  2634.38  2478
Mg24 	22335.8 	0.633446  1  -1801.48  7033
Mg24 	22335.8 	0.181114  1  3604.36  1416
Mg24 	22335.8 	0.160347  1  -4083.16  9521
Mg24 	22335.8 	0.140288  1  3814.57  1241
Mg24 	22335.8 	0.468914  1  1946.47  3224
Mg24 	22335.8 	0.57754  1  4967.37  39
Mg24 	22335.8 	0.451051  1  -116.927  5347
Mg24 	22335.8 	0.162159  1  -2580.03  7842
Mg24 	22335.8 	0.198647  1  4010.36  1054
Mg24 	22335.8 	0.148267  1  3721.7  1372
Mg24 	22335.8 	1.21841  1  3568.48  1525
Mg24 	22335.8 	1.91959  1  -107.075  5434
Mg24 	22335.8 	0.574934  1  3301.88  1746
Mg24 	22335.8 	0.424506  1  -3038.79  8425
Mg24 	22335.8 	0.397301  1  -2588.59  8080
Mg24 	22335.8 	0.132699  1  4050.28  943
Mg24 	22335.8 	0.134586  1  -181.074  5368
Mg24 	22335.8 	0.229197  1  -471.971  5670
Mg24 	22335.8 	0.650382  1  4779.39  230
Mg24 	22335.8 	0.287082  1  2152.26  2985
Mg24 	22335.8 	0.338997  1  -3218.06  8593
Mg24 	22335.8 	0.160411  1  658.306  4538
Mg24 	22335.8 	0.193133  1  -1474.47  6819
Mg24 	22335.8 	0.158008  1  -4289.86  9796
Mg24 	22335.8 	0.15082  1  3845.29  1249
Mg24 	22335.8 	0.156898  1  1226.05  3878
Mg24 	22335.8 	0.284271  1  1557.01  3689
Mg24 	22335.8 	0.209388  1  1851.48  3359
Mg24 	22335.8 	0.245947  1  4305.06  715
Mg24 	22335.8 	0.1941  1  4510.2  524
Mg24 	22335.8 	0.142133  1  -3051.11  8409
Mg24 	22335.8 	0.218322  1  4229.93  827
Mg24 	22335.8 	0.159405  1  1925.19  3224
Mg24 	22335.8 	0.161567  1  4558.93  418
Mg24 	22335.8 	0.182713  1  -2903.89  8296
Mg24 	22335.8 	0.754433  1  -1140.17  6399
Mg24 	22335.8 	0.335367  1  3744.28  1413
Mg24 	22335.8 	0.14258  1  -562.56  5756
Mg24 	22335.8 	0.153024  1  1357.07  3854
Mg24 	22335.8 	0.179284  1  4867.25  152
Mg24 	22335.8 	0.150294  1  4065.25  995
Mg24 	22335.8 	0.134497  1  -2189.61  7728
Mg24 	22335.8 	0.154606  1  -3665.36  9283
Mg24 	22335.8 	0.531781  1  -1760.46  7055
Mg24 	22335.8 	0.503139  1  -2202.54  7489
Mg24 	22335.8 	0.875951  1  4348.28  632
Mg24 	22335.8 	0.181338  1  -3067.52  8393
Mg24 	22335.8 	0.416286  1  3659.47  1413
Mg24 	22335.8 	0.150389  1  -2862.84  8159
Mg24 	22335.8 	0.867097  1  631.716  4497
Mg24 	22335.8 	0.228083  1  -999.605  6252
Mg24 	22335.8 	0.165233  1  -1833.77  7323
Mg24 	22335.8 	0.190377  1  -1551.33  6820
Mg24 	22335.8 	0.255436  1  174.436  4973
Mg24 	22335.8 	0.132379  1  4733.91  291
Mg24 	22335.8 	0.216959  1  -4568.19  10073
Mg24 	22335.8 	2.56867  1  4706.92  304
Mg24 	22335.8 	0.177767  1  -1311.12  6696
Mg24 	22335.8 	0.443562  1  -4551.2  9847
Mg24 	22335.8 	0.168282  1  -1525.51  6788
Mg24 	22335.8 	0.36671  1  -2790.48  8088
Mg24 	22335.8 	0.131419  1  -4481.25  9916
Mg24 	22335.8 	0.188282  1  3920.08  1150
Mg24 	22335.8 	0.144772  1  -298.744  5515
Mg24 	22335.8 	0.254639  1  3374.12  1694
Mg24 	22335.8 	1.00776  1  -1353.44  6592
Mg24 	22335.8 	0.181904  1  668.039  4526
Mg24 	22335.8 	0.332926  1  4778.15  271
Mg24 	22335.8 	0.258826  1  3920.57  1077
Mg24 	22335.8 	0.519573  1  958.477  4217
Mg24 	22335.8 	0.193542  1  1416.89  3866
Mg24 	22335.8 	0.339841  1  -955.046  6422
Mg24 	22335.8 	0.220223  1  2428.64  2647
Mg24 	22335.8 	0.588159  1  3794.29  1222
Mg24 	22335.8 	0.337263  1  1795.98  3326
Mg24 	22335.8 	0.22952  1  -4636.94  10004
Mg24 	22335.8 	0.192737  1  -4516.69  9972
Mg24 	22335.8 	0.408642  1  -1311.31  6565
Mg24 	22335.8 	0.220687  1  -2711.22  8099
Mg24 	22335.8 	0.276114  1  -4524.7  9952
Mg24 	22335.8 	0.132898  1  175.249  5086
Mg24 	22335.8 	0.180219  1  1547.6  3563
Mg24 	22335.8 	0.127913  1  1264.51  3851
Mg24 	22335.8 	0.188917  1  4329.81  717
Mg24 	22335.8 	0.132062  1  -3190.26  8715
Mg24 	22335.8 	0.18291  1  3162.8  1880
Mg24 	22335.8 	0.393067  1  4747.09  268
Mg24 	22335.8 	0.173363  1  -4365.31  9809
Mg24 	22335.8 	0.165773  1  3464.18  1611
Mg24 	22335.8 	0.24068  1  -1460.28  6737
Mg24 	22335.8 	0.193537  1  3531.46  1550
Mg24 	22335.8 	0.148493  1  -36.1656  5272
Mg24 	22335.8 	1.57027  1  -2858.53  8339
Mg24 	22335.8 	0.134393  1  4699.86  318
Mg24 	22335.8 	0.257021  1  4537.1  503
Mg24 	22335.8 	0.166812  1  -3488.52  8929
Mg24 	22335.8 	0.166758  1  1276.2  3906
Mg24 	22335.8 	0.151205  1  2313.68  2857
Mg24 	22335.8 	0.434062  1  3071.9  2069
Mg24 	22335.8 	0.157183  1  3813.4  1218
Mg24 	22335.8 	0.425119  1  -2872.95  8320
Mg24 	22335.8 	0.283072  1  3805.3  1297
Mg24 	22335.8 	0.14763  1  -4537.33  9898
Mg24 	22335.8 	0.779344  1  4822.88  189
Mg24 	22335.8 	0.243114  1  -286.796  5562
Mg24 	22335.8 	0.145156  1  2887.18  2249
Mg24 	22335.8 	0.276522  1  484.654  4761
Mg24 	22335.8 	0.135951  1  4519.17  533
Mg24 	22335.8 	0.125671  1  3856.72  1211
Mg24 	22335.8 	0.350006  1  798.319  4374
Mg24 	22335.8 	0.265417  1  -4373.5  9810
Mg24 	22335.8 	0.161409  1  3380.97  1740
Mg24 	22335.8 	0.171035  1  -2553.24  7831
Mg24 	22335.8 	0.184915  1  3434.4  1634
Mg24 	22335.8 	0.196658  1  -1230.32  6554
Mg24 	22335.8 	0.135445  1  -1794.29  7114
Mg24 	22335.8 	0.34812  1  1218.12  3905
Mg24 	22335.8 	0.208347  1  -1267.2  6504
Mg24 	22335.8 	0.167998  1  -600.329  5935
Mg24 	22335.8 	0.143503  1  -657.546  6121
Mg24 	22335.8 	0.329991  1  1437.45  3697
Mg24 	22335.8 	0.250507  1  2236.9  2880
Mg24 	22335.8 	0.150039  1  1088.43  4202
Mg24 	22335.8 	0.582021  1  -1848.19  7319
Mg24 	22335.8 	0.192118  1  -3348.22  8773
Mg24 	22335.8 	0.642705  1  3668.33  1430
Mg24 	22335.8 	0.258196  1  1800.32  3316
Mg24 	22335.8 	0.204929  1  -662.724  5986
Mg24 	22335.8 	0.208334  1  -645.512  5961
Mg24 	22335.8 	0.200867  1  -3495.76  8906
Mg24 	22335.8 	0.199994  1  -370.01  5611
Mg24 	22335.8 	0.233853  1  -140.653  5423
Mg24 	22335.8 	0.368115  1  1535.63  3687
Mg24 	22335.8 	0.132063  1  1891.88  3280
Mg24 	22335.8 	0.34023  1  -3051.25  8511
Mg24 	22335.8 	3.66396  1  -1072.3  6462
Mg24 	22335.8 	0.476351  1  737.837  4506
Mg24 	22335.8 	1.14168  1  1817.02  3318
Mg24 	22335.8 	0.671961  1  -4857.06  10280
Mg24 	22335.8 	0.196471  1  -1174.1  6465
Mg24 	22335.8 	0.161124  1  637.213  4590
Mg24 	22335.8 	0.177688  1  4422.31  600
Mg24 	22335.8 	0.245625  1  4332.1  728
Mg24 	22335.8 	0.460654  1  3126.92  2039
Mg24 	22335.8 	0.411131  1  1283.9  3986
Mg24 	22335.8 	0.162696  1  -4928.45  10427
Mg24 	22335.8 	0.908889  1  -3469.44  8881
Mg24 	22335.8 	0.146451  1  -86.5414  5436
Mg24 	22335.8 	0.735987  1  -4015.8  9360
Mg24 	22335.8 	0.370356  1  1897.69  3319
Mg24 	22335.8 	0.584906  1  2511.94  2607
Mg24 	22335.8 	0.2445  1  -2078.24  7437
Mg24 	22335.8 	1.93294  1  -1992.73  7402
Mg24 	22335.8 	0.224726  1  2066.15  3063
Mg24 	22335.8 	0.215325  1  -4940.65  10298
Mg24 	22335.8 	0.20184  1  4941.22  78
Mg24 	22335.8 	0.162627  1  -4643.06  10142
Mg24 	22335.8 	0.146093  1  -820.362  6194
Mg24 	22335.8 	1.50703  1  -728.95  5969
Mg24 	22335.8 	0.230624  1  23.4389  5126
Mg24 	22335.8 	0.280469  1  1497.1  3688
Mg24 	22335.8 	0.180904  1  -1620.95  6988
Mg24 	22335.8 	0.319008  1  3871.81  1179
Mg24 	22335.8 	0.129533  1  -2386.22  7777
Mg24 	22335.8 	0.186647  1  -2003.57  7415
Mg24 	22335.8 	0.14465  1  2427.61  2652
Mg24 	22335.8 	0.336929  1  1861.42  3422
Mg24 	22335.8 	0.300742  1  825.029  4425
Mg24 	22335.8 	0.264143  1  -1639.78  7119
Mg24 	22335.8 	0.14479  1  2557.31  2571
Mg24 	22335.8 	0.195123  1  2275.23  2839
Mg24 	22335.8 	0.346674  1  -380.927  5589
Mg24 	22335.8 	0.199978  1  -2660.76  7996
Mg24 	22335.8 	0.586777  1  -2370.72  7669
Mg24 	22335.8 	2.18924  1  739.954  4385
Mg24 	22335.8 	0.320081  1  -2788.63  8397
Mg24 	22335.8 	0.249634  1  -2872.6  8313
Mg24 	22335.8 	0.165005  1  -3453.66  9049
Mg24 	22335.8 	0.14143  1  3491.33  1611
Mg24 	22335.8 	0.189562  1  2106.09  3035
Mg24 	22335.8 	0.679766  1  -4076.39  9545
Mg24 	22335.8 	0.667645  1  1330.72  3926
Mg24 	22335.8 	0.150434  1  -2855.61  8167
Mg24 	22335.8 	0.192564  1  -2147.76  7458
Mg24 	22335.8 	0.272436  1  -3583.45  9200
Mg24 	22335.8 	0.290946  1  3371.23  1803
Mg24 	22335.8 	0.136621  1  -2506.02  7827
Mg24 	22335.8 	0.194018  1  -850.128  6066
Mg24 	22335.8 	0.134235  1  2482  2657
Mg24 	22335.8 	0.270419  1  -3093.08  8505
Mg24 	22335.8 	0.244963  1  2235.34  2875
Mg24 	22335.8 	0.12681  1  -4436.46  10194
Mg24 	22335.8 	0.152726  1  -4460.05  9848
Mg24 	22335.8 	0.387676  1  -2506.7  7948
Mg24 	22335.8 	0.709712  1  -134.917  5390
Mg24 	22335.8 	0.179096  1  4332.09  714
Mg24 	22335.8 	0.153412  1  2750.08  2402
Mg24 	22335.8 	0.127789  1  188.419  5161
Mg24 	22335.8 	0.208907  1  1416.87  3724
Mg24 	22335.8 	0.200855  1  -1202.29  6391
Mg24 	22335.8 	0.155196  1  -3397.22  8939
Mg24 	22335.8 	0.192969  1  4701.61  298
Mg24 	22335.8 	0.317681  1  -1575.2  6799
Mg24 	22335.8 	0.149415  1  4932.5  82
Mg24 	22335.8 	0.487225  1  1306.56  3891
Mg24 	22335.8 	0.237337  1  3089.12  2129
Mg24 	22335.8 	0.37904  1  -3623.62  8972
Mg24 	22335.8 	0.159843  1  -2328.69  7544
Mg24 	22335.8 	0.144034  1  -1755.41  6832
Mg24 	22335.8 	0.162057  1  2565.5  2563
Mg24 	22335.8 	0.132982  1  -3864.77  9359
Mg24 	22335.8 	0.130199  1  2368.39  2781
Mg24 	22335.8 	0.135783  1  3291.34  1819
Mg24 	22335.8 	0.424098  1  318.818  4988
Mg24 	22335.8 	0.268411  1  -4376.96  9926
Mg24 	22335.8 	0.143938  1  1987.29  3145
Mg24 	22335.8 	0.34926  1  2442.66  2692
Mg24 	22335.8 	0.130571  1  351.921  4929
Mg24 	22335.8 	0.13014  1  1471.31  3723
Mg24 	22335.8 	0.190497  1  2880.98  2197
Mg24 	22335.8 	0.132264  1  -4844.77  10426
Mg24 	22335.8 	0.214409  1  2443.39  2732
Mg24 	22335.8 	1.152  1  -436  5796
Mg24 	22335.8 	0.248925  1  -3840.7  9310
Mg24 	22335.8 	0.164078  1  4999.18  4
Mg24 	22335.8 	0.174438  1  1626.33  3512
Mg24 	22335.8 	0.419346  1  -4217  9574
Mg24 	22335.8 	0.310463  1  574.425  4624
Mg24 	22335.8 	0.16413  1  1222.57  3999
Mg24 	22335.8 	0.125561  1  -1369.59  6710
Mg24 	22335.8 	0.315934  1  1336.61  3889
Mg24 	22335.8 	0.139667  1  -417.484  5750
Mg24 	22335.8 	0.464787  1  950.334  4305
Mg24 	22335.8 	0.142238  1  -4203.46  9847
Mg24 	22335.8 	0.131655  1  -3759.55  9199
Mg24 	22335.8 	1.37184  1  4163.31  844
Mg24 	22335.8 	0.183057  1  -755.032  6109
Mg24 	22335.8 	0.134335  1  429.372  4808
Mg24 	22335.8 	0.599739  1  -4120.71  9669
Mg24 	22335.8 	0.31562  1  988.512  4298
Mg24 	22335.8 	0.194531  1  -7.45618  5094
Mg24 	22335.8 	0.167706  1  -1460.18  6739
Mg24 	22335.8 	0.659782  1  -4769.23  10311
Mg24 	22335.8 	0.130892  1  4794.69  205
Mg24 	22335.8 	0.171339  1  -4456.12  9888
Mg24 	22335.8 	0.383122  1  -876.466  6154
Mg24 	22335.8 	0.165341  1  273.337  4931
Mg24 	22335.8 	0.370982  1  2584.69  2484
Mg24 	22335.8 	0.197076  1  -636.718  5970
Mg24 	22335.8 	0.163165  1  3026.6  2063
Mg24 	22335.8 	0.177385  1  -1448.13  6805
Mg24 	22335.8 	0.160444  1  -4121.01  9529
Mg24 	22335.8 	0.274792  1  4169.77  811
Mg24 	22335.8 	0.248026  1  -4391.39  9936
Mg24 	22335.8 	0.273901  1  -1648.61  7025
Mg24 	22335.8 	0.284798  1  1734.27  3370
Mg24 	22335.8 	0.137869  1  -2926.13  8291
Mg24 	22335.8 	0.171027  1  4583.33  413
Mg24 	22335.8 	0.130123  1  4208.29  829
Mg24 	22335.8 	1.55591  1  546.19  4695
Mg24 	22335.8 	0.220989  1  2521.88  2596
Mg24 	22335.8 	0.143707  1  -1694.99  7042
Mg24 	22335.8 	0.232144  1  1881.65  3281
Mg24 	22335.8 	0.193091  1  1473.38  3844
Mg24 	22335.8 	0.281822  1  331.563  5021
Mg24 	22335.8 	0.154255  1  4238  796
Mg24 	22335.8 	0.31815  1  2884.04  2263
Mg24 	22335.8 	0.240156  1  -1368.69  6658
Mg24 	22335.8 	0.207014  1  1624.59  3491
Mg24 	22335.8 	0.211789  1  3915.79  1126
Mg24 	22335.8 	0.586118  1  2751.8  2275
Mg24 	22335.8 	0.297527  1  -3414.09  8802
Mg24 	22335.8 	0.152918  1  4421.48  615
Mg24 	22335.8 	0.244084  1  1394.28  3681
Mg24 	22335.8 	0.334236  1  -3096.77  8441
Mg24 	22335.8 	0.327585  1  -1122.2  6503
Mg24 	22335.8 	0.176332  1  663.843  4632
Mg24 	22335.8 	0.522902  1  4183.75  885
Mg24 	22335.8 	0.230569  1  3124.09  2004
Mg24 	22335.8 	0.197101  1  466.104  4714
Mg24 	22335.8 	0.155103  1  -120.958  5403
Mg24 	22335.8 	0.371415  1  -1025.16  6307
Mg24 	22335.8 	0.128419  1  2818.61  2365
Mg24 	22335.8 	0.201649  1  -3728.16  9076
Mg24 	22335.8 	0.140586  1  4744.66  254
Mg24 	22335.8 	0.245008  1  -2717.15  8078
Mg24 	22335.8 	1.38017  1  2790.18  2297
Mg24 	22335.8 	0.133551  1  56.5298  5159
Mg24 	22335.8 	0.375613  1  -2980.94  8420
Mg24 	22335.8 	0.180603  1  -1784.91  7138
Mg24 	22335.8 	0.157223  1  -2871.01  8277
Mg24 	22335.8 	0.251726  1  1127.46  4087
Mg24 	22335.8 	0.157172  1  2486.22  2587
Mg24 	22335.8 	0.132443  1  -47.6883  5297
Mg24 	22335.8 	0.168246  1  -335.491  5500
Mg24 	22335.8 	0.13086  1  3216.95  1902
Mg24 	22335.8 	0.247261  1  -4265.29  9804
Mg24 	22335.8 	0.185706  1  1787.31  3331
Mg24 	22335.8 	0.362054  1  -2289.64  7593
Mg24 	22335.8 	0.190703  1  3750.86  1358
Mg24 	22335.8 	0.517706  1  3874.28  1213
Mg24 	22335.8 	0.221581  1  2283.94  2821
Mg24 	22335.8 	0.419226  1  2485.16  2659
Mg24 	22335.8 	0.151954  1  -837.328  6052
Mg24 	22335.8 	0.185592  1  2393.06  2755
Mg24 	22335.8 	0.183759  1  1431.9  3830
Mg24 	22335.8 	0.309311  1  975.969  4249
Mg24 	22335.8 	0.136434  1  887.967  4363
Mg24 	22335.8 	0.175541  1  3544.63  1558
Mg24 	22335.8 	0.225867  1  4794.55  206
Mg24 	22335.8 	0.139384  1  -1714.86  7054
Mg24 	22335.8 	0.464403  1  3174.46  1912
Mg24 	22335.8 	0.534112  1  -3459.77  8916
Mg24 	22335.8 	0.154181  1  -595.569  5893
Mg24 	22335.8 	0.126295  1  4655.13  363
Mg24 	22335.8 	0.14244  1  -3859.7  9113
Mg24 	22335.8 	0.182739  1  -2592.01  8040
Mg24 	22335.8 	0.322833  1  -4054.05  9526
Mg24 	22335.8 	0.305441  1  -2470.08  7906
Mg24 	22335.8 	0.153674  1  4304.47  777
Mg24 	22335.8 	0.140962  1  -1544.55  6926
Mg24 	22335.8 	0.204153  1  -2771.61  8161
Mg24 	22335.8 	0.294704  1  -2649.09  8073
Mg24 	22335.8 	0.188026  1  2546.37  2520
Mg24 	22335.8 	0.538726  1  4869.37  136
Mg24 	22335.8 	0.158869  1  1256.42  3880
Mg24 	22335.8 	0.266475  1  -4698.04  10180
Mg24 	22335.8 	0.126563  1  2253.87  2864
Mg24 	22335.8 	0.212595  1  -3713.65  9135
Mg24 	22335.8 	0.15408  1  636.376  4436
Mg24 	22335.8 	0.140836  1  2748.97  2370
Mg24 	22335.8 	0.555039  1  2613.26  2470
Mg24 	22335.8 	0.236037  1  -3374.25  8641
Mg24 	22335.8 	0.245114  1  363.618  4904
Mg24 	22335.8 	0.2478  1  -3451.78  8909
Mg24 	22335.8 	0.491661  1  2557.49  2627
Mg24 	22335.8 	0.193305  1  -1379.11  6811
Mg24 	22335.8 	0.322709  1  -3250.25  8758
Mg24 	22335.8 	0.217757  1  2456.39  2597
Mg24 	22335.8 	0.316256  1  -4899.4  10403
Mg24 	22335.8 	0.215046  1  3033.43  2054
Mg24 	22335.8 	0.171226  1  2241.91  2883
Mg24 	22335.8 	0.185528  1  2007.85  3209
Mg24 	22335.8 	0.337396  1  961.523  4312
Mg24 	22335.8 	0.148107  1  -3696.51  9318
Mg24 	22335.8 	0.133757  1  -1224.2  6607
Mg24 	22335.8 	0.205229  1  69.1719  5164
Mg24 	22335.8 	0.2758  1  -2041.85  7349
Mg24 	22335.8 	0.351171  1  2229.91  2829
Mg24 	22335.8 	0.547643  1  -1073.14  6403
Mg24 	22335.8 	0.217521  1  528.819  4675
Mg24 	22335.8 	0.22039  1  1787.23  3375
Mg24 	22335.8 	0.183374  1  -4905.94  10422
Mg24 	22335.8 	0.420998  1  -115.959  5411
Mg24 	22335.8 	0.227438  1  1.24446  5309
Mg24 	22335.8 	0.138402  1  -4537.72  9968
Mg24 	22335.8 	0.20097  1  -39.8702  5279
Mg24 	22335.8 	0.297806  1  707.649  4546
Mg24 	22335.8 	0.126586  1  532.396  4669
Mg24 	22335.8 	0.25399  1  -4107.83  9585
Mg24 	22335.8 	1.06822  1  1531.84  3689
Mg24 	22335.8 	0.160074  1  1141.41  4085
Mg24 	22335.8 	0.207412  1  2796.03  2293
Mg24 	22335.8 	0.163752  1  3538.19  1569
Mg24 	22335.8 	0.180065  1  -2471.04  7839
Mg24 	22335.8 	0.1451  1  3773.99  1287
Mg24 	22335.8 	0.310742  1  3440.11  1666
Mg24 	22335.8 	0.139184  1  2454.81  2739
Mg24 	22335.8 	0.178702  1  -2810.38  8132
Mg24 	22335.8 	0.157841  1  -2457.42  7994
Mg24 	22335.8 	0.217506  1  4099.51  894
Mg24 	22335.8 	0.628599  1  -1659.02  6949
Mg24 	22335.8 	0.135578  1  -4027.9  9463
Mg24 	22335.8 	0.23656  1  -3112.3  8476
Mg24 	22335.8 	0.460004  1  928.523  4268
Mg24 	22335.8 	0.190125  1  3255.82  1801
Mg24 	22335.8 	0.292202  1  -4089.09  9548
Mg24 	22335.8 	0.13586  1  4279.37  727
Mg24 	22335.8 	0.281423  1  697.2  4590
Mg24 	22335.8 	0.17545  1  238.663  4897
Mg24 	22335.8 	0.174842  1  786.014  4434
Mg24 	22335.8 	0.185795  1  -4614.3  10221
Mg24 	22335.8 	0.242176  1  4463.18  554
Mg24 	22335.8 	0.242001  1  4026.36  1040
Mg24 	22335.8 	0.201523  1  4946.31  65
