Mg24 	22335.8 	1.14143  1  4482.92  537
Mg24 	22335.8 	0.239915  1  126.168  5088
Mg24 	22335.8 	0.288621  1  -299.305  5453
Mg24 	22335.8 	0.354423  1  3693.44  1357
Mg24 	22335.8 	0.211572  1  -3374.11  8664
Mg24 	22335.8 	0.132182  1  4391.91  629
Mg24 	22335.8 	0.131005  1  -2722.82  8005
Mg24 	22335.8 	0.172495  1  3864.53  1186
Mg24 	22335.8 	0.184566  1  -863.571  6174
Mg24 	22335.8 	0.252432  1  -3156.81  8410
Mg24 	22335.8 	0.207993  1  3267.52  1847
Mg24 	22335.8 	0.131318  1  3398.53  1677
Mg24 	22335.8 	0.43077  1  -2947.77  8396
Mg24 	22335.8 	0.485319  1  -0.0541878  5272
Mg24 	22335.8 	0.174206  1  -188.867  5420
Mg24 	22335.8 	0.135842  1  -2346.65  7670
Mg24 	22335.8 	0.288288  1  -4702.04  10132
Mg24 	22335.8 	0.188679  1  -1920.58  7313
Mg24 	22335.8 	0.176456  1  99.4883  5076
Mg24 	22335.8 	0.236496  1  -4439.42  9818
Mg24 	22335.8 	0.347127  1  -2035.9  7305
Mg24 	22335.8 	0.17616  1  -2671.3  7791
Mg24 	22335.8 	0.304821  1  285.155  5028
Mg24 	22335.8 	0.165436  1  1030.56  4125
Mg24 	22335.8 	0.307584  1  -46.4333  5181
Mg24 	22335.8 	0.328485  1  2135.36  3009
Mg24 	22335.8 	0.128978  1  1316.54  3880
Mg24 	22335.8 	0.21842  1  -1156.11  6441
Mg24 	22335.8 	0.162751  1  2196.02  2989
Mg24 	22335.8 	0.164105  1  3242.06  1827
Mg24 	22335.8 	0.153705  1  -3331.12  8821
Mg24 	22335.8 	0.125747  1  -2730.74  8049
Mg24 	22335.8 	0.230401  1  -1806.9  7251
Mg24 	22335.8 	0.40704  1  4421.29  622
Mg24 	22335.8 	0.289019  1  2924.34  2221
Mg24 	22335.8 	0.186735  1  1233.83  3945
Mg24 	22335.8 	0.159418  1  1053.31  4205
Mg24 	22335.8 	0.155156  1  -255.187  5509
Mg24 	22335.8 	0.476852  1  -1000.68  6237
Mg24 	22335.8 	0.264084  1  1361.75  3820
Mg24 	22335.8 	0.27705  1  3897.26  1150
Mg24 	22335.8 	0.144234  1  684.315  4424
Mg24 	22335.8 	0.337846  1  -862.102  6081
Mg24 	22335.8 	0.18794  1  1877.77  3278
Mg24 	22335.8 	0.437631  1  2478.81  2672
Mg24 	22335.8 	0.130254  1  -3052.93  8323
Mg24 	22335.8 	0.12601  1  -3044.58  8476
Mg24 	22335.8 	0.272768  1  1506.73  3534
Mg24 	22335.8 	0.205883  1  -3565.09  9015
Mg24 	22335.8 	0.173539  1  -2147.64  7591
Mg24 	22335.8 	0.249799  1  2723.57  2366
Mg24 	22335.8 	0.61419  1  571.906  4662
Mg24 	22335.8 	0.472333  1  -2912.49  8271
Mg24 	22335.8 	0.749252  1  -1918  7168
Mg24 	22335.8 	0.151918  1  3194.35  1922
Mg24 	22335.8 	0.254458  1  -4984.83  10503
Mg24 	22335.8 	0.370853  1  1375.59  3745
Mg24 	22335.8 	0.260739  1  -2960.62  8451
Mg24 	22335.8 	3.45672  1  1283.11  3901
Mg24 	22335.8 	0.132295  1  2364.82  2734
Mg24 	22335.8 	0.31944  1  1304.84  3829
Mg24 	22335.8 	0.141529  1  -4725.03  10310
Mg24 	22335.8 	0.192473  1  2552.89  2593
Mg24 	22335.8 	0.200828  1  -179.879  5358
Mg24 	22335.8 	0.14246  1  2021.63  3090
Mg24 	22335.8 	0.136534  1  -4653.11  10107
Mg24 	22335.8 	0.197263  1  -4867.22  10252
Mg24 	22335.8 	0.129585  1  1317.55  3790
Mg24 	22335.8 	0.243385  1  -1978.34  7410
Mg24 	22335.8 	1.16949  1  -1357.9  6701
Mg24 	22335.8 	0.213959  1  4870.92  138
Mg24 	22335.8 	0.162766  1  2613.19  2472
Mg24 	22335.8 	0.232658  1  -3941  9344
Mg24 	22335.8 	0.130813  1  3211.74  1860
Mg24 	22335.8 	0.655715  1  1331.16  3759
Mg24 	22335.8 	0.361385  1  -498.271  5812
Mg24 	22335.8 	0.139378  1  -4502.81  10158
Mg24 	22335.8 	0.484609  1  -1965.27  7328
Mg24 	22335.8 	0.158584  1  -4581.74  10036
Mg24 	22335.8 	0.26161  1  2450.21  2696
Mg24 	22335.8 	0.157855  1  2847.72  2266
Mg24 	22335.8 	0.267228  1  -495.592  5750
Mg24 	22335.8 	0.22695  1  1906.38  3225
Mg24 	22335.8 	0.178953  1  137.617  5107
Mg24 	22335.8 	0.342472  1  -197.349  5601
Mg24 	22335.8 	0.166142  1  3329.87  1706
Mg24 	22335.8 	0.194999  1  -291.982  5407
Mg24 	22335.8 	0.2697  1  4674.08  345
Mg24 	22335.8 	0.194245  1  -2907.63  8139
Mg24 	22335.8 	0.127121  1  -2226.4  7516
Mg24 	22335.8 	0.137677  1  -1928.63  7274
Mg24 	22335.8 	0.193373  1  -3972.68  9376
Mg24 	22335.8 	0.226833  1  -4228.3  9716
Mg24 	22335.8 	0.162434  1  -7.43391  5249
Mg24 	22335.8 	0.141395  1  -4412.39  9802
Mg24 	22335.8 	0.129954  1  -1020.62  6283
Mg24 	22335.8 	0.171105  1  1190.84  3879
Mg24 	22335.8 	0.158998  1  -4624.41  10195
Mg24 	22335.8 	0.24093  1  -583.256  5803
Mg24 	22335.8 	0.222825  1  3693.83  1344
Mg24 	22335.8 	0.445019  1  -4411.87  9973
Mg24 	22335.8 	0.214715  1  -3092.02  8301
Mg24 	22335.8 	0.201443  1  4571.1  452
Mg24 	22335.8 	0.15011  1  4237.64  800
Mg24 	22335.8 	1.63471  1  4206.01  805
Mg24 	22335.8 	0.134126  1  4507.53  500
Mg24 	22335.8 	0.368221  1  -2339.29  7695
Mg24 	22335.8 	0.125938  1  3843.3  1217
Mg24 	22335.8 	0.128102  1  -1041.74  6364
Mg24 	22335.8 	0.15199  1  4838.45  157
Mg24 	22335.8 	0.338105  1  -2646.85  8026
Mg24 	22335.8 	0.150187  1  2054.29  2945
Mg24 	22335.8 	0.143971  1  -3174.64  8455
Mg24 	22335.8 	0.200394  1  -530.776  5674
Mg24 	22335.8 	0.12853  1  4597.63  456
Mg24 	22335.8 	0.684559  1  -4198.57  9727
Mg24 	22335.8 	0.281397  1  1845.93  3413
Mg24 	22335.8 	0.147031  1  1135.8  3986
Mg24 	22335.8 	0.35764  1  -371.259  5682
Mg24 	22335.8 	0.230333  1  -1532.72  6777
Mg24 	22335.8 	0.179043  1  -3758.76  9185
Mg24 	22335.8 	0.239109  1  -712.371  5866
Mg24 	22335.8 	0.154404  1  4755.42  256
Mg24 	22335.8 	0.270392  1  2661.2  2414
Mg24 	22335.8 	0.442819  1  3388.63  1687
Mg24 	22335.8 	0.1462  1  2997.45  2089
Mg24 	22335.8 	1.00031  1  -2497.8  7808
Mg24 	22335.8 	0.259668  1  3669.5  1334
Mg24 	22335.8 	0.827363  1  1469.43  3790
Mg24 	22335.8 	0.135334  1  2855.57  2275
Mg24 	22335.8 	0.19999  1  918.118  4250
Mg24 	22335.8 	0.201249  1  -772.478  6082
Mg24 	22335.8 	0.194701  1  -3591  8945
Mg24 	22335.8 	0.147008  1  -341.514  5598
Mg24 	22335.8 	0.144143  1  4692.43  298
Mg24 	22335.8 	0.811571  1  1845.93  3252
Mg24 	22335.8 	0.127639  1  1241.56  3901
Mg24 	22335.8 	0.405523  1  -4682.16  10056
Mg24 	22335.8 	0.385889  1  4874.34  110
Mg24 	22335.8 	0.220957  1  3139.14  1896
Mg24 	22335.8 	0.135893  1  2811.52  2276
Mg24 	22335.8 	0.308245  1  -2663.93  8092
Mg24 	22335.8 	0.239122  1  2054.46  3086
Mg24 	22335.8 	0.242041  1  -4898.43  10199
Mg24 	22335.8 	0.519729  1  -4443.14  9706
Mg24 	22335.8 	0.748356  1  -4550.1  9801
Mg24 	22335.8 	0.143588  1  2505.5  2682
Mg24 	22335.8 	0.306529  1  4478.02  558
Mg24 	22335.8 	0.196409  1  1185.47  4070
Mg24 	22335.8 	0.169578  1  321.83  4825
Mg24 	22335.8 	0.132088  1  3793.48  1298
Mg24 	22335.8 	0.265328  1  3797.53  1297
Mg24 	22335.8 	0.13743  1  -3777.86  9252
Mg24 	22335.8 	0.144443  1  1418.11  3611
Mg24 	22335.8 	0.196524  1  3078.84  2020
Mg24 	22335.8 	0.248732  1  3740.27  1303
Mg24 	22335.8 	0.205185  1  -2369.2  7695
Mg24 	22335.8 	0.379415  1  -3909.8  9313
Mg24 	22335.8 	0.367867  1  -294.717  5572
Mg24 	22335.8 	0.152673  1  438.191  4806
Mg24 	22335.8 	0.147076  1  4208.93  860
Mg24 	22335.8 	0.381755  1  -4082.95  9468
Mg24 	22335.8 	0.133512  1  272.734  4965
Mg24 	22335.8 	0.776903  1  -4793  10206
Mg24 	22335.8 	0.261729  1  2407.7  2652
Mg24 	22335.8 	0.177637  1  -1128.67  6525
Mg24 	22335.8 	0.283166  1  2397.46  2777
Mg24 	22335.8 	0.165017  1  -1725.61  7154
Mg24 	22335.8 	0.306035  1  -2071.16  7446
Mg24 	22335.8 	0.165908  1  -4961.97  10342
Mg24 	22335.8 	0.16609  1  -4579.81  9985
Mg24 	22335.8 	0.186057  1  4434.33  602
Mg24 	22335.8 	0.950522  1  266.323  4888
Mg24 	22335.8 	0.177619  1  -3269.15  8592
Mg24 	22335.8 	0.497952  1  1349.44  3771
Mg24 	22335.8 	0.250748  1  -4075.37  9578
Mg24 	22335.8 	0.211206  1  1989.86  3101
Mg24 	22335.8 	1.52553  1  -4175.28  9619
Mg24 	22335.8 	0.440615  1  2656.64  2403
Mg24 	22335.8 	0.28349  1  -1149.67  6296
Mg24 	22335.8 	0.231357  1  -1591.38  6774
Mg24 	22335.8 	0.132015  1  904.262  4307
Mg24 	22335.8 	0.141979  1  1525.89  3632
Mg24 	22335.8 	0.14966  1  -6.03258  5237
Mg24 	22335.8 	0.364253  1  -4832.39  10427
Mg24 	22335.8 	0.146932  1  -3086.56  8412
Mg24 	22335.8 	0.156532  1  2291.75  2801
Mg24 	22335.8 	0.264148  1  -2956.27  8315
Mg24 	22335.8 	0.193681  1  -4175.02  9599
Mg24 	22335.8 	0.127442  1  -3145.04  8708
Mg24 	22335.8 	0.228481  1  3306.02  1757
Mg24 	22335.8 	0.280543  1  -4670.24  10221
Mg24 	22335.8 	0.185615  1  -3720.91  8939
Mg24 	22335.8 	0.147263  1  1093.07  4155
Mg24 	22335.8 	0.126552  1  4357.28  727
Mg24 	22335.8 	0.243476  1  1111.01  4067
Mg24 	22335.8 	0.143711  1  3580.17  1550
Mg24 	22335.8 	0.16044  1  1823.43  3305
Mg24 	22335.8 	0.29098  1  -1896.59  7195
Mg24 	22335.8 	0.187686  1  4738.4  281
Mg24 	22335.8 	0.24555  1  2115.77  3114
Mg24 	22335.8 	0.315099  1  2554.63  2576
Mg24 	22335.8 	0.390431  1  2253.38  2815
Mg24 	22335.8 	0.159374  1  -2239.03  7588
Mg24 	22335.8 	0.251519  1  -49.6813  5224
Mg24 	22335.8 	0.135666  1  -975.108  6198
Mg24 	22335.8 	0.130851  1  4624.71  375
Mg24 	22335.8 	0.265735  1  4045.46  1044
Mg24 	22335.8 	0.128192  1  -1098.21  6439
Mg24 	22335.8 	0.141594  1  964.289  4364
Mg24 	22335.8 	0.151177  1  -3946.25  9333
Mg24 	22335.8 	0.177357  1  1953.83  3200
Mg24 	22335.8 	0.275333  1  3173.31  1891
Mg24 	22335.8 	0.23535  1  -3948.23  9526
Mg24 	22335.8 	0.139358  1  4508.74  501
Mg24 	22335.8 	0.223467  1  954.982  4216
Mg24 	22335.8 	0.179529  1  1403.57  3877
Mg24 	22335.8 	0.161365  1  4339.59  686
Mg24 	22335.8 	0.133077  1  3187.44  1909
Mg24 	22335.8 	0.17857  1  -50.344  5340
Mg24 	22335.8 	0.151458  1  1022.9  4099
Mg24 	22335.8 	0.29369  1  1393.75  3802
Mg24 	22335.8 	0.160102  1  3268.12  1790
Mg24 	22335.8 	0.179279  1  -2973.3  8299
Mg24 	22335.8 	0.151617  1  4814.29  184
Mg24 	22335.8 	0.255373  1  2868.68  2206
Mg24 	22335.8 	0.138888  1  1709.8  3395
Mg24 	22335.8 	0.244612  1  3494.1  1563
Mg24 	22335.8 	0.12947  1  1389.74  3828
Mg24 	22335.8 	0.173539  1  -3484.67  8751
Mg24 	22335.8 	0.163985  1  1149.98  4136
Mg24 	22335.8 	0.250829  1  2083.45  3082
Mg24 	22335.8 	0.1271  1  -1445.85  6764
Mg24 	22335.8 	0.146138  1  2743.8  2317
Mg24 	22335.8 	0.52693  1  -2917  8386
Mg24 	22335.8 	0.15721  1  4925.94  80
Mg24 	22335.8 	2.10069  1  4790.4  230
Mg24 	22335.8 	0.172915  1  -2031.41  7306
Mg24 	22335.8 	0.135768  1  -4557.84  9943
Mg24 	22335.8 	0.187838  1  3595.33  1498
Mg24 	22335.8 	0.318215  1  2472.23  2682
Mg24 	22335.8 	0.194811  1  -2065.87  7507
Mg24 	22335.8 	0.262359  1  3756.7  1284
Mg24 	22335.8 	0.126814  1  -2442.39  7766
Mg24 	22335.8 	0.171785  1  2455.45  2627
Mg24 	22335.8 	0.385724  1  165.634  5033
Mg24 	22335.8 	1.52356  1  725.22  4586
Mg24 	22335.8 	0.132878  1  3507.06  1562
Mg24 	22335.8 	0.464414  1  3147.07  1999
Mg24 	22335.8 	0.14825  1  2211.9  2944
Mg24 	22335.8 	0.215381  1  616.606  4574
Mg24 	22335.8 	0.190868  1  2772.63  2429
Mg24 	22335.8 	0.389419  1  1085.99  4030
Mg24 	22335.8 	0.224139  1  -4872.53  10201
Mg24 	22335.8 	0.34627  1  -3032.37  8542
Mg24 	22335.8 	0.16753  1  -4982.04  10494
Mg24 	22335.8 	0.356373  1  -757.894  6117
Mg24 	22335.8 	0.313276  1  -2230.35  7678
Mg24 	22335.8 	0.283801  1  -4283.93  9636
Mg24 	22335.8 	0.24215  1  2940.92  2167
Mg24 	22335.8 	0.865101  1  242.898  5000
Mg24 	22335.8 	1.2263  1  1219.71  3978
Mg24 	22335.8 	0.696244  1  4927.59  78
Mg24 	22335.8 	0.158857  1  1869.23  3264
Mg24 	22335.8 	0.462641  1  3903.42  1117
Mg24 	22335.8 	0.280406  1  573.54  4627
Mg24 	22335.8 	0.134326  1  3331.69  1706
Mg24 	22335.8 	0.26057  1  -634.992  5822
Mg24 	22335.8 	0.128912  1  4455.3  561
Mg24 	22335.8 	0.356513  1  -126.39  5344
Mg24 	22335.8 	0.16405  1  2332.56  2830
Mg24 	22335.8 	0.160786  1  -2196.08  7640
Mg24 	22335.8 	0.12776  1  4567.76  446
Mg24 	22335.8 	0.197649  1  1169.08  4020
Mg24 	22335.8 	0.164411  1  3824.8  1253
Mg24 	22335.8 	0.177923  1  4577.4  427
Mg24 	22335.8 	0.15692  1  -2536.43  7899
Mg24 	22335.8 	0.192119  1  -329.965  5505
Mg24 	22335.8 	0.975015  1  2533.42  2602
Mg24 	22335.8 	0.137163  1  -2833.39  8287
Mg24 	22335.8 	0.461608  1  1571.26  3541
Mg24 	22335.8 	0.227506  1  81.7452  5058
Mg24 	22335.8 	0.249604  1  3193.51  1945
Mg24 	22335.8 	0.216776  1  -2776.43  8200
Mg24 	22335.8 	0.0715394  1  -2269.39  7744
Mg24 	22335.8 	0.473665  1  -3939.88  9360
Mg24 	22335.8 	0.406077  1  1484.23  3600
Mg24 	22335.8 	0.132182  1  -3078.15  8447
Mg24 	22335.8 	0.165101  1  -547.745  5820
Mg24 	22335.8 	0.170782  1  -648.907  6033
Mg24 	22335.8 	0.1788  1  -1513.27  6724
Mg24 	22335.8 	1.13494  1  3979.94  1050
Mg24 	22335.8 	0.300058  1  161.708  5121
Mg24 	22335.8 	0.127195  1  -4580.52  9963
Mg24 	22335.8 	0.76217  1  3705.32  1275
Mg24 	22335.8 	0.156695  1  -3228.17  8613
Mg24 	22335.8 	0.126489  1  4644.72  339
Mg24 	22335.8 	0.137129  1  820.556  4325
Mg24 	22335.8 	0.231514  1  -922.995  6145
Mg24 	22335.8 	0.183138  1  2632.45  2481
Mg24 	22335.8 	0.147171  1  -4161.56  9651
Mg24 	22335.8 	0.357909  1  -2250.73  7361
Mg24 	22335.8 	0.259495  1  -1476.77  6779
Mg24 	22335.8 	0.234804  1  -3162.69  8535
Mg24 	22335.8 	0.299972  1  783.11  4374
Mg24 	22335.8 	0.506897  1  -4345.74  9592
Mg24 	22335.8 	0.257406  1  2116.31  3083
Mg24 	22335.8 	0.126004  1  -196.096  5405
Mg24 	22335.8 	0.227438  1  -4544.86  9958
Mg24 	22335.8 	0.18042  1  -3066.62  8407
Mg24 	22335.8 	0.147933  1  4527.62  506
Mg24 	22335.8 	0.404721  1  -1552.46  6909
Mg24 	22335.8 	0.214925  1  -393.266  5693
Mg24 	22335.8 	0.61279  1  -4897.08  10377
Mg24 	22335.8 	0.155373  1  3587.3  1469
Mg24 	22335.8 	0.166325  1  4366.12  616
Mg24 	22335.8 	0.131806  1  4877.26  129
Mg24 	22335.8 	0.161057  1  -730.61  6165
Mg24 	22335.8 	0.128426  1  -472.125  5812
Mg24 	22335.8 	0.209851  1  2505.15  2663
Mg24 	22335.8 	0.250418  1  -2033.64  7270
Mg24 	22335.8 	0.237149  1  -837.186  6124
Mg24 	22335.8 	0.233089  1  -4362.22  9850
Mg24 	22335.8 	0.19401  1  -3954  9514
Mg24 	22335.8 	0.142166  1  3012.13  2094
Mg24 	22335.8 	0.133159  1  1376.7  3847
Mg24 	22335.8 	0.139486  1  2239.67  2789
Mg24 	22335.8 	0.147836  1  -383.944  5609
Mg24 	22335.8 	0.534888  1  4139.99  880
Mg24 	22335.8 	0.155177  1  4161.49  874
Mg24 	22335.8 	0.127548  1  -3444.44  8889
Mg24 	22335.8 	0.310288  1  -4856.69  10251
Mg24 	22335.8 	0.701945  1  -3627.23  9094
Mg24 	22335.8 	0.179396  1  4918.47  84
Mg24 	22335.8 	0.1482  1  4051.01  965
Mg24 	22335.8 	0.957749  1  1589.54  3524
Mg24 	22335.8 	0.153005  1  -597.585  5908
Mg24 	22335.8 	0.229992  1  -4964.12  10433
Mg24 	22335.8 	0.681536  1  -1665.95  7008
Mg24 	22335.8 	0.218453  1  9.63233  5446
Mg24 	22335.8 	0.137569  1  938.842  4284
Mg24 	22335.8 	0.156866  1  1940.82  3150
Mg24 	22335.8 	0.137941  1  4576.01  446
Mg24 	22335.8 	0.144968  1  -1154.29  6493
Mg24 	22335.8 	0.189765  1  -108.172  5321
Mg24 	22335.8 	0.160149  1  144.684  5066
Mg24 	22335.8 	0.140964  1  -3818.7  8966
Mg24 	22335.8 	0.151926  1  2755.06  2403
Mg24 	22335.8 	0.141848  1  4198.48  846
Mg24 	22335.8 	0.159435  1  2957.17  2115
Mg24 	22335.8 	0.244732  1  1645.55  3532
Mg24 	22335.8 	0.211788  1  -2931.82  8241
Mg24 	22335.8 	0.170739  1  -3090.4  8423
Mg24 	22335.8 	0.143929  1  -3610.39  8863
Mg24 	22335.8 	0.141606  1  -1254.87  6554
Mg24 	22335.8 	0.763395  1  4961.67  53
Mg24 	22335.8 	0.149115  1  3921.01  1155
Mg24 	22335.8 	0.299641  1  -4153.03  9623
Mg24 	22335.8 	0.183976  1  -4791.58  10293
Mg24 	22335.8 	0.128626  1  3058.77  2065
Mg24 	22335.8 	0.168212  1  -4455.41  9953
Mg24 	22335.8 	0.280391  1  -1138.37  6520
Mg24 	22335.8 	0.209556  1  -4922.43  10318
Mg24 	22335.8 	0.339966  1  -1129.07  6432
Mg24 	22335.8 	0.763862  1  1110.46  4068
Mg24 	22335.8 	0.210791  1  3511.98  1479
Mg24 	22335.8 	0.950758  1  -1167.9  6417
Mg24 	22335.8 	0.273379  1  1070.91  4021
Mg24 	22335.8 	0.787045  1  -3699.25  9000
Mg24 	22335.8 	0.215535  1  -1902.88  7266
Mg24 	22335.8 	0.144937  1  877.058  4228
Mg24 	22335.8 	0.19684  1  3678.27  1383
Mg24 	22335.8 	0.160663  1  2854.42  2259
Mg24 	22335.8 	0.307264  1  -4235.46  9706
Mg24 	22335.8 	0.585947  1  -2174.58  7522
Mg24 	22335.8 	0.131481  1  -1552.33  6603
Mg24 	22335.8 	0.214247  1  -2968.49  8302
Mg24 	22335.8 	0.153204  1  3632.68  1442
Mg24 	22335.8 	0.160039  1  -2870.54  8260
Mg24 	22335.8 	1.05872  1  -2370.71  7660
Mg24 	22335.8 	0.182823  1  2567.49  2609
Mg24 	22335.8 	0.178056  1  4354.26  697
Mg24 	22335.8 	0.462475  1  -1962.66  7176
Mg24 	22335.8 	0.170687  1  -2438.31  7833
Mg24 	22335.8 	0.274345  1  615.886  4581
Mg24 	22335.8 	0.176519  1  4582.8  439
Mg24 	22335.8 	0.156221  1  -1595.87  6675
Mg24 	22335.8 	0.32953  1  2778.08  2325
Mg24 	22335.8 	0.329527  1  957.23  4230
Mg24 	22335.8 	0.277023  1  -1935.65  7299
Mg24 	22335.8 	0.152975  1  2461.63  2573
Mg24 	22335.8 	0.224353  1  4165.6  889
Mg24 	22335.8 	0.44075  1  1931.51  3290
Mg24 	22335.8 	0.158195  1  -1389.47  6869
Mg24 	22335.8 	0.239822  1  -1344.33  6586
Mg24 	22335.8 	0.494588  1  -3659.76  9111
Mg24 	22335.8 	0.15223  1  171.165  5105
Mg24 	22335.8 	0.246937  1  -4637.92  10157
Mg24 	22335.8 	0.204233  1  2234.15  2896
Mg24 	22335.8 	0.197105  1  -3928.31  9309
Mg24 	22335.8 	0.181411  1  3978.87  1056
Mg24 	22335.8 	0.203177  1  -3336.48  8726
Mg24 	22335.8 	1.42377  1  -2338.42  7612
Mg24 	22335.8 	0.128836  1  4662.49  336
Mg24 	22335.8 	0.297574  1  -4745.87  10218
Mg24 	22335.8 	0.159486  1  -592.071  5904
Mg24 	22335.8 	0.414338  1  3981.6  1051
Mg24 	22335.8 	0.174975  1  -4606.09  9892
Mg24 	22335.8 	0.148527  1  -4046.81  9509
Mg24 	22335.8 	0.153361  1  -2350.76  7570
Mg24 	22335.8 	0.227604  1  1639.46  3580
Mg24 	22335.8 	0.18272  1  2452.71  2719
Mg24 	22335.8 	0.236732  1  3044.33  1963
Mg24 	22335.8 	0.220621  1  1803.13  3340
Mg24 	22335.8 	0.630808  1  2059.3  3047
Mg24 	22335.8 	0.294381  1  262.938  4927
Mg24 	22335.8 	0.244757  1  -1433.55  6865
Mg24 	22335.8 	0.40357  1  2391.03  2756
Mg24 	22335.8 	0.247289  1  -1664.79  6985
Mg24 	22335.8 	0.184187  1  -2568.41  7817
Mg24 	22335.8 	0.175999  1  -4502.09  9869
Mg24 	22335.8 	0.141847  1  1129.28  4018
Mg24 	22335.8 	0.182792  1  157.357  4986
Mg24 	22335.8 	0.164329  1  -1579.53  6728
Mg24 	22335.8 	0.759652  1  -2919.8  8273
Mg24 	22335.8 	0.167898  1  -4473.1  9955
Mg24 	22335.8 	0.180087  1  2894.03  2240
Mg24 	22335.8 	0.141387  1  -3802.62  9309
Mg24 	22335.8 	0.366018  1  -4654.36  10093
Mg24 	22335.8 	0.40662  1  4952.77  58
Mg24 	22335.8 	0.131645  1  3470.66  1575
Mg24 	22335.8 	0.667181  1  -153.938  5311
Mg24 	22335.8 	0.681153  1  -4619.54  10170
Mg24 	22335.8 	0.155278  1  -4833.45  10055
Mg24 	22335.8 	0.152561  1  4075.18  935
Mg24 	22335.8 	0.157921  1  -2249.42  7682
Mg24 	22335.8 	0.313107  1  1752.45  3356
Mg24 	22335.8 	0.324226  1  4907.43  95
Mg24 	22335.8 	0.223665  1  1642.15  3588
Mg24 	22335.8 	0.172072  1  -885.986  6175
Mg24 	22335.8 	0.312607  1  -4638.76  10082
Mg24 	22335.8 	0.128993  1  1782.02  3439
Mg24 	22335.8 	0.1624  1  492.645  4722
Mg24 	22335.8 	2.15478  1  -3735.64  8994
Mg24 	22335.8 	0.135819  1  -2214.87  7492
Mg24 	22335.8 	0.304507  1  -3955.39  9266
Mg24 	22335.8 	0.651628  1  3512.48  1590
Mg24 	22335.8 	1.27101  1  333.595  5023
Mg24 	22335.8 	0.137479  1  -2180.53  7586
Mg24 	22335.8 	0.156944  1  -2149.71  7439
Mg24 	22335.8 	0.166311  1  -1985.39  7365
Mg24 	22335.8 	0.484343  1  745.028  4478
Mg24 	22335.8 	1.43649  1  -2396.78  7856
Mg24 	22335.8 	0.129907  1  2231.08  2917
Mg24 	22335.8 	0.165067  1  3846.03  1233
Mg24 	22335.8 	0.326437  1  -3179.49  8740
Mg24 	22335.8 	0.148954  1  3117.14  2054
Mg24 	22335.8 	0.189373  1  2851.17  2165
Mg24 	22335.8 	0.390815  1  195.841  4961
Mg24 	22335.8 	0.212546  1  2210.95  2892
Mg24 	22335.8 	0.181143  1  3053.29  2007
Mg24 	22335.8 	0.132736  1  946.482  4260
Mg24 	22335.8 	0.219809  1  1822.5  3356
Mg24 	22335.8 	0.586034  1  -2450.69  7778
Mg24 	22335.8 	0.135508  1  86.5412  5144
Mg24 	22335.8 	0.143818  1  3459.64  1640
Mg24 	22335.8 	0.141961  1  2676.5  2440
Mg24 	22335.8 	0.364032  1  3627.22  1431
Mg24 	22335.8 	0.340674  1  -1309.78  6590
Mg24 	22335.8 	0.168645  1  -1944.74  7284
Mg24 	22335.8 	0.175788  1  2773.12  2269
Mg24 	22335.8 	0.133212  1  3279.36  1809
Mg24 	22335.8 	0.188983  1  -937.036  6238
Mg24 	22335.8 	0.188155  1  -1309.7  6600
Mg24 	22335.8 	0.139909  1  142.141  5063
Mg24 	22335.8 	0.455994  1  2216.81  2902
Mg24 	22335.8 	0.421868  1  4341.47  738
Mg24 	22335.8 	0.186592  1  2698.29  2440
Mg24 	22335.8 	0.296279  1  -2187  7546
Mg24 	22335.8 	0.287684  1  -385.861  5673
Mg24 	22335.8 	0.209409  1  3975.63  1022
Mg24 	22335.8 	0.408723  1  -4897.49  10419
Mg24 	22335.8 	0.323833  1  -4829.25  10306
Mg24 	22335.8 	0.189839  1  885.47  4322
Mg24 	22335.8 	0.18435  1  -4260.23  9754
Mg24 	22335.8 	0.185896  1  3871.32  1198
Mg24 	22335.8 	0.182607  1  -1314.34  6666
Mg24 	22335.8 	0.188428  1  -268.677  5519
Mg24 	22335.8 	0.170985  1  2495.62  2562
Mg24 	22335.8 	0.141906  1  4567.52  479
Mg24 	22335.8 	0.140083  1  4015.18  1078
Mg24 	22335.8 	0.468057  1  2513.05  2663
Mg24 	22335.8 	0.16224  1  -4214.78  9709
Mg24 	22335.8 	0.306754  1  87.7014  5092
Mg24 	22335.8 	0.277088  1  4199.21  815
Mg24 	22335.8 	0.391215  1  -2518.86  7848
Mg24 	22335.8 	0.158322  1  -898.068  6291
Mg24 	22335.8 	0.243327  1  3316.29  1732
Mg24 	22335.8 	1.52411  1  -1274.02  6332
Mg24 	22335.8 	0.158303  1  3953.86  1115
Mg24 	22335.8 	1.73649  1  -441.181  5655
Mg24 	22335.8 	0.180291  1  -2448.01  7893
Mg24 	22335.8 	0.236876  1  -2797.83  8123
Mg24 	22335.8 	0.212498  1  -1107.18  6393
Mg24 	22335.8 	0.460825  1  975.096  4175
Mg24 	22335.8 	0.153268  1  -260.895  5487
Mg24 	22335.8 	0.169085  1  833.476  4335
Mg24 	22335.8 	0.180908  1  90.4365  5167
Mg24 	22335.8 	0.290524  1  -1253.56  6568
Mg24 	22335.8 	0.180711  1  3399.93  1568
Mg24 	22335.8 	0.372119  1  3278.05  1708
Mg24 	22335.8 	0.193821  1  -2100.35  7521
Mg24 	22335.8 	0.590288  1  -2371.62  7736
Mg24 	22335.8 	0.159447  1  -659.355  5907
Mg24 	22335.8 	0.266735  1  3195.77  1904
Mg24 	22335.8 	0.306785  1  4680.86  359
Mg24 	22335.8 	0.296493  1  505.92  4738
Mg24 	22335.8 	0.342674  1  -1550.2  6896
Mg24 	22335.8 	0.181921  1  -1289.65  6630
Mg24 	22335.8 	0.953276  1  1603.11  3626
Mg24 	22335.8 	0.140653  1  -3097.11  8560
Mg24 	22335.8 	0.146657  1  3111.89  1953
Mg24 	22335.8 	0.352038  1  -2388.23  7796
Mg24 	22335.8 	0.324885  1  -2052.04  7421
Mg24 	22335.8 	0.438309  1  846.278  4297
Mg24 	22335.8 	0.29653  1  -3491.38  8840
Mg24 	22335.8 	0.273628  1  4482.77  547
Mg24 	22335.8 	0.286465  1  3526.61  1534
Mg24 	22335.8 	0.332657  1  -2915.21  8401
Mg24 	22335.8 	0.247331  1  -2325.14  7721
Mg24 	22335.8 	0.670609  1  1265.65  3885
Mg24 	22335.8 	0.380136  1  140.877  5091
Mg24 	22335.8 	0.249248  1  -3226.31  8708
Mg24 	22335.8 	1.9271  1  -328.285  5586
Mg24 	22335.8 	0.163614  1  3838.33  1223
Mg24 	22335.8 	0.134724  1  -4481.38  9912
Mg24 	22335.8 	0.129515  1  -4377.26  9752
Mg24 	22335.8 	0.160019  1  -3373.69  8764
Mg24 	22335.8 	0.133067  1  2967.8  2168
Mg24 	22335.8 	0.20163  1  603.65  4630
Mg24 	22335.8 	0.237358  1  3682.63  1352
Mg24 	22335.8 	0.472455  1  -4373.06  9757
Mg24 	22335.8 	0.125618  1  -4126.52  9506
Mg24 	22335.8 	0.140012  1  -4283.57  9724
Mg24 	22335.8 	0.177495  1  -1052.41  6359
Mg24 	22335.8 	0.352752  1  2304.01  2883
Mg24 	22335.8 	0.190764  1  1416.87  3739
Mg24 	22335.8 	0.145355  1  831.168  4247
Mg24 	22335.8 	0.151876  1  1663.21  3530
Mg24 	22335.8 	0.837878  1  -2040.09  7327
Mg24 	22335.8 	0.310918  1  -3592.76  9011
Mg24 	22335.8 	0.259794  1  -1171.35  6414
Mg24 	22335.8 	2.78902  1  -1322.14  6536
Mg24 	22335.8 	0.181438  1  3339.2  1775
Mg24 	22335.8 	0.590467  1  -3585.21  8935
Mg24 	22335.8 	0.990458  1  1592.17  3539
Mg24 	22335.8 	0.232741  1  -3748.29  9186
Mg24 	22335.8 	0.181273  1  2086.26  3029
Mg24 	22335.8 	0.157969  1  -2324.43  7679
Mg24 	22335.8 	0.437596  1  2544.54  2562
Mg24 	22335.8 	0.355053  1  1891.88  3275
Mg24 	22335.8 	0.127522  1  -2195.16  7563
Mg24 	22335.8 	0.137936  1  -515.503  5734
Mg24 	22335.8 	0.171758  1  3565.58  1499
Mg24 	22335.8 	0.65692  1  -1591.76  6759
Mg24 	22335.8 	0.149954  1  880.188  4345
Mg24 	22335.8 	0.499888  1  4474.04  574
Mg24 	22335.8 	0.231477  1  -3685.97  9078
Mg24 	22335.8 	0.290111  1  925.125  4335
Mg24 	22335.8 	0.204305  1  -396.62  5581
Mg24 	22335.8 	0.344214  1  2020.53  3116
Mg24 	22335.8 	0.15506  1  3562.21  1469
Mg24 	22335.8 	0.162029  1  4578.44  443
Mg24 	22335.8 	0.143883  1  -3918.34  9345
Mg24 	22335.8 	0.253163  1  943.919  4227
Mg24 	22335.8 	0.537765  1  -4172.21  9582
Mg24 	22335.8 	0.223848  1  3572.65  1504
Mg24 	22335.8 	0.135694  1  -3669.79  8957
Mg24 	22335.8 	0.274814  1  2383.59  2702
Mg24 	22335.8 	0.180942  1  994.855  4174
Mg24 	22335.8 	0.239633  1  3556.47  1486
Mg24 	22335.8 	0.156728  1  752.141  4415
Mg24 	22335.8 	0.142583  1  -4548.2  9954
Mg24 	22335.8 	0.178315  1  -4284.85  9699
Mg24 	22335.8 	0.628611  1  -4220.62  9664
Mg24 	22335.8 	0.130376  1  -4215.9  9563
Mg24 	22335.8 	0.220256  1  1976.6  3142
Mg24 	22335.8 	0.629309  1  -2552.24  7896
Mg24 	22335.8 	0.259513  1  1426.79  3632
Mg24 	22335.8 	0.497299  1  1119.25  4082
Mg24 	22335.8 	0.20332  1  -4905.9  10300
Mg24 	22335.8 	0.175644  1  786.688  4372
Mg24 	22335.8 	0.12626  1  2998.13  2110
Mg24 	22335.8 	0.385799  1  -2739.37  8079
Mg24 	22335.8 	0.234107  1  2427.82  2748
Mg24 	22335.8 	0.152994  1  -1870.49  7292
Mg24 	22335.8 	0.168203  1  -2827.35  8181
Mg24 	22335.8 	0.745383  1  2474  2578
Mg24 	22335.8 	0.509843  1  1878.54  3275
Mg24 	22335.8 	0.541872  1  -4434.61  9792
Mg24 	22335.8 	0.233167  1  735.71  4437
Mg24 	22335.8 	0.253056  1  897.999  4212
Mg24 	22335.8 	0.128236  1  4670.32  318
Mg24 	22335.8 	0.13353  1  1319.97  3803
Mg24 	22335.8 	0.12685  1  -658.457  5952
Mg24 	22335.8 	0.317233  1  -2602.74  8033
Mg24 	22335.8 	0.221985  1  3110.96  2040
Mg24 	22335.8 	0.983412  1  4640.1  366
Mg24 	22335.8 	0.90703  1  2950.98  2038
Mg24 	22335.8 	0.132945  1  -2888.81  8133
Mg24 	22335.8 	0.307841  1  -1854.24  7107
Mg24 	22335.8 	0.202106  1  4325.49  697
Mg24 	22335.8 	1.012  1  2935.31  2230
Mg24 	22335.8 	0.324541  1  3070.41  2031
Mg24 	22335.8 	0.173546  1  -2260.16  7683
Mg24 	22335.8 	0.190879  1  1020.07  4178
Mg24 	22335.8 	0.237168  1  -4860.1  10371
Mg24 	22335.8 	0.140591  1  -1446.88  6758
Mg24 	22335.8 	0.136396  1  723.862  4473
Mg24 	22335.8 	0.132528  1  2501.57  2664
Mg24 	22335.8 	0.354567  1  1699.27  3474
Mg24 	22335.8 	0.134643  1  -4047.46  9507
Mg24 	22335.8 	0.17322  1  3960.72  1075
Mg24 	22335.8 	0.258512  1  -1304.89  6720
Mg24 	22335.8 	0.260881  1  -4115.43  9501
Mg24 	22335.8 	0.419857  1  -2259.5  7675
Mg24 	22335.8 	0.125618  1  -657.394  6022
Mg24 	22335.8 	0.138107  1  -3416.3  8675
Mg24 	22335.8 	0.256389  1  3686.85  1313
Mg24 	22335.8 	0.141262  1  298.713  4848
Mg24 	22335.8 	0.191055  1  2043.28  3166
Mg24 	22335.8 	0.190953  1  2426.62  2692
Mg24 	22335.8 	0.23629  1  -1932.99  7131
Mg24 	22335.8 	0.218507  1  -3554.93  8935
Mg24 	22335.8 	0.252004  1  -405.85  5778
Mg24 	22335.8 	0.207892  1  3611.37  1530
Mg24 	22335.8 	0.275444  1  -1325.43  6501
Mg24 	22335.8 	0.150879  1  -1314.83  6633
Mg24 	22335.8 	0.177032  1  -540.624  5887
Mg24 	22335.8 	0.271939  1  3506.89  1608
Mg24 	22335.8 	0.194512  1  1178.73  3951
Mg24 	22335.8 	0.179562  1  -3402.02  8818
Mg24 	22335.8 	0.378731  1  -712.316  5992
Mg24 	22335.8 	0.136029  1  455.78  4699
Mg24 	22335.8 	0.156116  1  306.399  4958
Mg24 	22335.8 	0.143595  1  1260.8  3898
Mg24 	22335.8 	0.282349  1  -4138.47  9615
Mg24 	22335.8 	0.131684  1  -3411.38  8716
Mg24 	22335.8 	0.205685  1  -1632.87  7063
Mg24 	22335.8 	0.894537  1  1214.13  3976
Mg24 	22335.8 	0.164655  1  581.5  4656
Mg24 	22335.8 	0.136932  1  2018.51  3158
Mg24 	22335.8 	1.23908  1  2306.74  2800
Mg24 	22335.8 	0.289234  1  -2125.7  7558
Mg24 	22335.8 	0.153267  1  3641.04  1471
Mg24 	22335.8 	0.200981  1  4085.37  1008
Mg24 	22335.8 	0.216001  1  861.182  4343
Mg24 	22335.8 	0.22045  1  -4439.69  9989
Mg24 	22335.8 	0.114542  1  592.309  4687
Mg24 	22335.8 	0.34707  1  -2890.5  8341
Mg24 	22335.8 	0.19765  1  2741.54  2401
Mg24 	22335.8 	0.606111  1  -1098.3  6426
Mg24 	22335.8 	0.134192  1  -3471.61  8847
Mg24 	22335.8 	0.125583  1  4709.92  321
Mg24 	22335.8 	1.08661  1  357.708  4827
Mg24 	22335.8 	0.132487  1  624.004  4462
Mg24 	22335.8 	0.189038  1  1219.37  4156
Mg24 	22335.8 	0.155592  1  -379.366  5695
Mg24 	22335.8 	0.200641  1  1706.62  3436
Mg24 	22335.8 	0.397891  1  4518.03  485
Mg24 	22335.8 	0.27508  1  -718.651  6033
Mg24 	22335.8 	0.431923  1  -3616.99  8920
Mg24 	22335.8 	0.441609  1  555.782  4755
Mg24 	22335.8 	0.630767  1  -611.611  5974
Mg24 	22335.8 	0.28346  1  4346.99  691
Mg24 	22335.8 	0.129944  1  2196.97  3011
Mg24 	22335.8 	0.149237  1  -4332.62  9870
Mg24 	22335.8 	0.712334  1  4119.3  954
Mg24 	22335.8 	0.13398  1  4595.52  459
Mg24 	22335.8 	0.1605  1  2742.34  2322
Mg24 	22335.8 	0.733754  1  -2649  7931
Mg24 	22335.8 	0.357773  1  -3693.55  9190
Mg24 	22335.8 	0.205436  1  -3730.92  9061
Mg24 	22335.8 	0.170231  1  -3443.49  8825
Mg24 	22335.8 	0.196945  1  -3140.34  8498
Mg24 	22335.8 	0.170278  1  -1180.26  6499
Mg24 	22335.8 	0.188687  1  260.796  4831
Mg24 	22335.8 	0.600782  1  -4140.24  9405
Mg24 	22335.8 	0.244494  1  -4346.45  9628
Mg24 	22335.8 	0.57341  1  1817.07  3370
Mg24 	22335.8 	0.465269  1  -611.261  5826
Mg24 	22335.8 	0.356586  1  -2960.3  8352
Mg24 	22335.8 	0.169909  1  2670.55  2441
Mg24 	22335.8 	0.136506  1  -3931.36  9412
Mg24 	22335.8 	0.131683  1  -4517.94  10017
Mg24 	22335.8 	0.137845  1  -4323.8  9787
Mg24 	22335.8 	0.175923  1  3694.93  1452
Mg24 	22335.8 	0.428637  1  -164.008  5491
Mg24 	22335.8 	0.202703  1  -963.659  6186
Mg24 	22335.8 	0.171458  1  3724.98  1392
Mg24 	22335.8 	0.155965  1  1789.46  3425
Mg24 	22335.8 	0.394206  1  -2297.13  7577
Mg24 	22335.8 	0.143549  1  3392.25  1835
Mg24 	22335.8 	0.19596  1  -538.132  5790
Mg24 	22335.8 	0.156189  1  -297.613  5659
Mg24 	22335.8 	0.13817  1  729.203  4376
Mg24 	22335.8 	0.608449  1  3066.65  1977
Mg24 	22335.8 	0.204793  1  1501.06  3659
Mg24 	22335.8 	0.234943  1  313.236  4858
Mg24 	22335.8 	0.220605  1  -1968.33  7187
Mg24 	22335.8 	0.176127  1  4756.55  248
Mg24 	22335.8 	0.185307  1  1553.27  3743
Mg24 	22335.8 	0.144417  1  4125.74  907
Mg24 	22335.8 	0.173414  1  4073.13  970
Mg24 	22335.8 	0.213405  1  -4156.91  9338
Mg24 	22335.8 	0.158592  1  380.989  4843
Mg24 	22335.8 	0.259046  1  -3144.97  8577
Mg24 	22335.8 	0.377615  1  -843.876  6064
Mg24 	22335.8 	0.137102  1  1681.13  3451
Mg24 	22335.8 	0.179215  1  4627.93  397
Mg24 	22335.8 	0.262692  1  3029.3  2124
Mg24 	22335.8 	0.222139  1  -4069.28  9546
Mg24 	22335.8 	0.186143  1  4297.64  723
Mg24 	22335.8 	0.220151  1  3946.96  1115
Mg24 	22335.8 	0.127179  1  1684.41  3472
Mg24 	22335.8 	0.412752  1  3956.04  1084
Mg24 	22335.8 	0.29044  1  3733.03  1353
Mg24 	22335.8 	0.150161  1  2940.53  2195
Mg24 	22335.8 	0.180131  1  4081.27  953
Mg24 	22335.8 	0.257769  1  767.741  4483
Mg24 	22335.8 	0.773233  1  2109.79  3080
Mg24 	22335.8 	0.484239  1  -1834.07  6983
Mg24 	22335.8 	0.621791  1  -2412.71  7529
Mg24 	22335.8 	2.25493  1  3874.79  1224
Mg24 	22335.8 	0.158931  1  539.323  4685
Mg24 	22335.8 	0.622027  1  2463.03  2639
Mg24 	22335.8 	0.416088  1  -2380.6  7652
Mg24 	22335.8 	0.318097  1  4190.12  848
Mg24 	22335.8 	0.232816  1  1176.83  4010
Mg24 	22335.8 	2.28958  1  3224.24  1826
Mg24 	22335.8 	0.135777  1  1893.3  3191
Mg24 	22335.8 	0.256879  1  -2174.54  7446
Mg24 	22335.8 	0.375486  1  2598.27  2444
Mg24 	22335.8 	0.131511  1  -837.082  6137
Mg24 	22335.8 	0.260998  1  1351.24  3825
Mg24 	22335.8 	0.354134  1  891.983  4227
Mg24 	22335.8 	0.152654  1  -4603.78  10080
Mg24 	22335.8 	0.283624  1  -4320.15  9684
Mg24 	22335.8 	0.284788  1  4840.51  196
Mg24 	22335.8 	0.21339  1  4275.88  771
Mg24 	22335.8 	0.213975  1  2254.64  2860
Mg24 	22335.8 	0.370041  1  -4559.14  9917
Mg24 	22335.8 	0.172623  1  1075.81  4036
Mg24 	22335.8 	0.414175  1  390.808  4995
Mg24 	22335.8 	0.182039  1  2158.06  2985
Mg24 	22335.8 	0.200358  1  -3502.06  8837
Mg24 	22335.8 	0.275097  1  933.296  4221
Mg24 	22335.8 	0.852652  1  4025.34  1011
Mg24 	22335.8 	0.136126  1  -3605.99  9011
Mg24 	22335.8 	0.521013  1  -2937.14  8448
Mg24 	22335.8 	0.156782  1  1402.38  3735
Mg24 	22335.8 	0.465501  1  -388.036  5745
Mg24 	22335.8 	0.134729  1  1544.49  3654
Mg24 	22335.8 	0.776613  1  798.213  4293
Mg24 	22335.8 	0.127545  1  881.951  4319
Mg24 	22335.8 	0.556623  1  -2789.93  8159
Mg24 	22335.8 	0.498687  1  -152.093  5313
