Mg24 	22335.8 	0.134481  1  3917.96  1241
Mg24 	22335.8 	0.139866  1  2384.72  2715
Mg24 	22335.8 	0.246875  1  1196.37  4003
Mg24 	22335.8 	0.160565  1  -963.298  6238
Mg24 	22335.8 	0.136832  1  -4922.52  10487
Mg24 	22335.8 	0.383738  1  -4054.73  9496
Mg24 	22335.8 	0.279606  1  2129.27  2983
Mg24 	22335.8 	0.187447  1  -4206.72  9634
Mg24 	22335.8 	0.153392  1  -860.9  6141
Mg24 	22335.8 	0.149943  1  2284.08  2840
Mg24 	22335.8 	0.138842  1  4892.04  117
Mg24 	22335.8 	0.228689  1  -4428.68  9880
Mg24 	22335.8 	0.199637  1  -4328.87  9603
Mg24 	22335.8 	0.203953  1  69.7858  5353
Mg24 	22335.8 	0.139987  1  -3760.92  9037
Mg24 	22335.8 	0.231924  1  3740.72  1211
Mg24 	22335.8 	0.160384  1  -2579.13  7764
Mg24 	22335.8 	0.270866  1  2557.23  2526
Mg24 	22335.8 	0.327497  1  2138.05  3027
Mg24 	22335.8 	0.171598  1  -154.671  5345
Mg24 	22335.8 	0.231093  1  -90.8701  5340
Mg24 	22335.8 	0.138015  1  -4252.28  9792
Mg24 	22335.8 	0.15556  1  4227.23  862
Mg24 	22335.8 	0.137544  1  -1376.08  6725
Mg24 	22335.8 	0.130999  1  1392.67  3815
Mg24 	22335.8 	0.245504  1  1597.55  3605
Mg24 	22335.8 	0.14422  1  -4761.15  10197
Mg24 	22335.8 	0.443666  1  -1404.44  6771
Mg24 	22335.8 	0.135817  1  -3060.97  8417
Mg24 	22335.8 	0.546223  1  -2848.19  8110
Mg24 	22335.8 	0.17627  1  -2937.55  8445
Mg24 	22335.8 	0.287028  1  3756.91  1350
Mg24 	22335.8 	1.92617  1  -4196.26  9707
Mg24 	22335.8 	1.22777  1  3993.51  1042
Mg24 	22335.8 	0.175555  1  -1975.11  7371
Mg24 	22335.8 	0.168497  1  1208.34  3853
Mg24 	22335.8 	1.42994  1  4199.46  783
Mg24 	22335.8 	0.200744  1  -2729.23  8135
Mg24 	22335.8 	0.134163  1  -3441.07  8711
Mg24 	22335.8 	0.224507  1  -2019.8  7432
Mg24 	22335.8 	0.126364  1  -674.758  6068
Mg24 	22335.8 	0.529143  1  4451.24  552
Mg24 	22335.8 	0.171548  1  -2764.76  8189
Mg24 	22335.8 	0.180449  1  152.786  4952
Mg24 	22335.8 	0.205313  1  -1154.57  6489
Mg24 	22335.8 	0.132638  1  4962.69  36
Mg24 	22335.8 	0.197936  1  -3117.9  8497
Mg24 	22335.8 	0.271743  1  -427.086  5803
Mg24 	22335.8 	0.674414  1  -645.358  5861
Mg24 	22335.8 	0.155104  1  -640.173  5958
Mg24 	22335.8 	0.139855  1  4853.19  157
Mg24 	22335.8 	0.147691  1  -3348.31  8701
Mg24 	22335.8 	0.251812  1  4751.74  252
Mg24 	22335.8 	0.125907  1  2341.71  2833
Mg24 	22335.8 	0.675491  1  4317.59  729
Mg24 	22335.8 	0.47394  1  -4189.99  9745
Mg24 	22335.8 	0.145087  1  775.139  4486
Mg24 	22335.8 	0.272385  1  -718.356  6067
Mg24 	22335.8 	0.141378  1  -1534.26  6855
Mg24 	22335.8 	0.150084  1  4211.09  840
Mg24 	22335.8 	0.200758  1  630.555  4670
Mg24 	22335.8 	0.40696  1  3428.09  1617
Mg24 	22335.8 	0.77709  1  2624.83  2413
Mg24 	22335.8 	0.142506  1  3616.7  1429
Mg24 	22335.8 	0.198641  1  81.3867  5232
Mg24 	22335.8 	0.549468  1  -1034.85  6194
Mg24 	22335.8 	0.229772  1  3587.43  1497
Mg24 	22335.8 	0.175826  1  -1939.74  7327
Mg24 	22335.8 	0.134547  1  829.243  4387
Mg24 	22335.8 	0.260374  1  402.814  4818
Mg24 	22335.8 	0.179847  1  -1574.99  7018
Mg24 	22335.8 	0.163397  1  4935.93  61
Mg24 	22335.8 	0.1927  1  4485.04  542
Mg24 	22335.8 	0.391587  1  423.002  4711
Mg24 	22335.8 	0.17789  1  -1454.85  6803
Mg24 	22335.8 	0.166185  1  921.4  4188
Mg24 	22335.8 	0.215402  1  -4778.52  10263
Mg24 	22335.8 	0.347701  1  1578.89  3575
Mg24 	22335.8 	0.426207  1  -4358.76  9833
Mg24 	22335.8 	0.32668  1  3313.82  1836
Mg24 	22335.8 	0.950426  1  814.414  4482
Mg24 	22335.8 	0.197364  1  2860.09  2112
Mg24 	22335.8 	0.257187  1  -4236.15  9603
Mg24 	22335.8 	0.133129  1  -3048.69  8421
Mg24 	22335.8 	0.233581  1  98.4105  5151
Mg24 	22335.8 	0.18577  1  -1209.6  6505
Mg24 	22335.8 	0.209061  1  -4647.41  9981
Mg24 	22335.8 	0.774877  1  2489.85  2596
Mg24 	22335.8 	0.152139  1  1851.84  3338
Mg24 	22335.8 	0.756287  1  -2512.62  7815
Mg24 	22335.8 	0.265527  1  2967.36  2135
Mg24 	22335.8 	0.135794  1  8.45732  5121
Mg24 	22335.8 	0.160579  1  2516.68  2668
Mg24 	22335.8 	0.163564  1  4967.39  24
Mg24 	22335.8 	0.409261  1  184.653  4971
Mg24 	22335.8 	0.162089  1  -565.536  5825
Mg24 	22335.8 	0.175951  1  2542.1  2430
Mg24 	22335.8 	0.0890161  1  -499.655  5835
Mg24 	22335.8 	0.533388  1  -3837.26  9315
Mg24 	22335.8 	0.15212  1  -751.204  5940
Mg24 	22335.8 	0.334732  1  3491.82  1540
Mg24 	22335.8 	0.304603  1  -1721.02  7067
Mg24 	22335.8 	0.128979  1  197.759  5040
Mg24 	22335.8 	0.232991  1  -2224.2  7438
Mg24 	22335.8 	0.139147  1  -2928.59  8426
Mg24 	22335.8 	0.154559  1  -2660.74  8107
Mg24 	22335.8 	0.219945  1  4961.32  41
Mg24 	22335.8 	0.140803  1  4821.57  171
Mg24 	22335.8 	0.173435  1  979.841  4253
Mg24 	22335.8 	0.262282  1  1914.79  3244
Mg24 	22335.8 	0.130161  1  -4002.76  9494
Mg24 	22335.8 	0.389373  1  -2859.17  8394
Mg24 	22335.8 	0.143242  1  2054.43  3071
Mg24 	22335.8 	0.269461  1  3536.12  1533
Mg24 	22335.8 	0.180586  1  4162.39  897
Mg24 	22335.8 	0.292471  1  4633.01  390
Mg24 	22335.8 	0.216707  1  -3506.78  8916
Mg24 	22335.8 	0.154229  1  2406.17  2760
Mg24 	22335.8 	0.151948  1  1216.66  4011
Mg24 	22335.8 	0.535986  1  -1258.57  6562
Mg24 	22335.8 	0.385172  1  -1446.05  6807
Mg24 	22335.8 	0.267599  1  1486.17  3636
Mg24 	22335.8 	0.142951  1  -3062.09  8457
Mg24 	22335.8 	0.132114  1  2115.27  3069
Mg24 	22335.8 	0.351943  1  3945.09  1117
Mg24 	22335.8 	0.156069  1  2668.87  2418
Mg24 	22335.8 	0.154864  1  -3505.98  8914
Mg24 	22335.8 	0.872195  1  903.459  4227
Mg24 	22335.8 	0.153675  1  -2712.97  8111
Mg24 	22335.8 	0.209743  1  2269.62  2866
Mg24 	22335.8 	0.134168  1  -1120.13  6439
Mg24 	22335.8 	0.244478  1  -1354.36  6748
Mg24 	22335.8 	0.266052  1  -2653.55  7999
Mg24 	22335.8 	0.309276  1  -4167.35  9700
Mg24 	22335.8 	0.137008  1  2172.43  2966
Mg24 	22335.8 	0.172819  1  -3752.12  9278
Mg24 	22335.8 	0.321849  1  4680.9  328
Mg24 	22335.8 	1.72767  1  -1372.65  6655
Mg24 	22335.8 	0.126971  1  -3055.67  8507
Mg24 	22335.8 	0.13547  1  2716.6  2372
Mg24 	22335.8 	0.488579  1  -1669.71  6988
Mg24 	22335.8 	0.146839  1  468.518  4772
Mg24 	22335.8 	0.231734  1  -3646.07  9108
Mg24 	22335.8 	0.130781  1  838.475  4342
Mg24 	22335.8 	1.42746  1  -949.441  6274
Mg24 	22335.8 	8.34952  1  -4809.48  10252
Mg24 	22335.8 	0.227775  1  -618.21  5789
Mg24 	22335.8 	0.135563  1  -2335.24  7550
Mg24 	22335.8 	0.168821  1  -1444.61  6680
Mg24 	22335.8 	0.852929  1  -3951.95  9379
Mg24 	22335.8 	0.248023  1  1126.04  4076
Mg24 	22335.8 	1.08872  1  -4124.5  9715
Mg24 	22335.8 	0.580269  1  3973.14  1061
Mg24 	22335.8 	0.206637  1  -4348.29  9894
Mg24 	22335.8 	0.128864  1  2190.68  2932
Mg24 	22335.8 	0.349088  1  -4527.92  9900
Mg24 	22335.8 	0.127718  1  -4838.6  10205
Mg24 	22335.8 	0.302557  1  4785.98  231
Mg24 	22335.8 	0.814274  1  1842.22  3417
Mg24 	22335.8 	0.141095  1  2599.78  2524
Mg24 	22335.8 	0.637514  1  1745.9  3443
Mg24 	22335.8 	0.134613  1  -4157.24  9662
Mg24 	22335.8 	0.216191  1  4044.21  978
Mg24 	22335.8 	0.198622  1  -2927.59  8227
Mg24 	22335.8 	0.141031  1  2242.88  2884
Mg24 	22335.8 	0.144589  1  -2209.74  7555
Mg24 	22335.8 	0.198374  1  870.416  4418
Mg24 	22335.8 	0.170536  1  -3043.76  8253
Mg24 	22335.8 	0.178868  1  4066.43  983
Mg24 	22335.8 	0.132635  1  3819.66  1251
Mg24 	22335.8 	0.503316  1  2673.07  2399
Mg24 	22335.8 	0.128297  1  3621.02  1433
Mg24 	22335.8 	0.462989  1  2960.07  2174
Mg24 	22335.8 	0.41751  1  -4982.26  10501
Mg24 	22335.8 	0.175833  1  -4033.99  9631
Mg24 	22335.8 	0.147839  1  -1706.96  7063
Mg24 	22335.8 	0.213413  1  -2983.47  8276
Mg24 	22335.8 	0.203642  1  -1756.12  7006
Mg24 	22335.8 	0.18191  1  -2749.61  7993
Mg24 	22335.8 	0.135294  1  -2720.75  8124
Mg24 	22335.8 	0.15042  1  4154.06  946
Mg24 	22335.8 	0.211099  1  -1878.16  7276
Mg24 	22335.8 	0.161268  1  -1676.12  7063
Mg24 	22335.8 	0.225884  1  -40.0506  5288
Mg24 	22335.8 	0.142454  1  -958.411  6188
Mg24 	22335.8 	0.156614  1  -1277.05  6524
Mg24 	22335.8 	0.133161  1  -3658.71  9064
Mg24 	22335.8 	0.137704  1  -2247.28  7614
Mg24 	22335.8 	0.136051  1  -4710.34  10225
Mg24 	22335.8 	0.231054  1  -4045.77  9547
Mg24 	22335.8 	0.249259  1  -2879.59  8334
Mg24 	22335.8 	0.257803  1  -4939.63  10401
Mg24 	22335.8 	0.161064  1  -2290.49  7758
Mg24 	22335.8 	0.443713  1  -1554.51  6855
Mg24 	22335.8 	0.173779  1  -1113.15  6413
Mg24 	22335.8 	0.153876  1  2922.19  2194
Mg24 	22335.8 	0.137983  1  -1212.07  6380
Mg24 	22335.8 	0.144146  1  3706.16  1361
Mg24 	22335.8 	0.161969  1  4378.32  697
Mg24 	22335.8 	0.428705  1  739.744  4563
Mg24 	22335.8 	0.378662  1  1088.39  4109
Mg24 	22335.8 	0.281837  1  -110.921  5258
Mg24 	22335.8 	0.789064  1  -1178.71  6293
Mg24 	22335.8 	0.383039  1  -1724.97  7124
Mg24 	22335.8 	0.142463  1  2032.08  3221
Mg24 	22335.8 	1.23544  1  -2117.63  7578
Mg24 	22335.8 	0.186837  1  -158.843  5344
Mg24 	22335.8 	0.318352  1  -2723.05  8169
Mg24 	22335.8 	0.341942  1  2827.35  2225
Mg24 	22335.8 	0.222583  1  3159.29  1937
Mg24 	22335.8 	0.232663  1  -78.0554  5281
Mg24 	22335.8 	0.152885  1  2994.25  2117
Mg24 	22335.8 	0.206146  1  -3276.54  8748
Mg24 	22335.8 	0.135979  1  1379.6  3697
Mg24 	22335.8 	0.142132  1  -3975.93  9367
Mg24 	22335.8 	0.407072  1  4837.08  159
Mg24 	22335.8 	0.21148  1  -3525.45  9007
Mg24 	22335.8 	1.86314  1  -1608.28  6992
Mg24 	22335.8 	0.197219  1  -3465.93  8823
Mg24 	22335.8 	0.338704  1  -2433.71  7665
Mg24 	22335.8 	0.291001  1  2708.04  2388
Mg24 	22335.8 	0.154966  1  1172.11  4126
Mg24 	22335.8 	0.169388  1  864.872  4451
Mg24 	22335.8 	0.980798  1  1956.14  3250
Mg24 	22335.8 	0.175979  1  423.885  4823
Mg24 	22335.8 	0.20872  1  -4879.04  10587
Mg24 	22335.8 	0.157006  1  -2643.33  8076
Mg24 	22335.8 	0.215523  1  1992.68  3210
Mg24 	22335.8 	0.143151  1  -3837.02  9227
Mg24 	22335.8 	0.180971  1  2290.16  2844
Mg24 	22335.8 	0.134798  1  3144.58  1935
Mg24 	22335.8 	0.517768  1  -3075.19  8431
Mg24 	22335.8 	0.184172  1  4346.63  706
Mg24 	22335.8 	0.159881  1  -3262.69  8715
Mg24 	22335.8 	0.225691  1  3255.72  1854
Mg24 	22335.8 	0.260553  1  -4113.7  9563
Mg24 	22335.8 	0.266449  1  1127.19  3942
Mg24 	22335.8 	0.25676  1  4718.79  331
Mg24 	22335.8 	0.217223  1  390.361  5007
Mg24 	22335.8 	0.481641  1  -1508.09  6837
Mg24 	22335.8 	0.266303  1  594.338  4520
Mg24 	22335.8 	0.130318  1  3264.21  1842
Mg24 	22335.8 	1.25271  1  -1690.81  7021
Mg24 	22335.8 	0.143841  1  4575.59  418
Mg24 	22335.8 	0.24218  1  1669.36  3438
Mg24 	22335.8 	0.267337  1  -2319.2  7682
Mg24 	22335.8 	0.129165  1  141.879  5000
Mg24 	22335.8 	0.13144  1  -1226.79  6463
Mg24 	22335.8 	0.198807  1  1507.51  3769
Mg24 	22335.8 	0.243863  1  -1450.23  6788
Mg24 	22335.8 	0.130967  1  1429.84  3804
Mg24 	22335.8 	0.177527  1  -3458.3  8895
Mg24 	22335.8 	0.274061  1  2023.24  3061
Mg24 	22335.8 	0.133261  1  1576.27  3575
Mg24 	22335.8 	0.385487  1  1802.21  3285
Mg24 	22335.8 	0.290425  1  -2761.42  8202
Mg24 	22335.8 	0.214059  1  2282.83  2887
Mg24 	22335.8 	0.189343  1  358.409  4930
Mg24 	22335.8 	0.202552  1  4875.67  124
Mg24 	22335.8 	0.273141  1  4134.22  911
Mg24 	22335.8 	0.27811  1  4525.63  516
Mg24 	22335.8 	0.315435  1  927.198  4363
Mg24 	22335.8 	1.15468  1  -1872.23  7147
Mg24 	22335.8 	0.313218  1  274.243  4866
Mg24 	22335.8 	0.27567  1  3905.79  1146
Mg24 	22335.8 	0.156487  1  -3060.63  8339
Mg24 	22335.8 	0.221957  1  3963.91  1121
Mg24 	22335.8 	0.464783  1  -508.482  5737
Mg24 	22335.8 	0.146991  1  -2496.07  7693
Mg24 	22335.8 	0.207551  1  3884.01  1185
Mg24 	22335.8 	0.125926  1  -3190.2  8624
Mg24 	22335.8 	0.302537  1  502.101  4718
Mg24 	22335.8 	0.170192  1  -80.1513  5280
Mg24 	22335.8 	0.210951  1  -2148.18  7501
Mg24 	22335.8 	0.236728  1  199.905  4830
Mg24 	22335.8 	0.257461  1  -3436.3  8673
Mg24 	22335.8 	0.241291  1  3736.74  1315
Mg24 	22335.8 	0.581559  1  1547.01  3606
Mg24 	22335.8 	0.306288  1  -4500.79  9938
Mg24 	22335.8 	0.149807  1  2053.77  3025
Mg24 	22335.8 	1.02347  1  3067.69  2084
Mg24 	22335.8 	0.200673  1  -4973.73  10514
Mg24 	22335.8 	0.151723  1  1541.74  3570
Mg24 	22335.8 	0.201571  1  -4120.33  9648
Mg24 	22335.8 	0.126713  1  -1096.3  6345
Mg24 	22335.8 	0.160791  1  -4892.14  10423
Mg24 	22335.8 	0.356271  1  165.933  5068
Mg24 	22335.8 	0.134905  1  2439.21  2570
Mg24 	22335.8 	0.138948  1  4840.04  166
Mg24 	22335.8 	0.169059  1  1742.61  3563
Mg24 	22335.8 	0.141298  1  2199.6  2870
Mg24 	22335.8 	0.138518  1  -3372.58  8776
Mg24 	22335.8 	0.17691  1  -3571.49  8918
Mg24 	22335.8 	0.656662  1  -3694.62  9192
Mg24 	22335.8 	0.185111  1  -4338.04  9659
Mg24 	22335.8 	0.144337  1  -1331.85  6699
Mg24 	22335.8 	0.287229  1  -4195.05  9767
Mg24 	22335.8 	0.424404  1  -615.288  6001
Mg24 	22335.8 	0.23727  1  -4966.69  10625
Mg24 	22335.8 	8.19819  1  -3575.09  9006
Mg24 	22335.8 	0.153864  1  4714.46  278
Mg24 	22335.8 	0.203448  1  2115.13  2963
Mg24 	22335.8 	0.303658  1  -423.493  5677
Mg24 	22335.8 	0.148559  1  -2942.87  8239
Mg24 	22335.8 	0.932805  1  1849.9  3247
Mg24 	22335.8 	0.154953  1  3933.4  1165
Mg24 	22335.8 	0.224015  1  2807.24  2216
Mg24 	22335.8 	0.185616  1  1155.96  3981
Mg24 	22335.8 	0.65123  1  1436.89  3713
Mg24 	22335.8 	0.239216  1  3182.73  1946
Mg24 	22335.8 	0.156358  1  4176.59  900
Mg24 	22335.8 	0.129703  1  -51.6935  5306
Mg24 	22335.8 	0.143284  1  -1761.48  7089
Mg24 	22335.8 	0.352503  1  1464.59  3707
Mg24 	22335.8 	0.99427  1  3811.36  1245
Mg24 	22335.8 	0.149743  1  4560.52  435
Mg24 	22335.8 	0.26452  1  -3096.11  8309
Mg24 	22335.8 	0.257366  1  -4159.22  9596
Mg24 	22335.8 	0.143456  1  3636.69  1455
Mg24 	22335.8 	0.316286  1  -4678.28  10229
Mg24 	22335.8 	0.155091  1  4240.66  796
Mg24 	22335.8 	0.31557  1  -1615.19  7006
Mg24 	22335.8 	0.31954  1  -3260.68  8755
Mg24 	22335.8 	0.189102  1  4464.37  539
Mg24 	22335.8 	0.199357  1  -1755.86  7020
Mg24 	22335.8 	0.197249  1  3275.99  1825
Mg24 	22335.8 	0.147968  1  -52.77  5196
Mg24 	22335.8 	0.470917  1  3201.5  1902
Mg24 	22335.8 	0.130275  1  -2258.23  7601
Mg24 	22335.8 	0.295636  1  2679.51  2417
Mg24 	22335.8 	0.13175  1  -2356.29  7662
Mg24 	22335.8 	0.130122  1  2419.71  2741
Mg24 	22335.8 	0.71336  1  -1693.46  7174
Mg24 	22335.8 	0.126473  1  4068.13  1000
Mg24 	22335.8 	0.185377  1  2379.87  2792
Mg24 	22335.8 	0.138927  1  1133.97  4075
Mg24 	22335.8 	0.850674  1  -664.606  5932
Mg24 	22335.8 	0.293686  1  -2756.61  8245
Mg24 	22335.8 	0.320278  1  -2583.5  7975
Mg24 	22335.8 	0.202645  1  4936.48  69
Mg24 	22335.8 	0.219585  1  -4194  9685
Mg24 	22335.8 	0.23922  1  1726.73  3439
Mg24 	22335.8 	0.567537  1  767.637  4334
Mg24 	22335.8 	0.163952  1  2080.77  3136
Mg24 	22335.8 	0.219469  1  4521.23  506
Mg24 	22335.8 	0.23176  1  1392.24  3775
Mg24 	22335.8 	0.161119  1  3765.44  1321
Mg24 	22335.8 	0.296058  1  3285.24  1829
Mg24 	22335.8 	0.157358  1  -3935.6  9457
Mg24 	22335.8 	0.137297  1  -1988.98  7380
Mg24 	22335.8 	0.157086  1  -204.891  5444
Mg24 	22335.8 	0.158662  1  3637.08  1419
Mg24 	22335.8 	0.218859  1  -1282.35  6539
Mg24 	22335.8 	0.18792  1  1392.36  3766
Mg24 	22335.8 	0.146001  1  -2080.36  7589
Mg24 	22335.8 	0.35758  1  4810.04  204
Mg24 	22335.8 	0.662414  1  3578.14  1573
Mg24 	22335.8 	0.232944  1  828.355  4433
Mg24 	22335.8 	0.127711  1  -855.946  6225
Mg24 	22335.8 	0.12753  1  1766.8  3388
Mg24 	22335.8 	0.134833  1  74.8217  5286
Mg24 	22335.8 	0.161401  1  -284.936  5647
Mg24 	22335.8 	0.309553  1  2458.84  2672
Mg24 	22335.8 	0.474619  1  -2162.36  7550
Mg24 	22335.8 	0.148905  1  -2917  8222
Mg24 	22335.8 	0.172279  1  -11.4646  5296
Mg24 	22335.8 	1.19464  1  -139.677  5509
Mg24 	22335.8 	0.217979  1  -2775.62  8090
Mg24 	22335.8 	0.204211  1  992.192  4151
Mg24 	22335.8 	0.169734  1  1841.75  3392
Mg24 	22335.8 	0.142697  1  -1952.1  7333
Mg24 	22335.8 	0.251762  1  -24.0937  5298
Mg24 	22335.8 	0.160409  1  2698.48  2502
Mg24 	22335.8 	0.182412  1  4781.56  214
Mg24 	22335.8 	0.189416  1  4275.13  844
Mg24 	22335.8 	0.264239  1  4598.31  447
Mg24 	22335.8 	0.169994  1  2425.51  2734
Mg24 	22335.8 	0.253854  1  1397.21  3857
Mg24 	22335.8 	0.281258  1  -3850.3  9312
Mg24 	22335.8 	0.36367  1  -3555.05  9118
Mg24 	22335.8 	0.165089  1  780.764  4306
Mg24 	22335.8 	0.315563  1  1196.58  3904
Mg24 	22335.8 	0.139853  1  4614.63  412
Mg24 	22335.8 	0.164016  1  -148.726  5435
Mg24 	22335.8 	0.129918  1  -203.924  5506
Mg24 	22335.8 	0.201389  1  -3797.34  9186
Mg24 	22335.8 	0.193324  1  3761.15  1242
Mg24 	22335.8 	0.215112  1  2083.34  3058
Mg24 	22335.8 	0.146246  1  -2973.61  8587
Mg24 	22335.8 	0.159748  1  -1020.9  6227
Mg24 	22335.8 	0.152209  1  4673.89  362
Mg24 	22335.8 	0.14736  1  3665.92  1329
Mg24 	22335.8 	0.279935  1  1905.43  3262
Mg24 	22335.8 	0.391421  1  -3928.22  9460
Mg24 	22335.8 	0.230195  1  -2179.63  7521
Mg24 	22335.8 	0.226979  1  -3089  8434
Mg24 	22335.8 	0.230586  1  -4439.12  9902
Mg24 	22335.8 	0.137664  1  3755.51  1285
Mg24 	22335.8 	0.631219  1  719.396  4443
Mg24 	22335.8 	0.125639  1  -4035.47  9635
Mg24 	22335.8 	0.144778  1  -37.0006  5333
Mg24 	22335.8 	0.161383  1  -178.215  5457
Mg24 	22335.8 	0.415946  1  -4394.2  9711
Mg24 	22335.8 	0.207805  1  1313.43  3849
Mg24 	22335.8 	0.197268  1  2275.59  2843
Mg24 	22335.8 	0.221164  1  4063.05  1012
Mg24 	22335.8 	0.303321  1  2433.79  2604
Mg24 	22335.8 	0.159867  1  -645.714  5846
Mg24 	22335.8 	0.145558  1  -3675.12  9066
Mg24 	22335.8 	0.458151  1  -4598.9  10112
Mg24 	22335.8 	0.130293  1  -2082.42  7417
Mg24 	22335.8 	0.127882  1  -0.584477  5277
Mg24 	22335.8 	0.352297  1  -2678.59  8141
Mg24 	22335.8 	0.129074  1  -4610.31  10131
Mg24 	22335.8 	0.361282  1  2126.39  3135
Mg24 	22335.8 	0.129408  1  -3563.4  9031
Mg24 	22335.8 	0.430339  1  -2617.98  7831
Mg24 	22335.8 	0.136708  1  -3731.31  9109
Mg24 	22335.8 	0.142482  1  2226.03  2951
Mg24 	22335.8 	0.125528  1  643.278  4518
Mg24 	22335.8 	0.397542  1  -1701.51  7063
Mg24 	22335.8 	0.144413  1  -3056.83  8459
Mg24 	22335.8 	0.139501  1  228.569  5017
Mg24 	22335.8 	0.158754  1  2221.35  2991
Mg24 	22335.8 	0.144351  1  -173.183  5499
Mg24 	22335.8 	0.25167  1  3870.54  1193
Mg24 	22335.8 	0.152113  1  455.259  4779
Mg24 	22335.8 	0.256554  1  -2491.84  7940
Mg24 	22335.8 	0.130806  1  -2276.28  7663
Mg24 	22335.8 	0.134837  1  1775.66  3393
Mg24 	22335.8 	0.607961  1  484.19  4732
Mg24 	22335.8 	0.159796  1  4879.18  137
Mg24 	22335.8 	0.179024  1  -2123.2  7428
Mg24 	22335.8 	0.234797  1  605.851  4688
Mg24 	22335.8 	0.142931  1  -1517.6  6949
Mg24 	22335.8 	1.32491  1  218.389  5028
Mg24 	22335.8 	0.445075  1  -1311.44  6703
Mg24 	22335.8 	0.761703  1  1571.71  3553
Mg24 	22335.8 	0.138907  1  1953.79  3255
Mg24 	22335.8 	0.254772  1  -1070.77  6373
Mg24 	22335.8 	0.178667  1  -4930.63  10321
Mg24 	22335.8 	0.229559  1  397.25  4844
Mg24 	22335.8 	0.26744  1  -1255.5  6437
Mg24 	22335.8 	0.264288  1  4248.14  761
Mg24 	22335.8 	0.470757  1  -184.028  5423
Mg24 	22335.8 	0.295386  1  179.747  5066
Mg24 	22335.8 	0.130221  1  -3688.42  9249
Mg24 	22335.8 	0.148642  1  -3948.23  9600
Mg24 	22335.8 	0.137685  1  -1493.42  6741
Mg24 	22335.8 	1.16511  1  208.763  5077
Mg24 	22335.8 	0.131318  1  -2819.38  8188
Mg24 	22335.8 	0.226444  1  4853.83  157
Mg24 	22335.8 	0.58761  1  669.797  4572
Mg24 	22335.8 	0.248094  1  4200.7  840
Mg24 	22335.8 	0.20222  1  705.24  4643
Mg24 	22335.8 	0.244899  1  -3024.13  8460
Mg24 	22335.8 	0.207425  1  3316.06  1722
Mg24 	22335.8 	0.207889  1  -2423.4  7773
Mg24 	22335.8 	0.238881  1  4455.2  583
Mg24 	22335.8 	0.142088  1  -2488.07  7830
Mg24 	22335.8 	0.230409  1  -952.324  6264
Mg24 	22335.8 	0.195363  1  1450.42  3686
Mg24 	22335.8 	0.215583  1  -1463.73  6790
Mg24 	22335.8 	0.374123  1  2448.19  2666
Mg24 	22335.8 	0.14152  1  -300.41  5528
Mg24 	22335.8 	0.132003  1  1432.5  3720
Mg24 	22335.8 	0.24136  1  -3683.43  8920
Mg24 	22335.8 	0.219833  1  2391.05  2805
Mg24 	22335.8 	0.148838  1  3737.03  1314
Mg24 	22335.8 	0.18514  1  -3522.31  9023
Mg24 	22335.8 	0.246099  1  3945.92  1141
Mg24 	22335.8 	0.173088  1  -387.585  5741
Mg24 	22335.8 	0.451978  1  4581.55  506
Mg24 	22335.8 	0.177066  1  521.046  4784
Mg24 	22335.8 	1.35848  1  2523.05  2631
Mg24 	22335.8 	0.522214  1  -1327.53  6740
Mg24 	22335.8 	0.185946  1  3581.99  1518
Mg24 	22335.8 	0.382038  1  -3846.31  9138
Mg24 	22335.8 	0.302833  1  4375.41  669
Mg24 	22335.8 	0.149228  1  3596.42  1492
Mg24 	22335.8 	0.562504  1  3960.54  1075
Mg24 	22335.8 	0.162862  1  3355.43  1769
Mg24 	22335.8 	0.495291  1  -1935.85  7220
Mg24 	22335.8 	0.598563  1  -2618.05  8054
Mg24 	22335.8 	0.177692  1  521.958  4726
Mg24 	22335.8 	0.173336  1  -702.27  5962
Mg24 	22335.8 	0.217381  1  508.339  4644
Mg24 	22335.8 	0.286644  1  -4060.2  9460
Mg24 	22335.8 	0.290659  1  3173.96  1865
Mg24 	22335.8 	0.271846  1  1876.79  3356
Mg24 	22335.8 	0.318865  1  4178.5  885
Mg24 	22335.8 	0.892502  1  4247.64  811
Mg24 	22335.8 	0.190161  1  -2982.13  8248
Mg24 	22335.8 	0.140595  1  -1322.09  6555
Mg24 	22335.8 	0.227476  1  -586.413  5903
Mg24 	22335.8 	0.865376  1  4144.03  910
Mg24 	22335.8 	0.331447  1  4236.82  831
Mg24 	22335.8 	1.19512  1  4984.99  13
Mg24 	22335.8 	0.179236  1  -559.523  5837
Mg24 	22335.8 	0.126435  1  2008.04  3188
Mg24 	22335.8 	0.136782  1  2717.3  2476
Mg24 	22335.8 	0.222977  1  2911.65  2140
Mg24 	22335.8 	0.716211  1  4489.48  547
Mg24 	22335.8 	0.221598  1  114.018  5101
Mg24 	22335.8 	0.206674  1  62.1584  5129
Mg24 	22335.8 	0.205374  1  -1342.76  6589
Mg24 	22335.8 	0.150323  1  2460.93  2618
Mg24 	22335.8 	2.80151  1  1920.88  3277
Mg24 	22335.8 	0.657154  1  1345.67  3927
Mg24 	22335.8 	0.132095  1  3471.73  1642
Mg24 	22335.8 	0.56225  1  -1073.29  6283
Mg24 	22335.8 	0.181731  1  -2457.27  7831
Mg24 	22335.8 	0.132811  1  2213.63  2956
Mg24 	22335.8 	0.307119  1  33.4825  5230
Mg24 	22335.8 	0.167305  1  1211.15  3963
Mg24 	22335.8 	0.839751  1  4085.31  966
Mg24 	22335.8 	3.66375  1  -115.42  5318
Mg24 	22335.8 	0.249802  1  3571.79  1476
Mg24 	22335.8 	0.156055  1  3734.74  1411
Mg24 	22335.8 	0.272115  1  -4395.36  9891
Mg24 	22335.8 	0.218013  1  -3023.05  8449
Mg24 	22335.8 	0.206186  1  1265.99  3916
Mg24 	22335.8 	0.137513  1  997.983  4288
Mg24 	22335.8 	0.223432  1  -361.543  5638
Mg24 	22335.8 	0.251195  1  363.575  4891
Mg24 	22335.8 	0.349805  1  -3381.9  8815
Mg24 	22335.8 	0.150503  1  2392.19  2828
Mg24 	22335.8 	0.254005  1  2638.39  2440
Mg24 	22335.8 	0.254925  1  2262.39  2896
Mg24 	22335.8 	0.184353  1  2796.16  2344
Mg24 	22335.8 	0.359384  1  1811.45  3428
Mg24 	22335.8 	0.238759  1  2983.23  2118
Mg24 	22335.8 	0.164855  1  729.311  4512
Mg24 	22335.8 	0.210706  1  3401.76  1686
Mg24 	22335.8 	0.14808  1  -758.612  6048
Mg24 	22335.8 	0.243155  1  -4039.25  9536
Mg24 	22335.8 	0.507882  1  4636.14  380
Mg24 	22335.8 	0.304441  1  -2460.78  7919
Mg24 	22335.8 	0.360978  1  -2466.4  7794
Mg24 	22335.8 	0.140602  1  3024.52  2032
Mg24 	22335.8 	0.271335  1  -1126.35  6577
Mg24 	22335.8 	0.141623  1  -2698.87  8046
Mg24 	22335.8 	1.79255  1  -4937.77  10371
Mg24 	22335.8 	0.245364  1  -4374.17  9880
Mg24 	22335.8 	0.212805  1  -2267.46  7600
Mg24 	22335.8 	0.173444  1  3707.17  1352
Mg24 	22335.8 	0.585356  1  -4835.5  10235
Mg24 	22335.8 	0.207394  1  -672.818  5874
Mg24 	22335.8 	0.803465  1  17.0541  5159
Mg24 	22335.8 	0.157968  1  589.85  4593
Mg24 	22335.8 	0.257096  1  3283.26  1798
Mg24 	22335.8 	0.152347  1  -2794.59  8069
Mg24 	22335.8 	0.29356  1  3871.52  1165
Mg24 	22335.8 	0.245054  1  -1981.6  7156
Mg24 	22335.8 	0.288614  1  -409.718  5671
Mg24 	22335.8 	0.196256  1  1603.9  3643
Mg24 	22335.8 	0.336997  1  1503.79  3658
Mg24 	22335.8 	0.137285  1  2447.31  2642
Mg24 	22335.8 	2.92962  1  4036.21  978
Mg24 	22335.8 	0.214117  1  -2646.45  8088
Mg24 	22335.8 	0.361718  1  -513.195  5848
Mg24 	22335.8 	0.328607  1  3542.61  1515
Mg24 	22335.8 	0.143189  1  -210.038  5425
Mg24 	22335.8 	0.307997  1  1595.48  3613
Mg24 	22335.8 	0.155936  1  -3081.92  8510
Mg24 	22335.8 	0.128371  1  3349.08  1662
Mg24 	22335.8 	1.1582  1  2258.39  2830
Mg24 	22335.8 	0.31976  1  119.092  5158
Mg24 	22335.8 	0.318586  1  1300.83  3860
Mg24 	22335.8 	0.400959  1  -679.71  6014
Mg24 	22335.8 	0.236907  1  -524.894  5820
Mg24 	22335.8 	0.126364  1  2655.52  2421
Mg24 	22335.8 	0.146902  1  -3910.12  9470
Mg24 	22335.8 	0.155144  1  -2536.19  7764
Mg24 	22335.8 	0.357126  1  4762.95  275
Mg24 	22335.8 	0.465768  1  -4905.54  10458
Mg24 	22335.8 	0.286697  1  -2756.62  8058
Mg24 	22335.8 	0.233664  1  -3541.09  9019
Mg24 	22335.8 	0.35879  1  -1880.93  7261
Mg24 	22335.8 	0.133164  1  -2258.61  7562
Mg24 	22335.8 	0.185099  1  1233.82  3881
Mg24 	22335.8 	0.983651  1  -2550.66  7926
Mg24 	22335.8 	0.162127  1  -1233.42  6578
Mg24 	22335.8 	0.344266  1  -3724.07  9212
Mg24 	22335.8 	0.135409  1  4048.71  989
Mg24 	22335.8 	0.164537  1  4621.02  454
Mg24 	22335.8 	0.172048  1  -3669.95  8991
Mg24 	22335.8 	0.144525  1  2765.92  2321
Mg24 	22335.8 	0.249459  1  2562.78  2566
Mg24 	22335.8 	0.227434  1  -1685.95  7020
Mg24 	22335.8 	0.140773  1  -1094.49  6436
Mg24 	22335.8 	1.47231  1  -4782.88  10451
Mg24 	22335.8 	0.362765  1  3856.96  1218
Mg24 	22335.8 	0.305389  1  -4377.92  10114
Mg24 	22335.8 	0.745384  1  -1567.75  6962
Mg24 	22335.8 	0.179671  1  -0.258178  5166
Mg24 	22335.8 	0.162039  1  -16.6192  5295
Mg24 	22335.8 	0.650919  1  -4392.11  9763
Mg24 	22335.8 	0.257847  1  2932.17  2139
Mg24 	22335.8 	0.287711  1  -3899.29  9195
Mg24 	22335.8 	0.155184  1  -1157.68  6557
Mg24 	22335.8 	0.389627  1  -3319.43  8697
Mg24 	22335.8 	0.132824  1  -2922.9  8392
Mg24 	22335.8 	0.14059  1  3277.18  1824
Mg24 	22335.8 	0.407774  1  -424.313  5605
Mg24 	22335.8 	0.191428  1  -1512.42  6871
Mg24 	22335.8 	0.163134  1  -3406.49  8732
Mg24 	22335.8 	0.443558  1  577.205  4646
Mg24 	22335.8 	0.425251  1  -1216.63  6425
Mg24 	22335.8 	0.478616  1  3375.87  1673
Mg24 	22335.8 	0.19379  1  210.104  5148
Mg24 	22335.8 	0.13  1  -746.146  6011
Mg24 	22335.8 	0.277849  1  -1172  6662
Mg24 	22335.8 	0.315483  1  -1266.53  6548
Mg24 	22335.8 	0.126686  1  -414.444  5679
Mg24 	22335.8 	0.165038  1  3518.59  1545
Mg24 	22335.8 	0.271648  1  -2727.54  8119
Mg24 	22335.8 	0.320587  1  3411.52  1631
Mg24 	22335.8 	0.281137  1  -1574.64  6992
Mg24 	22335.8 	0.192146  1  4494.05  505
Mg24 	22335.8 	0.669979  1  -1076.58  6365
Mg24 	22335.8 	0.279607  1  -4250.25  9765
Mg24 	22335.8 	0.15764  1  -4628.48  10098
Mg24 	22335.8 	0.243151  1  -4905.29  10427
Mg24 	22335.8 	0.13881  1  4533.82  498
Mg24 	22335.8 	0.138353  1  -61.722  5289
Mg24 	22335.8 	0.900694  1  -3418.06  8931
Mg24 	22335.8 	0.144826  1  4258.8  795
Mg24 	22335.8 	0.166914  1  -1706.06  7119
Mg24 	22335.8 	0.244866  1  2471.87  2749
Mg24 	22335.8 	0.13755  1  -1445.15  6844
Mg24 	22335.8 	0.184295  1  2839.49  2231
Mg24 	22335.8 	0.147745  1  623.911  4555
Mg24 	22335.8 	0.275259  1  1456.96  3761
Mg24 	22335.8 	0.767766  1  1973.17  3268
Mg24 	22335.8 	0.137826  1  -3745.74  9186
Mg24 	22335.8 	0.256945  1  -3965.8  9508
Mg24 	22335.8 	0.179469  1  -3676.58  9072
Mg24 	22335.8 	0.210732  1  -3999.12  9562
Mg24 	22335.8 	0.32294  1  -2303.46  7667
Mg24 	22335.8 	0.134038  1  -4418.23  9921
Mg24 	22335.8 	0.165581  1  -1456.7  6778
Mg24 	22335.8 	0.314102  1  -2797.78  8174
Mg24 	22335.8 	0.167532  1  -3525.16  8808
Mg24 	22335.8 	0.157711  1  2036.77  3188
Mg24 	22335.8 	0.23878  1  3025.82  2080
Mg24 	22335.8 	0.144828  1  4118.96  849
Mg24 	22335.8 	0.128506  1  -3284.8  8722
Mg24 	22335.8 	0.145964  1  -3199.59  8712
Mg24 	22335.8 	0.130772  1  3469.67  1626
Mg24 	22335.8 	0.163873  1  4069.74  954
Mg24 	22335.8 	0.224882  1  4755.53  254
Mg24 	22335.8 	0.636241  1  3495.13  1589
Mg24 	22335.8 	0.13518  1  -713.109  5967
Mg24 	22335.8 	0.138376  1  -3487.05  8900
Mg24 	22335.8 	0.330027  1  -3309.93  8650
Mg24 	22335.8 	0.155826  1  3243.49  1850
Mg24 	22335.8 	0.148287  1  4633.17  410
Mg24 	22335.8 	0.713573  1  166.615  5167
Mg24 	22335.8 	0.332741  1  3424.37  1730
Mg24 	22335.8 	0.204849  1  1030.59  4237
Mg24 	22335.8 	0.261752  1  -3999.75  9512
Mg24 	22335.8 	0.8329  1  2629.23  2440
Mg24 	22335.8 	0.174939  1  -4802.71  10137
Mg24 	22335.8 	0.541667  1  3143.6  1997
Mg24 	22335.8 	0.269337  1  3560.97  1499
Mg24 	22335.8 	0.181181  1  2259.89  2820
Mg24 	22335.8 	0.146931  1  77.7842  5176
Mg24 	22335.8 	0.155888  1  -2800.49  8225
Mg24 	22335.8 	0.134127  1  2835.17  2269
Mg24 	22335.8 	0.310735  1  -2988.27  8408
Mg24 	22335.8 	0.187554  1  -2853.66  8182
Mg24 	22335.8 	0.330192  1  -4715.12  10181
Mg24 	22335.8 	0.238164  1  4794.92  246
Mg24 	22335.8 	0.167406  1  -1879.99  7250
Mg24 	22335.8 	0.141706  1  -2017.03  7417
Mg24 	22335.8 	0.158013  1  3683.9  1373
Mg24 	22335.8 	0.131171  1  1382.02  3833
Mg24 	22335.8 	0.189447  1  -60.8007  5279
Mg24 	22335.8 	0.289127  1  3208.99  1921
Mg24 	22335.8 	0.243488  1  0.737452  5361
Mg24 	22335.8 	0.256561  1  4805.02  198
Mg24 	22335.8 	0.196922  1  118.817  5156
Mg24 	22335.8 	0.686766  1  -663.208  5982
Mg24 	22335.8 	0.134141  1  -89.9502  5339
Mg24 	22335.8 	0.417634  1  -617.683  5844
Mg24 	22335.8 	0.214745  1  -644.185  5863
Mg24 	22335.8 	0.198337  1  4450.91  591
Mg24 	22335.8 	0.373287  1  379.161  4831
Mg24 	22335.8 	0.29284  1  -3008.05  8302
Mg24 	22335.8 	0.427791  1  -2679.07  8082
Mg24 	22335.8 	0.132184  1  -4979.43  10461
Mg24 	22335.8 	0.150043  1  -4326.64  9742
Mg24 	22335.8 	0.270447  1  -1348.35  6633
Mg24 	22335.8 	0.227883  1  2599.15  2538
Mg24 	22335.8 	0.129416  1  -154.873  5418
Mg24 	22335.8 	0.128016  1  -2552.96  7810
Mg24 	22335.8 	0.220773  1  2691.91  2389
Mg24 	22335.8 	0.344441  1  3686.91  1408
Mg24 	22335.8 	0.13783  1  2241.95  2788
Mg24 	22335.8 	0.311801  1  -1104.82  6435
Mg24 	22335.8 	0.180339  1  -4160.34  9647
Mg24 	22335.8 	0.217365  1  2386.97  2783
Mg24 	22335.8 	5.00904  1  2150.97  3084
Mg24 	22335.8 	0.129596  1  -4120.1  9594
Mg24 	22335.8 	0.142954  1  1697.29  3535
Mg24 	22335.8 	0.234212  1  -3765.87  9262
Mg24 	22335.8 	0.226713  1  1538.03  3621
Mg24 	22335.8 	0.126995  1  -4328.11  9781
Mg24 	22335.8 	0.364065  1  2576.91  2574
Mg24 	22335.8 	0.555031  1  -3584.15  8788
Mg24 	22335.8 	0.290424  1  2478.59  2780
Mg24 	22335.8 	0.268026  1  2119.01  2982
Mg24 	22335.8 	0.355909  1  -2160.31  7567
Mg24 	22335.8 	0.718163  1  -2799.16  8096
Mg24 	22335.8 	0.346959  1  -2369.29  7554
Mg24 	22335.8 	0.125942  1  -1937.85  7202
Mg24 	22335.8 	0.177174  1  -329.267  5505
Mg24 	22335.8 	0.175428  1  -4465.79  9878
Mg24 	22335.8 	0.5727  1  4825.67  177
Mg24 	22335.8 	0.147534  1  2750.17  2360
Mg24 	22335.8 	0.360586  1  -380.746  5743
Mg24 	22335.8 	0.211543  1  -3246.77  8631
Mg24 	22335.8 	0.423975  1  -3057.85  8306
Mg24 	22335.8 	0.474936  1  2825.22  2237
Mg24 	22335.8 	0.647138  1  1244.5  3832
Mg24 	22335.8 	0.377533  1  -3182.96  8604
Mg24 	22335.8 	0.515524  1  1270.97  3929
Mg24 	22335.8 	0.186334  1  1278.99  3951
Mg24 	22335.8 	0.201995  1  1892.41  3379
Mg24 	22335.8 	0.127181  1  -2155.53  7608
Mg24 	22335.8 	0.201315  1  3052.31  1972
Mg24 	22335.8 	0.214042  1  -4455.9  9999
Mg24 	22335.8 	0.318459  1  4517.2  466
Mg24 	22335.8 	0.140272  1  1251.86  3935
Mg24 	22335.8 	0.132458  1  -2688.24  7918
Mg24 	22335.8 	0.337116  1  -4370.68  9712
Mg24 	22335.8 	0.140627  1  1077.51  4084
Mg24 	22335.8 	0.313388  1  4627.38  410
Mg24 	22335.8 	0.233159  1  -1957.74  7324
Mg24 	22335.8 	0.191346  1  -4566.46  9888
Mg24 	22335.8 	0.16598  1  1829.32  3444
Mg24 	22335.8 	0.150958  1  2584.37  2560
Mg24 	22335.8 	0.870516  1  -4136.77  9692
Mg24 	22335.8 	0.145293  1  1652.17  3625
Mg24 	22335.8 	0.212212  1  -3031.58  8214
Mg24 	22335.8 	0.214129  1  3633.38  1403
Mg24 	22335.8 	0.205551  1  3069.34  2073
