Mg24 	22335.8 	0.148465  1  2626.8  2467
Mg24 	22335.8 	0.367542  1  -2386.47  7816
Mg24 	22335.8 	0.180667  1  2375.35  2734
Mg24 	22335.8 	0.127567  1  -4190.7  9879
Mg24 	22335.8 	0.136385  1  2773.37  2304
Mg24 	22335.8 	0.219611  1  -1895.58  7330
Mg24 	22335.8 	0.143154  1  -173.601  5519
Mg24 	22335.8 	0.268566  1  -2513.27  7839
Mg24 	22335.8 	0.326659  1  4387.79  644
Mg24 	22335.8 	0.251498  1  -4220.73  9743
Mg24 	22335.8 	0.255698  1  4093.05  979
Mg24 	22335.8 	0.374247  1  -3143.16  8612
Mg24 	22335.8 	2.54373  1  -652.983  5999
Mg24 	22335.8 	0.142665  1  3639.03  1400
Mg24 	22335.8 	0.203731  1  -3137.73  8497
Mg24 	22335.8 	0.136345  1  1618.42  3576
Mg24 	22335.8 	0.24488  1  -3044.92  8422
Mg24 	22335.8 	0.793891  1  3495.24  1653
Mg24 	22335.8 	0.520787  1  4844.63  175
Mg24 	22335.8 	0.300373  1  -3467.67  9121
Mg24 	22335.8 	0.170403  1  4001.06  1032
Mg24 	22335.8 	0.16335  1  -4331.58  9847
Mg24 	22335.8 	0.206424  1  -583.899  5868
Mg24 	22335.8 	0.174566  1  -2852  8224
Mg24 	22335.8 	0.168054  1  -3992.9  9427
Mg24 	22335.8 	0.151746  1  -4969.78  10362
Mg24 	22335.8 	0.378887  1  2777.88  2347
Mg24 	22335.8 	0.145705  1  2156.95  2968
Mg24 	22335.8 	0.963189  1  -1198.07  6357
Mg24 	22335.8 	0.221458  1  4512.28  552
Mg24 	22335.8 	0.424089  1  -2264.35  7837
Mg24 	22335.8 	0.484249  1  1598.21  3601
Mg24 	22335.8 	0.156623  1  2193.08  2859
Mg24 	22335.8 	0.21308  1  2413.9  2709
Mg24 	22335.8 	0.193787  1  -769.637  6159
Mg24 	22335.8 	0.474841  1  -2458.33  7755
Mg24 	22335.8 	0.242159  1  299.165  5041
Mg24 	22335.8 	0.169888  1  239.602  4938
Mg24 	22335.8 	0.13063  1  2944.7  2146
Mg24 	22335.8 	0.136446  1  2.53478  5171
Mg24 	22335.8 	0.138637  1  392.478  4733
Mg24 	22335.8 	0.141612  1  4076.67  983
Mg24 	22335.8 	0.196837  1  3813.97  1299
Mg24 	22335.8 	0.166303  1  -4168.25  9702
Mg24 	22335.8 	0.203652  1  1174.96  4030
Mg24 	22335.8 	0.79451  1  2791.78  2273
Mg24 	22335.8 	0.144093  1  1703.79  3501
Mg24 	22335.8 	0.831055  1  -1435.31  6805
Mg24 	22335.8 	0.140182  1  -703.322  5919
Mg24 	22335.8 	0.159571  1  3877.29  1217
Mg24 	22335.8 	0.257034  1  2570.79  2586
Mg24 	22335.8 	0.246628  1  -4216.32  9671
Mg24 	22335.8 	0.233569  1  -2331.97  7701
Mg24 	22335.8 	0.167301  1  -4820.8  10160
Mg24 	22335.8 	0.71608  1  -245.687  5353
Mg24 	22335.8 	0.162216  1  3195.2  1953
Mg24 	22335.8 	0.148816  1  412.36  4885
Mg24 	22335.8 	0.238969  1  827.69  4349
Mg24 	22335.8 	0.310744  1  2110.14  3087
Mg24 	22335.8 	0.162316  1  3259.57  1826
Mg24 	22335.8 	0.384008  1  4472.81  564
Mg24 	22335.8 	0.515017  1  -2714.5  7966
Mg24 	22335.8 	0.171065  1  1156.6  3986
Mg24 	22335.8 	0.212636  1  1120.53  4091
Mg24 	22335.8 	0.271315  1  3593.35  1508
Mg24 	22335.8 	0.247222  1  -1553.91  6919
Mg24 	22335.8 	0.145748  1  -3956.85  9312
Mg24 	22335.8 	0.156023  1  -3084.25  8542
Mg24 	22335.8 	0.149534  1  659.03  4567
Mg24 	22335.8 	0.33856  1  1892.29  3211
Mg24 	22335.8 	0.503181  1  -2776.12  8315
Mg24 	22335.8 	0.137995  1  -1503.06  6802
Mg24 	22335.8 	0.171804  1  788.036  4489
Mg24 	22335.8 	0.199017  1  2011.1  3170
Mg24 	22335.8 	0.319674  1  4725.96  292
Mg24 	22335.8 	0.444648  1  3636.26  1429
Mg24 	22335.8 	0.190054  1  -2636.34  7889
Mg24 	22335.8 	0.168896  1  -1927.4  7202
Mg24 	22335.8 	0.228324  1  585.388  4608
Mg24 	22335.8 	0.133973  1  -3183.29  8441
Mg24 	22335.8 	0.163108  1  4480.88  549
Mg24 	22335.8 	0.908938  1  3195.14  1867
Mg24 	22335.8 	0.154731  1  -1253.85  6697
Mg24 	22335.8 	0.156648  1  3279.21  1796
Mg24 	22335.8 	0.304506  1  2999.31  2148
Mg24 	22335.8 	0.317463  1  -3699.07  8988
Mg24 	22335.8 	0.153473  1  -279.867  5513
Mg24 	22335.8 	0.12747  1  2577.87  2491
Mg24 	22335.8 	0.177155  1  -2255.41  7624
Mg24 	22335.8 	0.273827  1  -4495.88  10125
Mg24 	22335.8 	0.158992  1  548.632  4732
Mg24 	22335.8 	0.211402  1  238.273  5062
Mg24 	22335.8 	0.329363  1  1130.99  4122
Mg24 	22335.8 	0.787478  1  -425.576  5741
Mg24 	22335.8 	0.606377  1  3591.55  1474
Mg24 	22335.8 	0.299993  1  4844.69  149
Mg24 	22335.8 	0.865123  1  4129.59  953
Mg24 	22335.8 	0.155734  1  -3635.6  9254
Mg24 	22335.8 	0.134406  1  -1312.59  6630
Mg24 	22335.8 	0.317155  1  2880.08  2231
Mg24 	22335.8 	0.251071  1  3229.45  1809
Mg24 	22335.8 	0.168035  1  -2346.85  7664
Mg24 	22335.8 	0.162479  1  2778.76  2300
Mg24 	22335.8 	0.743629  1  3341.97  1746
Mg24 	22335.8 	0.346165  1  4605.37  435
Mg24 	22335.8 	0.151322  1  1425.9  3737
Mg24 	22335.8 	0.16066  1  1559.58  3454
Mg24 	22335.8 	0.185712  1  -3169.67  8527
Mg24 	22335.8 	2.06486  1  -4966.93  10510
Mg24 	22335.8 	0.213518  1  -605.015  6059
Mg24 	22335.8 	0.674456  1  -4990.03  10507
Mg24 	22335.8 	0.497032  1  -1260.9  6556
Mg24 	22335.8 	0.459419  1  3632.33  1445
Mg24 	22335.8 	0.161191  1  3706.67  1384
Mg24 	22335.8 	0.179998  1  2928.86  2206
Mg24 	22335.8 	0.293157  1  -4294.89  9946
Mg24 	22335.8 	0.184477  1  972.742  4270
Mg24 	22335.8 	0.66074  1  -3615.03  9071
Mg24 	22335.8 	0.165531  1  -596.528  5814
Mg24 	22335.8 	0.137533  1  -1632.66  7102
Mg24 	22335.8 	0.177399  1  -210.61  5512
Mg24 	22335.8 	0.417513  1  4144.18  895
Mg24 	22335.8 	0.369029  1  2145.83  3020
Mg24 	22335.8 	0.170089  1  -3161.24  8537
Mg24 	22335.8 	0.207327  1  49.5662  5158
Mg24 	22335.8 	0.255815  1  3236.4  1796
Mg24 	22335.8 	0.132907  1  -3443.62  8867
Mg24 	22335.8 	0.233695  1  1777.95  3391
Mg24 	22335.8 	0.158313  1  -908.617  6096
Mg24 	22335.8 	0.142656  1  1409.84  3724
Mg24 	22335.8 	0.16757  1  -2098.54  7573
Mg24 	22335.8 	0.40782  1  3496.36  1612
Mg24 	22335.8 	0.128058  1  3513.83  1554
Mg24 	22335.8 	0.158696  1  4752.91  252
Mg24 	22335.8 	0.266678  1  104.72  5255
Mg24 	22335.8 	0.425539  1  217.476  5026
Mg24 	22335.8 	0.270911  1  -4924.03  10608
Mg24 	22335.8 	0.294559  1  -2078.91  7637
Mg24 	22335.8 	0.184688  1  -1843.93  7176
Mg24 	22335.8 	0.369681  1  4762.75  239
Mg24 	22335.8 	0.206265  1  -3786.48  9158
Mg24 	22335.8 	0.52682  1  158.186  5135
Mg24 	22335.8 	0.22436  1  -2898.9  8301
Mg24 	22335.8 	0.388925  1  3889.98  1170
Mg24 	22335.8 	0.310808  1  338.315  4969
Mg24 	22335.8 	0.137781  1  1692.44  3490
Mg24 	22335.8 	0.380101  1  2259.31  2934
Mg24 	22335.8 	0.166898  1  2796.01  2329
Mg24 	22335.8 	0.14859  1  2510.24  2618
Mg24 	22335.8 	0.368369  1  4296.31  718
Mg24 	22335.8 	0.381043  1  -1617.97  6926
Mg24 	22335.8 	1.61277  1  3472.87  1587
Mg24 	22335.8 	0.150548  1  489.374  4697
Mg24 	22335.8 	1.62894  1  -582.171  5995
Mg24 	22335.8 	0.33073  1  2258.22  2842
Mg24 	22335.8 	0.604904  1  -1876.82  7261
Mg24 	22335.8 	0.159992  1  2671.2  2402
Mg24 	22335.8 	0.597636  1  2178.88  2976
Mg24 	22335.8 	0.137237  1  -695.849  5921
Mg24 	22335.8 	0.21024  1  4072.81  1001
Mg24 	22335.8 	0.14606  1  3483.73  1620
Mg24 	22335.8 	0.587857  1  -2399.25  7759
Mg24 	22335.8 	0.1784  1  2645.5  2390
Mg24 	22335.8 	0.168324  1  530.532  4787
Mg24 	22335.8 	0.152095  1  -1388.75  6632
Mg24 	22335.8 	0.274218  1  69.398  5186
Mg24 	22335.8 	0.13278  1  -3544.76  8952
Mg24 	22335.8 	0.632229  1  2383  2814
Mg24 	22335.8 	0.313019  1  1829.74  3462
Mg24 	22335.8 	0.302832  1  -2499.81  7842
Mg24 	22335.8 	0.260756  1  1313.73  3858
Mg24 	22335.8 	0.170649  1  4465.61  561
Mg24 	22335.8 	0.361526  1  1148.71  3986
Mg24 	22335.8 	0.126711  1  -4663.63  10224
Mg24 	22335.8 	0.324538  1  2441.47  2677
Mg24 	22335.8 	0.706769  1  -1350.59  6545
Mg24 	22335.8 	0.222274  1  -2703.14  8005
Mg24 	22335.8 	0.126089  1  3096.61  1982
Mg24 	22335.8 	0.141969  1  1391.31  3773
Mg24 	22335.8 	0.161818  1  -4026.85  9497
Mg24 	22335.8 	0.336073  1  -2810.54  8229
Mg24 	22335.8 	0.459898  1  -3377.02  9012
Mg24 	22335.8 	0.478744  1  -834.237  6117
Mg24 	22335.8 	0.175017  1  1885.16  3312
Mg24 	22335.8 	0.484205  1  -4134.78  9822
Mg24 	22335.8 	0.173882  1  619.35  4604
Mg24 	22335.8 	0.17088  1  1358.21  3767
Mg24 	22335.8 	0.126504  1  -1066  6303
Mg24 	22335.8 	0.132074  1  -1362.41  6717
Mg24 	22335.8 	0.128816  1  1726.97  3391
Mg24 	22335.8 	0.33898  1  -2775.68  8013
Mg24 	22335.8 	1.69212  1  -1390.36  6637
Mg24 	22335.8 	0.467492  1  2084.05  3085
Mg24 	22335.8 	0.156951  1  -1500.44  6955
Mg24 	22335.8 	0.214819  1  -305.39  5547
Mg24 	22335.8 	0.264934  1  706.309  4427
Mg24 	22335.8 	0.192263  1  -3802.93  9215
Mg24 	22335.8 	0.400319  1  -4976.89  10485
Mg24 	22335.8 	0.135316  1  -457.41  5658
Mg24 	22335.8 	0.159151  1  -535.99  5852
Mg24 	22335.8 	0.133654  1  3172.77  1922
Mg24 	22335.8 	0.25413  1  869.729  4354
Mg24 	22335.8 	0.128101  1  -2561.02  8004
Mg24 	22335.8 	0.194653  1  -4501.97  9906
Mg24 	22335.8 	0.132828  1  -3880.06  9454
Mg24 	22335.8 	0.163677  1  1308.39  3864
Mg24 	22335.8 	2.77412  1  737.179  4670
Mg24 	22335.8 	0.209591  1  1746.36  3484
Mg24 	22335.8 	0.384638  1  -2907.79  8293
Mg24 	22335.8 	0.396682  1  4474.63  520
Mg24 	22335.8 	0.613795  1  -2776.57  8074
Mg24 	22335.8 	0.127257  1  4621.11  390
Mg24 	22335.8 	0.134832  1  -4960.57  10499
Mg24 	22335.8 	0.489346  1  -3498  9085
Mg24 	22335.8 	0.230381  1  156.578  5173
Mg24 	22335.8 	0.150324  1  1930.75  3244
Mg24 	22335.8 	0.344659  1  -800.325  6197
Mg24 	22335.8 	0.399922  1  -4358.48  9821
Mg24 	22335.8 	0.531092  1  -3812.63  9379
Mg24 	22335.8 	0.144724  1  4982.14  16
Mg24 	22335.8 	0.136535  1  -3792.51  9152
Mg24 	22335.8 	0.524734  1  3438.62  1682
Mg24 	22335.8 	0.192195  1  -4372.36  9883
Mg24 	22335.8 	0.133884  1  976.382  4226
Mg24 	22335.8 	2.57553  1  3039.56  2049
Mg24 	22335.8 	0.212009  1  -167.369  5309
Mg24 	22335.8 	0.234608  1  4899.43  110
Mg24 	22335.8 	0.394477  1  -3945.11  9314
Mg24 	22335.8 	0.151821  1  -1746.94  7223
Mg24 	22335.8 	0.227026  1  -3161.11  8606
Mg24 	22335.8 	0.255672  1  -994.23  6407
Mg24 	22335.8 	0.152281  1  3058.68  2070
Mg24 	22335.8 	0.137481  1  4068.04  935
Mg24 	22335.8 	0.176181  1  2512.01  2599
Mg24 	22335.8 	0.167614  1  431.092  4735
Mg24 	22335.8 	0.341576  1  4802.91  199
Mg24 	22335.8 	0.180641  1  -3139.21  8550
Mg24 	22335.8 	0.158986  1  -1656.25  6785
Mg24 	22335.8 	0.133941  1  -3428.68  8743
Mg24 	22335.8 	0.413945  1  -1655.85  6999
Mg24 	22335.8 	0.162309  1  -781.198  6059
Mg24 	22335.8 	0.210654  1  -433.978  5821
Mg24 	22335.8 	0.158444  1  -3315.03  8680
Mg24 	22335.8 	0.191679  1  4389.75  590
Mg24 	22335.8 	0.145713  1  -3817.27  9264
Mg24 	22335.8 	0.16361  1  4391.27  633
Mg24 	22335.8 	0.157544  1  1526.13  3709
Mg24 	22335.8 	0.150103  1  1715.41  3473
Mg24 	22335.8 	0.60353  1  -2473.4  7873
Mg24 	22335.8 	0.136039  1  -507.12  5806
Mg24 	22335.8 	0.477792  1  -3622.86  9074
Mg24 	22335.8 	0.164237  1  -4697.84  10181
Mg24 	22335.8 	0.137164  1  -3440.64  8870
Mg24 	22335.8 	0.259066  1  3000.45  2146
Mg24 	22335.8 	0.227638  1  3505.63  1535
Mg24 	22335.8 	0.14104  1  4223.83  854
Mg24 	22335.8 	0.12681  1  -4754.32  10209
Mg24 	22335.8 	0.128211  1  -3348.33  8757
Mg24 	22335.8 	0.209267  1  -209.768  5555
Mg24 	22335.8 	0.127609  1  -3819.27  9213
Mg24 	22335.8 	0.422451  1  4364.02  680
Mg24 	22335.8 	0.275973  1  -1217.63  6421
Mg24 	22335.8 	0.315448  1  2790.23  2340
Mg24 	22335.8 	0.164153  1  202.767  5079
Mg24 	22335.8 	3.62297  1  -3318.83  8828
Mg24 	22335.8 	0.169552  1  2323.38  2808
Mg24 	22335.8 	0.138298  1  -1766.73  7009
Mg24 	22335.8 	0.129669  1  3540.79  1541
Mg24 	22335.8 	0.272579  1  1079.39  4113
Mg24 	22335.8 	0.191396  1  3019.62  2037
Mg24 	22335.8 	0.317997  1  1983.71  3215
Mg24 	22335.8 	0.13446  1  -2146.63  7389
Mg24 	22335.8 	0.310785  1  -2683.32  7949
Mg24 	22335.8 	0.425124  1  -2678.19  8003
Mg24 	22335.8 	0.317724  1  188.179  5018
Mg24 	22335.8 	0.288131  1  -2128.42  7627
Mg24 	22335.8 	0.377038  1  -4109  9427
Mg24 	22335.8 	0.861587  1  -4959.5  10427
Mg24 	22335.8 	0.253365  1  -4347.22  9727
Mg24 	22335.8 	0.141173  1  4259.39  795
Mg24 	22335.8 	0.299662  1  2817.87  2234
Mg24 	22335.8 	0.15726  1  3906.58  1159
Mg24 	22335.8 	0.151216  1  3895.29  1169
Mg24 	22335.8 	0.143951  1  -2680.33  8083
Mg24 	22335.8 	0.384261  1  3074.07  2036
Mg24 	22335.8 	0.15383  1  -1198.52  6416
Mg24 	22335.8 	0.235145  1  -29.1135  5209
Mg24 	22335.8 	0.295497  1  1537.15  3647
Mg24 	22335.8 	0.448916  1  -189.898  5484
Mg24 	22335.8 	0.128266  1  4990.22  8
Mg24 	22335.8 	0.258066  1  2533.88  2563
Mg24 	22335.8 	0.240032  1  -4557.58  9945
Mg24 	22335.8 	0.307535  1  28.9858  5260
Mg24 	22335.8 	0.161645  1  3613.79  1426
Mg24 	22335.8 	0.247395  1  -3726.7  9128
Mg24 	22335.8 	0.496172  1  -3929.48  9275
Mg24 	22335.8 	0.231238  1  -1707.86  7038
Mg24 	22335.8 	0.161067  1  -2662.85  8024
Mg24 	22335.8 	0.184446  1  1933.81  3080
Mg24 	22335.8 	0.66637  1  -148.228  5447
Mg24 	22335.8 	0.157382  1  -4209.13  9593
Mg24 	22335.8 	0.19163  1  -2667.94  8065
Mg24 	22335.8 	0.314397  1  -982.172  6231
Mg24 	22335.8 	0.162174  1  -865.149  5994
Mg24 	22335.8 	0.19927  1  -820.397  6080
Mg24 	22335.8 	0.192532  1  3670.66  1357
Mg24 	22335.8 	0.158409  1  2721.79  2417
Mg24 	22335.8 	0.131975  1  -4082.33  9420
Mg24 	22335.8 	0.198182  1  1273.44  3930
Mg24 	22335.8 	0.162657  1  -1727.69  7049
Mg24 	22335.8 	0.194202  1  -1545.6  6781
Mg24 	22335.8 	0.886296  1  -4379.35  9983
Mg24 	22335.8 	0.129659  1  -1671.04  6947
Mg24 	22335.8 	0.17246  1  -3800.39  9160
Mg24 	22335.8 	0.31282  1  -487.28  5751
Mg24 	22335.8 	0.155199  1  -2472.13  8051
Mg24 	22335.8 	0.212928  1  3069.4  2034
Mg24 	22335.8 	0.149932  1  2430.88  2746
Mg24 	22335.8 	0.188235  1  2348.22  2760
Mg24 	22335.8 	0.168603  1  123.583  5089
Mg24 	22335.8 	0.126731  1  -3091.61  8687
Mg24 	22335.8 	0.129831  1  1496.54  3686
Mg24 	22335.8 	0.362249  1  -3371.48  8767
Mg24 	22335.8 	0.303022  1  -1149.66  6449
Mg24 	22335.8 	0.148531  1  -3396.93  8797
Mg24 	22335.8 	0.310223  1  1541.53  3609
Mg24 	22335.8 	0.162073  1  -1864.19  7274
Mg24 	22335.8 	0.372349  1  -2963.26  8330
Mg24 	22335.8 	0.185385  1  -3573.83  9068
Mg24 	22335.8 	0.46884  1  1671.41  3474
Mg24 	22335.8 	0.17284  1  2058.93  3119
Mg24 	22335.8 	0.176225  1  -2967.48  8523
Mg24 	22335.8 	0.128151  1  -4454.96  9820
Mg24 	22335.8 	0.136147  1  -1685.03  7066
Mg24 	22335.8 	0.179294  1  1885.4  3293
Mg24 	22335.8 	0.13083  1  689.579  4554
Mg24 	22335.8 	0.169857  1  1460.68  3749
Mg24 	22335.8 	0.268642  1  451.482  4852
Mg24 	22335.8 	0.304912  1  -2305.19  7684
Mg24 	22335.8 	0.32955  1  3669.05  1372
Mg24 	22335.8 	0.476692  1  1689.43  3482
Mg24 	22335.8 	0.138253  1  -2061.26  7580
Mg24 	22335.8 	0.13766  1  -3455.33  8899
Mg24 	22335.8 	0.255636  1  3333.19  1696
Mg24 	22335.8 	0.174118  1  2287.03  2787
Mg24 	22335.8 	0.163635  1  778.729  4493
Mg24 	22335.8 	0.147249  1  -2897.19  8267
Mg24 	22335.8 	0.127607  1  -3896.05  9367
Mg24 	22335.8 	1.14157  1  -3604.48  8845
Mg24 	22335.8 	0.403999  1  -1691.92  7141
Mg24 	22335.8 	0.152181  1  689.515  4538
Mg24 	22335.8 	0.491625  1  -2760.98  8197
Mg24 	22335.8 	0.215917  1  1022.21  4124
Mg24 	22335.8 	0.143599  1  2216.35  2941
Mg24 	22335.8 	0.158494  1  1508.76  3625
Mg24 	22335.8 	0.138814  1  1205.93  3936
Mg24 	22335.8 	0.143573  1  -1508.55  6741
Mg24 	22335.8 	0.569984  1  4701.73  300
Mg24 	22335.8 	0.385805  1  -1795.16  7116
Mg24 	22335.8 	0.222005  1  -4702.41  10445
Mg24 	22335.8 	0.543742  1  -1301.42  6673
Mg24 	22335.8 	0.160087  1  -3142.97  8698
Mg24 	22335.8 	0.161675  1  -3876  9535
Mg24 	22335.8 	0.149371  1  -1335.96  6744
Mg24 	22335.8 	0.307132  1  -1182.66  6596
Mg24 	22335.8 	0.770346  1  1141.93  4044
Mg24 	22335.8 	0.12809  1  -4196.27  9668
Mg24 	22335.8 	0.13038  1  -2742.4  8162
Mg24 	22335.8 	0.715736  1  4229.5  810
Mg24 	22335.8 	0.224987  1  -1236.32  6519
Mg24 	22335.8 	1.97664  1  3412.46  1724
Mg24 	22335.8 	0.183442  1  -3101.4  8306
Mg24 	22335.8 	0.393337  1  -2331.74  7748
Mg24 	22335.8 	0.165231  1  1020.23  4230
Mg24 	22335.8 	0.324077  1  622.758  4592
Mg24 	22335.8 	0.127132  1  1983.1  3281
Mg24 	22335.8 	0.158109  1  2077.53  3074
Mg24 	22335.8 	0.328293  1  -864.104  6142
Mg24 	22335.8 	0.218983  1  4811.53  205
Mg24 	22335.8 	0.150515  1  2233.12  2956
Mg24 	22335.8 	0.155971  1  4859.87  135
Mg24 	22335.8 	0.152058  1  1783.22  3374
Mg24 	22335.8 	0.28413  1  -4987.19  10604
Mg24 	22335.8 	0.241707  1  4923.81  86
Mg24 	22335.8 	0.859879  1  -4544.39  9913
Mg24 	22335.8 	0.183008  1  3995.93  1059
Mg24 	22335.8 	0.288255  1  2147.82  3054
Mg24 	22335.8 	0.335745  1  2873.28  2274
Mg24 	22335.8 	0.401359  1  -2506.4  8041
Mg24 	22335.8 	0.2907  1  -4923.66  10310
Mg24 	22335.8 	0.269486  1  -4233.32  9708
Mg24 	22335.8 	0.175628  1  4654.81  350
Mg24 	22335.8 	0.393376  1  -2093.14  7416
Mg24 	22335.8 	0.478969  1  -2841.42  8231
Mg24 	22335.8 	0.179979  1  4146.94  901
Mg24 	22335.8 	0.172951  1  123.109  5103
Mg24 	22335.8 	0.152763  1  -571.083  5897
Mg24 	22335.8 	0.17529  1  4124.24  897
Mg24 	22335.8 	0.141891  1  1267.48  3816
Mg24 	22335.8 	0.820252  1  -1853.85  7397
Mg24 	22335.8 	0.171057  1  2641.12  2521
Mg24 	22335.8 	0.211082  1  1432.61  3805
Mg24 	22335.8 	0.154962  1  2438.12  2640
Mg24 	22335.8 	0.869514  1  -1255.21  6570
Mg24 	22335.8 	0.200137  1  1210.51  3891
Mg24 	22335.8 	0.435609  1  4049.6  969
Mg24 	22335.8 	0.301647  1  -1466.95  6949
Mg24 	22335.8 	0.177849  1  2618.31  2560
Mg24 	22335.8 	0.136739  1  -4229.93  9719
Mg24 	22335.8 	0.129336  1  -423.6  5743
Mg24 	22335.8 	0.519214  1  4291.18  677
Mg24 	22335.8 	0.161419  1  1245  4046
Mg24 	22335.8 	1.27885  1  4455.75  585
Mg24 	22335.8 	0.249185  1  4418.78  609
Mg24 	22335.8 	0.154906  1  179.619  5110
Mg24 	22335.8 	0.791057  1  339.899  4809
Mg24 	22335.8 	0.216667  1  -3605.21  9086
Mg24 	22335.8 	0.175314  1  -3722.56  9178
Mg24 	22335.8 	0.162202  1  -3528.49  8908
Mg24 	22335.8 	0.18004  1  -4296.07  9844
Mg24 	22335.8 	0.258745  1  -2370.12  7803
Mg24 	22335.8 	0.204594  1  4892.52  98
Mg24 	22335.8 	0.195141  1  2814.82  2315
Mg24 	22335.8 	0.145356  1  -4650.21  10083
Mg24 	22335.8 	0.132597  1  377.36  4863
Mg24 	22335.8 	0.175713  1  3447.05  1669
Mg24 	22335.8 	0.1861  1  820.614  4199
Mg24 	22335.8 	0.236099  1  196.888  5094
Mg24 	22335.8 	0.13474  1  3116.26  1971
Mg24 	22335.8 	0.134338  1  1271.68  4017
Mg24 	22335.8 	0.137963  1  -4123.6  9497
Mg24 	22335.8 	0.920025  1  -866.394  6189
Mg24 	22335.8 	0.162296  1  -3626.2  9074
Mg24 	22335.8 	0.308525  1  -4513.09  9934
Mg24 	22335.8 	0.636582  1  -1457.53  6847
Mg24 	22335.8 	0.176192  1  -1580.67  6854
Mg24 	22335.8 	0.128698  1  1546.32  3582
Mg24 	22335.8 	0.139298  1  409.745  4731
Mg24 	22335.8 	1.40974  1  4791.09  220
Mg24 	22335.8 	0.203598  1  -1968.38  7318
Mg24 	22335.8 	0.561352  1  -3062.33  8403
Mg24 	22335.8 	0.200641  1  1769  3421
Mg24 	22335.8 	0.47326  1  1091.46  4098
Mg24 	22335.8 	0.204012  1  1139.94  4078
Mg24 	22335.8 	0.148625  1  -3479.68  8994
Mg24 	22335.8 	0.169247  1  4435.24  577
Mg24 	22335.8 	0.129063  1  4098.48  918
Mg24 	22335.8 	0.171589  1  -3928.94  9559
Mg24 	22335.8 	1.42497  1  2051.12  3108
Mg24 	22335.8 	0.147417  1  -1950.34  7330
Mg24 	22335.8 	0.29048  1  -1782.5  7176
Mg24 	22335.8 	0.196449  1  3432.09  1660
Mg24 	22335.8 	0.129045  1  1596.3  3603
Mg24 	22335.8 	0.199982  1  -2776.11  8184
Mg24 	22335.8 	0.216184  1  -3908.67  9427
Mg24 	22335.8 	0.229057  1  1037.56  4096
Mg24 	22335.8 	0.135624  1  3594.8  1474
Mg24 	22335.8 	0.880706  1  -3863.38  9246
Mg24 	22335.8 	0.200948  1  2988.88  2086
Mg24 	22335.8 	0.331701  1  -3216.2  8546
Mg24 	22335.8 	0.158188  1  -2639.15  8125
Mg24 	22335.8 	0.180001  1  287.287  4853
Mg24 	22335.8 	0.254284  1  -1514.09  6704
Mg24 	22335.8 	0.217125  1  1434.19  3745
Mg24 	22335.8 	0.213044  1  646.372  4679
Mg24 	22335.8 	0.130761  1  -2294.74  7770
Mg24 	22335.8 	0.204306  1  -459.906  5806
Mg24 	22335.8 	0.129114  1  2461.89  2645
Mg24 	22335.8 	0.138438  1  3990.5  1043
Mg24 	22335.8 	0.131238  1  -3492.36  9014
Mg24 	22335.8 	0.387688  1  -598.301  5859
Mg24 	22335.8 	0.135366  1  -1864.35  7308
Mg24 	22335.8 	0.144366  1  3273.68  1838
Mg24 	22335.8 	0.348516  1  4874.84  132
Mg24 	22335.8 	0.127103  1  -3530.5  8835
Mg24 	22335.8 	0.23061  1  -965.771  6300
Mg24 	22335.8 	0.293031  1  545.044  4722
Mg24 	22335.8 	0.256047  1  -4928.15  10497
Mg24 	22335.8 	0.16137  1  4833.32  180
Mg24 	22335.8 	0.149542  1  -606.302  5811
Mg24 	22335.8 	0.136876  1  263.429  4993
Mg24 	22335.8 	0.130781  1  -1905.69  7250
Mg24 	22335.8 	0.166749  1  2083.49  2987
Mg24 	22335.8 	0.146182  1  -3445.3  8988
Mg24 	22335.8 	0.782167  1  -3278.97  8609
Mg24 	22335.8 	0.136172  1  -4487.79  10217
Mg24 	22335.8 	0.989952  1  -2526.72  7847
Mg24 	22335.8 	0.157719  1  933.928  4292
Mg24 	22335.8 	0.368314  1  3779.99  1301
Mg24 	22335.8 	0.867298  1  3808.01  1308
Mg24 	22335.8 	0.574318  1  2955.88  2177
Mg24 	22335.8 	0.264429  1  2431.59  2671
Mg24 	22335.8 	4.37976  1  -117.475  5339
Mg24 	22335.8 	0.139865  1  -396.613  5604
Mg24 	22335.8 	0.137024  1  -833.05  6194
Mg24 	22335.8 	0.127314  1  3265.7  1828
Mg24 	22335.8 	1.0166  1  -4571.6  10012
Mg24 	22335.8 	0.20182  1  4632.97  390
Mg24 	22335.8 	0.446442  1  -1783.5  6967
Mg24 	22335.8 	0.128644  1  -1646.19  6939
Mg24 	22335.8 	0.317115  1  -1544.59  6798
Mg24 	22335.8 	0.172427  1  -4138.34  9740
Mg24 	22335.8 	0.595242  1  79.1855  5061
Mg24 	22335.8 	0.16834  1  613.976  4601
Mg24 	22335.8 	0.557569  1  -510.45  5673
Mg24 	22335.8 	0.128747  1  -1878.32  7228
Mg24 	22335.8 	0.435535  1  -2906.43  8362
Mg24 	22335.8 	0.161393  1  -1544.22  7059
Mg24 	22335.8 	0.202634  1  -3222.82  8784
Mg24 	22335.8 	0.156722  1  3600.98  1493
Mg24 	22335.8 	0.175932  1  2436  2717
Mg24 	22335.8 	0.276711  1  3475.11  1632
Mg24 	22335.8 	0.151217  1  -657.532  5970
Mg24 	22335.8 	4.83099  1  125.021  5218
Mg24 	22335.8 	0.281805  1  2583.42  2490
Mg24 	22335.8 	0.236479  1  -2985.2  8426
Mg24 	22335.8 	0.343747  1  3188.75  1890
Mg24 	22335.8 	0.152073  1  -4740.62  10299
Mg24 	22335.8 	0.230927  1  -4768.66  10280
Mg24 	22335.8 	0.167856  1  4146.95  956
Mg24 	22335.8 	0.198697  1  -4522.82  10116
Mg24 	22335.8 	0.184281  1  -1946.94  7277
Mg24 	22335.8 	0.142909  1  3141.01  1973
Mg24 	22335.8 	0.37027  1  2140.09  3099
Mg24 	22335.8 	0.149524  1  -203.145  5431
Mg24 	22335.8 	0.16465  1  -1588.98  6952
Mg24 	22335.8 	0.833862  1  573.903  4607
Mg24 	22335.8 	0.324878  1  -4445.28  9976
Mg24 	22335.8 	0.144633  1  -626.847  5899
Mg24 	22335.8 	0.180578  1  -2990.59  8390
Mg24 	22335.8 	0.154519  1  4017.85  1022
Mg24 	22335.8 	0.0596272  1  -105.424  5423
Mg24 	22335.8 	0.167541  1  4340.81  712
Mg24 	22335.8 	0.134276  1  -3575.34  8980
Mg24 	22335.8 	0.168822  1  -190.877  5341
Mg24 	22335.8 	1.90398  1  -3675.81  8909
Mg24 	22335.8 	0.143205  1  -4706.8  10201
Mg24 	22335.8 	0.184549  1  -456.066  5779
Mg24 	22335.8 	0.150429  1  3903.32  1202
Mg24 	22335.8 	0.184425  1  1829.21  3365
Mg24 	22335.8 	0.927276  1  -1511.96  6778
Mg24 	22335.8 	0.135198  1  -1339.56  6644
Mg24 	22335.8 	0.241769  1  3957.73  1077
Mg24 	22335.8 	0.516431  1  -1329.79  6713
Mg24 	22335.8 	0.163527  1  -2223.52  7623
Mg24 	22335.8 	0.220868  1  -1911.52  7264
Mg24 	22335.8 	0.170532  1  3884  1164
Mg24 	22335.8 	0.168748  1  -2305.8  7602
Mg24 	22335.8 	0.141421  1  4738.75  287
Mg24 	22335.8 	0.264214  1  3262.31  1775
Mg24 	22335.8 	0.139716  1  -923.896  6115
Mg24 	22335.8 	0.153633  1  -1089.45  6423
Mg24 	22335.8 	0.150408  1  -4985.35  10491
Mg24 	22335.8 	0.193814  1  -2069.79  7432
Mg24 	22335.8 	0.851557  1  1524.65  3680
Mg24 	22335.8 	3.086  1  -373.146  5678
Mg24 	22335.8 	0.142159  1  3529.27  1580
Mg24 	22335.8 	0.388277  1  -3150.81  8592
Mg24 	22335.8 	0.229746  1  -1265.23  6665
Mg24 	22335.8 	0.153491  1  -1279.56  6541
Mg24 	22335.8 	0.258293  1  3814.49  1154
Mg24 	22335.8 	0.167939  1  1826.2  3407
Mg24 	22335.8 	0.177002  1  -1011.5  6270
Mg24 	22335.8 	0.143371  1  -2340.2  7754
Mg24 	22335.8 	0.308649  1  478.814  4727
Mg24 	22335.8 	0.128579  1  -782.516  6107
Mg24 	22335.8 	0.213895  1  2285.79  2799
Mg24 	22335.8 	0.146924  1  1903.66  3312
Mg24 	22335.8 	0.256936  1  4134.01  923
Mg24 	22335.8 	0.197771  1  3508.76  1575
Mg24 	22335.8 	0.181465  1  2298  2799
Mg24 	22335.8 	0.139407  1  3619.95  1413
Mg24 	22335.8 	0.127737  1  -33.2607  5271
Mg24 	22335.8 	0.209432  1  -754.88  6201
Mg24 	22335.8 	0.202235  1  -1697.3  6913
Mg24 	22335.8 	0.475623  1  945.598  4264
Mg24 	22335.8 	0.786725  1  -1310.23  6677
Mg24 	22335.8 	0.223179  1  -3200.04  8707
Mg24 	22335.8 	0.156692  1  1714.28  3387
Mg24 	22335.8 	0.315537  1  1872.34  3332
Mg24 	22335.8 	0.188554  1  -4085.11  9589
Mg24 	22335.8 	0.255134  1  1560.07  3655
Mg24 	22335.8 	0.132424  1  -3141.91  8803
Mg24 	22335.8 	0.248399  1  2605.06  2439
Mg24 	22335.8 	0.548932  1  3641.51  1473
Mg24 	22335.8 	0.223132  1  -3833.87  9321
Mg24 	22335.8 	0.146682  1  -4134.26  9469
Mg24 	22335.8 	0.180628  1  3282.16  1819
Mg24 	22335.8 	0.215709  1  4259.47  773
Mg24 	22335.8 	0.13259  1  2212.08  3063
Mg24 	22335.8 	0.185934  1  1204.78  4056
Mg24 	22335.8 	0.132401  1  1044.75  4241
Mg24 	22335.8 	0.127591  1  660.104  4526
Mg24 	22335.8 	0.312165  1  614.936  4569
Mg24 	22335.8 	0.126072  1  1495.97  3667
Mg24 	22335.8 	0.144643  1  -3960.9  9460
Mg24 	22335.8 	0.221064  1  2522.63  2563
Mg24 	22335.8 	0.16357  1  -2570.58  7966
Mg24 	22335.8 	0.495398  1  -550.361  5854
Mg24 	22335.8 	0.297349  1  -1589.68  6893
Mg24 	22335.8 	0.258432  1  -1243.29  6607
Mg24 	22335.8 	0.240536  1  -176.232  5434
Mg24 	22335.8 	1.27698  1  -2156.5  7478
Mg24 	22335.8 	0.387022  1  -2612.77  7996
Mg24 	22335.8 	0.158421  1  4428.63  568
Mg24 	22335.8 	0.285246  1  4105.3  947
Mg24 	22335.8 	0.21156  1  -4938.85  10400
Mg24 	22335.8 	0.25241  1  -1711.44  7024
Mg24 	22335.8 	0.179635  1  4372.73  681
Mg24 	22335.8 	0.337878  1  149.539  5045
Mg24 	22335.8 	0.1708  1  2248.11  2883
Mg24 	22335.8 	0.715572  1  3682.73  1418
Mg24 	22335.8 	0.249979  1  2854.09  2271
Mg24 	22335.8 	0.236324  1  2709.79  2384
Mg24 	22335.8 	0.343094  1  -2795.9  8157
Mg24 	22335.8 	0.143899  1  -3794.85  9280
Mg24 	22335.8 	0.367062  1  -3620.36  9033
Mg24 	22335.8 	0.257621  1  4099.78  906
Mg24 	22335.8 	0.13955  1  -2325.1  7692
Mg24 	22335.8 	0.151744  1  3984.87  1062
Mg24 	22335.8 	0.321165  1  3834.62  1224
Mg24 	22335.8 	0.233657  1  2264.72  2866
Mg24 	22335.8 	0.399531  1  4021.13  1076
Mg24 	22335.8 	0.125534  1  73.3022  5324
Mg24 	22335.8 	0.146982  1  -3910.62  9251
Mg24 	22335.8 	0.18577  1  3620.84  1493
Mg24 	22335.8 	0.349821  1  4849.85  162
Mg24 	22335.8 	0.426617  1  -4050.21  9385
Mg24 	22335.8 	0.200043  1  -4076.55  9560
Mg24 	22335.8 	0.540476  1  -4056.55  9419
Mg24 	22335.8 	0.436398  1  -878.567  6107
Mg24 	22335.8 	0.260599  1  1312.91  3708
Mg24 	22335.8 	0.142543  1  1553.67  3601
Mg24 	22335.8 	0.140605  1  1568.65  3689
Mg24 	22335.8 	0.172349  1  -72.2509  5344
Mg24 	22335.8 	0.369508  1  -413.267  5801
Mg24 	22335.8 	0.163749  1  -3207.79  8691
Mg24 	22335.8 	0.223507  1  1349.83  3860
Mg24 	22335.8 	0.181882  1  1772.7  3360
Mg24 	22335.8 	0.33853  1  3448.99  1631
Mg24 	22335.8 	0.585864  1  1558.07  3534
Mg24 	22335.8 	0.229748  1  -1781.7  7085
Mg24 	22335.8 	0.655043  1  2795.42  2265
Mg24 	22335.8 	0.535049  1  4220.7  815
Mg24 	22335.8 	0.161216  1  -4709.4  10218
Mg24 	22335.8 	0.420582  1  -4619.62  10045
Mg24 	22335.8 	0.137656  1  91.8209  5138
Mg24 	22335.8 	0.26455  1  1156.85  4034
Mg24 	22335.8 	0.220106  1  -701.009  5971
Mg24 	22335.8 	0.17546  1  -1765.48  7122
Mg24 	22335.8 	0.773966  1  -1.10505  5359
Mg24 	22335.8 	0.365279  1  -2924.82  8364
Mg24 	22335.8 	0.265357  1  -559.999  5966
Mg24 	22335.8 	0.15118  1  -4159.87  9551
Mg24 	22335.8 	0.390452  1  -2429.12  7758
Mg24 	22335.8 	0.224654  1  1299.96  3862
Mg24 	22335.8 	0.297649  1  -865.88  6141
Mg24 	22335.8 	0.285503  1  1164.96  3901
Mg24 	22335.8 	0.150516  1  -563.08  5856
Mg24 	22335.8 	0.222237  1  4810.08  217
Mg24 	22335.8 	0.65817  1  3782.84  1226
Mg24 	22335.8 	0.15903  1  -4482.88  9918
Mg24 	22335.8 	0.520767  1  -3200.12  8506
Mg24 	22335.8 	0.667662  1  20.5959  5270
Mg24 	22335.8 	0.365178  1  -2309.34  7773
Mg24 	22335.8 	0.155232  1  -1512.75  6802
Mg24 	22335.8 	0.140441  1  207.978  5006
Mg24 	22335.8 	0.149653  1  213.692  4995
Mg24 	22335.8 	0.487079  1  3048.18  2042
Mg24 	22335.8 	0.196529  1  -4922.12  10442
Mg24 	22335.8 	0.154828  1  -3590.79  9078
Mg24 	22335.8 	0.157831  1  1145.07  4059
Mg24 	22335.8 	0.193358  1  1743.56  3401
Mg24 	22335.8 	0.142812  1  -978.165  6180
Mg24 	22335.8 	0.232965  1  -3228.59  8656
Mg24 	22335.8 	0.624454  1  2672.43  2440
Mg24 	22335.8 	0.13436  1  -3918.01  9454
Mg24 	22335.8 	0.256995  1  -2382.51  7865
Mg24 	22335.8 	0.178162  1  -2367.48  7731
Mg24 	22335.8 	0.486808  1  -3152.86  8592
Mg24 	22335.8 	0.195617  1  -2498.22  7962
Mg24 	22335.8 	3.74436  1  1156.99  4040
Mg24 	22335.8 	0.355962  1  3861.88  1147
Mg24 	22335.8 	0.489899  1  -1526.23  6926
Mg24 	22335.8 	0.196743  1  -4845.05  10408
Mg24 	22335.8 	0.174087  1  2127.03  3109
Mg24 	22335.8 	1.61067  1  -3887.74  9350
Mg24 	22335.8 	0.166303  1  -4408.75  9955
Mg24 	22335.8 	0.230241  1  1292.62  3846
Mg24 	22335.8 	0.232026  1  1769.6  3398
Mg24 	22335.8 	0.152141  1  3951.47  1120
Mg24 	22335.8 	0.160189  1  -4067.34  9672
Mg24 	22335.8 	0.350642  1  2895.69  2178
Mg24 	22335.8 	0.129389  1  1327.8  3885
Mg24 	22335.8 	0.163326  1  2370.13  2726
Mg24 	22335.8 	0.23086  1  1966.14  3132
Mg24 	22335.8 	0.155016  1  -3346.15  8667
Mg24 	22335.8 	0.178873  1  -1026.94  6388
Mg24 	22335.8 	0.134901  1  1778.05  3386
Mg24 	22335.8 	1.62254  1  -4349.5  9658
Mg24 	22335.8 	0.206644  1  -45.724  5218
Mg24 	22335.8 	0.366762  1  -1718.07  7090
Mg24 	22335.8 	0.580344  1  -1314.66  6689
Mg24 	22335.8 	0.125742  1  -2762  8195
Mg24 	22335.8 	0.129378  1  837.201  4426
Mg24 	22335.8 	0.171872  1  4303.44  727
Mg24 	22335.8 	0.141736  1  4012.96  1017
Mg24 	22335.8 	0.142225  1  -1473.5  6834
Mg24 	22335.8 	0.218604  1  1174.86  3865
Mg24 	22335.8 	0.233021  1  3750.71  1294
Mg24 	22335.8 	0.337147  1  3617.71  1448
Mg24 	22335.8 	0.14838  1  -3581.55  9118
Mg24 	22335.8 	0.147965  1  2117.13  3008
Mg24 	22335.8 	0.15647  1  1495.27  3617
Mg24 	22335.8 	0.229674  1  980.174  4225
Mg24 	22335.8 	0.315554  1  592.148  4612
Mg24 	22335.8 	0.241852  1  2634.18  2459
Mg24 	22335.8 	0.198046  1  4493.66  527
Mg24 	22335.8 	0.562526  1  -4274.04  9698
Mg24 	22335.8 	0.289285  1  -33.3486  5273
Mg24 	22335.8 	0.170733  1  -368.453  5696
Mg24 	22335.8 	0.214743  1  -3420.42  8879
Mg24 	22335.8 	0.157523  1  2828.34  2359
Mg24 	22335.8 	0.400797  1  681.037  4678
Mg24 	22335.8 	0.511108  1  2763.69  2372
Mg24 	22335.8 	0.131493  1  -982.726  6284
Mg24 	22335.8 	0.173683  1  2737.64  2419
Mg24 	22335.8 	0.14149  1  -191.032  5578
Mg24 	22335.8 	0.151848  1  3648.89  1438
Mg24 	22335.8 	0.161482  1  4502.42  531
Mg24 	22335.8 	0.159494  1  3126.25  1967
Mg24 	22335.8 	0.168068  1  965.483  4288
Mg24 	22335.8 	0.233832  1  3993.31  1053
Mg24 	22335.8 	0.157636  1  -2677.54  8163
Mg24 	22335.8 	0.137437  1  2950.28  2154
Mg24 	22335.8 	0.643852  1  3794.03  1223
Mg24 	22335.8 	0.128229  1  -3450.44  8983
Mg24 	22335.8 	0.265758  1  1020.38  4131
Mg24 	22335.8 	0.13677  1  4520.85  503
Mg24 	22335.8 	0.523513  1  1448.33  3693
Mg24 	22335.8 	0.420557  1  1744.91  3358
Mg24 	22335.8 	0.136655  1  -263.447  5532
Mg24 	22335.8 	0.136601  1  -4963.14  10525
Mg24 	22335.8 	0.169502  1  4646.73  360
Mg24 	22335.8 	0.270474  1  3331.34  1776
Mg24 	22335.8 	0.209868  1  1717.91  3437
Mg24 	22335.8 	0.171948  1  371.263  4790
Mg24 	22335.8 	0.187876  1  1805.83  3280
Mg24 	22335.8 	0.166266  1  -4282.36  9720
Mg24 	22335.8 	0.133883  1  2600.44  2575
Mg24 	22335.8 	0.162481  1  -3446.1  8781
Mg24 	22335.8 	0.244098  1  -4013.74  9458
Mg24 	22335.8 	0.933331  1  -4035.08  9476
Mg24 	22335.8 	0.575345  1  -4465.51  9901
Mg24 	22335.8 	0.263977  1  4541.15  484
Mg24 	22335.8 	0.18359  1  -1970.32  7340
Mg24 	22335.8 	0.220875  1  3562.98  1531
Mg24 	22335.8 	0.210528  1  2650.33  2528
Mg24 	22335.8 	0.198911  1  -2074.38  7554
Mg24 	22335.8 	0.418927  1  -1216.89  6569
Mg24 	22335.8 	0.179921  1  -1230.47  6470
Mg24 	22335.8 	0.151804  1  1899.33  3197
Mg24 	22335.8 	0.451135  1  -655.303  5852
Mg24 	22335.8 	0.146939  1  -3418.15  8787
Mg24 	22335.8 	0.232652  1  -2998.48  8655
Mg24 	22335.8 	0.427635  1  3940.6  1128
Mg24 	22335.8 	1.14584  1  1546.48  3695
Mg24 	22335.8 	0.19703  1  -3255.54  8753
Mg24 	22335.8 	0.12911  1  4077.09  972
Mg24 	22335.8 	0.126424  1  3668.67  1396
Mg24 	22335.8 	0.135061  1  -1043.59  6383
Mg24 	22335.8 	0.306748  1  -1315.49  6604
Mg24 	22335.8 	0.184446  1  1449.58  3699
Mg24 	22335.8 	0.426649  1  -4212.29  9594
Mg24 	22335.8 	0.158129  1  4136.24  924
Mg24 	22335.8 	4.68207  1  -3606.74  8948
Mg24 	22335.8 	0.132911  1  4964.79  47
Mg24 	22335.8 	0.166601  1  2011.46  3092
Mg24 	22335.8 	0.214356  1  -2996.92  8481
Mg24 	22335.8 	0.979667  1  -1002.6  6482
Mg24 	22335.8 	0.448217  1  2849.12  2280
Mg24 	22335.8 	0.357602  1  -4529.59  10016
Mg24 	22335.8 	0.144497  1  4772.59  251
Mg24 	22335.8 	0.246247  1  -3927.28  9224
Mg24 	22335.8 	0.126725  1  -1018.35  6185
Mg24 	22335.8 	0.207704  1  -2969.05  8329
Mg24 	22335.8 	0.191327  1  -4988.23  10551
Mg24 	22335.8 	0.126114  1  553.186  4608
Mg24 	22335.8 	0.369828  1  1751.07  3406
Mg24 	22335.8 	0.152134  1  4219.81  833
Mg24 	22335.8 	0.818599  1  -4085.01  9482
Mg24 	22335.8 	0.145486  1  4.07097  5194
Mg24 	22335.8 	0.221593  1  1734.46  3410
Mg24 	22335.8 	0.330592  1  -3762.38  9465
Mg24 	22335.8 	0.262784  1  -3109.31  8409
Mg24 	22335.8 	0.304043  1  4525.68  451
Mg24 	22335.8 	0.214103  1  -1403.05  6877
Mg24 	22335.8 	0.130012  1  1498.63  3647
Mg24 	22335.8 	0.131255  1  -2668.74  7925
Mg24 	22335.8 	0.340078  1  -4300.31  9769
Mg24 	22335.8 	0.254953  1  -4318.24  9942
Mg24 	22335.8 	0.932116  1  -1534.91  6975
Mg24 	22335.8 	0.149404  1  -445.197  5786
Mg24 	22335.8 	0.48275  1  -4046.47  9615
Mg24 	22335.8 	0.289742  1  264.869  4827
Mg24 	22335.8 	0.241039  1  -3839.42  9368
Mg24 	22335.8 	0.176398  1  4482.78  563
Mg24 	22335.8 	0.28504  1  2213.82  2925
Mg24 	22335.8 	0.135318  1  -3353.81  8733
Mg24 	22335.8 	0.192158  1  464.694  4878
Mg24 	22335.8 	0.947048  1  -4911.45  10528
Mg24 	22335.8 	0.206339  1  -740.983  6113
Mg24 	22335.8 	0.199761  1  -356.214  5563
Mg24 	22335.8 	0.237133  1  2323.6  2882
Mg24 	22335.8 	0.212769  1  2735.35  2232
Mg24 	22335.8 	0.169671  1  3230.94  1883
Mg24 	22335.8 	0.302603  1  4734.69  282
Mg24 	22335.8 	0.374033  1  4875.64  123
Mg24 	22335.8 	0.127658  1  4623.64  427
Mg24 	22335.8 	0.361734  1  68.8863  5269
Mg24 	22335.8 	0.131797  1  1567.54  3578
Mg24 	22335.8 	0.168799  1  689.1  4509
Mg24 	22335.8 	0.837715  1  1426.71  3832
Mg24 	22335.8 	0.207933  1  -3944.27  9437
Mg24 	22335.8 	1.09345  1  1745.16  3301
Mg24 	22335.8 	0.136186  1  2692.7  2358
Mg24 	22335.8 	0.135906  1  4372.59  667
Mg24 	22335.8 	0.135187  1  -2370.57  7756
Mg24 	22335.8 	0.197784  1  -4968.22  10701
Mg24 	22335.8 	0.275433  1  -2382.16  7725
Mg24 	22335.8 	0.252412  1  3121.95  1971
Mg24 	22335.8 	0.179434  1  2399.83  2754
Mg24 	22335.8 	0.137009  1  2130.27  3074
Mg24 	22335.8 	0.133661  1  2288.82  2795
Mg24 	22335.8 	0.240794  1  283.707  4931
Mg24 	22335.8 	0.151153  1  4678.52  346
Mg24 	22335.8 	0.355126  1  4820.54  179
Mg24 	22335.8 	0.136059  1  1165.43  3995
Mg24 	22335.8 	0.126927  1  -362.23  5724
Mg24 	22335.8 	0.329533  1  1297.9  3831
Mg24 	22335.8 	0.306416  1  2233.02  2990
