Mg24 	22335.8 	0.244512  1  1322.84  3925
Mg24 	22335.8 	0.263969  1  265.883  4985
Mg24 	22335.8 	1.70242  1  3297.61  1818
Mg24 	22335.8 	0.163  1  -2339.84  7619
Mg24 	22335.8 	0.148023  1  -3121.79  8412
Mg24 	22335.8 	0.454261  1  3103.79  2007
Mg24 	22335.8 	0.457765  1  2146.78  2971
Mg24 	22335.8 	0.158947  1  1037.66  4180
Mg24 	22335.8 	1.56621  1  -3330.14  8703
Mg24 	22335.8 	0.254644  1  -2503.31  7786
Mg24 	22335.8 	0.172525  1  -3503.62  8813
Mg24 	22335.8 	0.176036  1  -3328.32  8670
Mg24 	22335.8 	0.546977  1  763.005  4329
Mg24 	22335.8 	0.312614  1  -710.026  5976
Mg24 	22335.8 	0.249634  1  -3374.29  8916
Mg24 	22335.8 	0.180251  1  1867.09  3228
Mg24 	22335.8 	0.503061  1  -4714.26  10203
Mg24 	22335.8 	0.138049  1  4275.8  765
Mg24 	22335.8 	0.493669  1  -3079.08  8516
Mg24 	22335.8 	0.218651  1  -1298.13  6527
Mg24 	22335.8 	0.641066  1  1607.14  3556
Mg24 	22335.8 	0.341649  1  3780.12  1337
Mg24 	22335.8 	0.190943  1  -954.576  6199
Mg24 	22335.8 	0.191147  1  2668.51  2515
Mg24 	22335.8 	0.412626  1  2726.18  2482
Mg24 	22335.8 	0.204101  1  -3468.76  8851
Mg24 	22335.8 	0.149694  1  -2550.45  7870
Mg24 	22335.8 	0.169215  1  4754.54  259
Mg24 	22335.8 	0.317635  1  4883.77  127
Mg24 	22335.8 	0.245498  1  3575.72  1383
Mg24 	22335.8 	0.319415  1  -4268.82  9631
Mg24 	22335.8 	0.244176  1  -58.6236  5462
Mg24 	22335.8 	0.188519  1  3513.22  1548
Mg24 	22335.8 	0.253846  1  -1187.83  6513
Mg24 	22335.8 	0.23342  1  -3176.45  8555
Mg24 	22335.8 	0.224285  1  -4443.25  9895
Mg24 	22335.8 	0.233675  1  -4760.3  10152
Mg24 	22335.8 	0.189165  1  -4970.35  10382
Mg24 	22335.8 	0.368786  1  156.392  5136
Mg24 	22335.8 	0.592042  1  -1397.99  6708
Mg24 	22335.8 	0.178665  1  1807.92  3394
Mg24 	22335.8 	0.233155  1  2661.15  2418
Mg24 	22335.8 	0.161139  1  -1157.36  6448
Mg24 	22335.8 	0.196043  1  -1248.35  6451
Mg24 	22335.8 	0.132317  1  -3912.21  9323
Mg24 	22335.8 	0.517644  1  -4365.36  9733
Mg24 	22335.8 	0.234013  1  428.871  4893
Mg24 	22335.8 	0.293279  1  3001.98  2096
Mg24 	22335.8 	0.127647  1  -4852.31  10311
Mg24 	22335.8 	0.138241  1  1974.64  3113
Mg24 	22335.8 	0.193369  1  141.685  5054
Mg24 	22335.8 	0.164667  1  -2986.89  8369
Mg24 	22335.8 	0.159785  1  4830.48  191
Mg24 	22335.8 	0.133219  1  -842.901  6191
Mg24 	22335.8 	0.344461  1  4611.32  407
Mg24 	22335.8 	0.136166  1  4923.36  82
Mg24 	22335.8 	0.322856  1  -2298.14  7636
Mg24 	22335.8 	0.219477  1  -2839.49  8165
Mg24 	22335.8 	0.252996  1  -4509.95  9883
Mg24 	22335.8 	0.71246  1  -568.231  5710
Mg24 	22335.8 	0.286358  1  1689.58  3444
Mg24 	22335.8 	0.275122  1  -3137.88  8568
Mg24 	22335.8 	0.146572  1  -3242.68  8661
Mg24 	22335.8 	0.17977  1  3290.13  1807
Mg24 	22335.8 	0.154338  1  -2528.02  7731
Mg24 	22335.8 	0.146601  1  4319.24  660
Mg24 	22335.8 	0.369924  1  3829.53  1180
Mg24 	22335.8 	0.170984  1  -3091.15  8477
Mg24 	22335.8 	0.163117  1  3661.14  1411
Mg24 	22335.8 	0.137617  1  -1563.11  6747
Mg24 	22335.8 	0.231775  1  -1738.88  6997
Mg24 	22335.8 	1.06451  1  -2676.93  7924
Mg24 	22335.8 	0.22158  1  -251.204  5544
Mg24 	22335.8 	0.516995  1  -2113.78  7557
Mg24 	22335.8 	0.200792  1  -1959.04  7243
Mg24 	22335.8 	0.202627  1  -309.872  5623
Mg24 	22335.8 	0.138625  1  3898.81  1158
Mg24 	22335.8 	0.142505  1  -2415.42  7767
Mg24 	22335.8 	0.179812  1  1925.61  3212
Mg24 	22335.8 	0.194093  1  -814.629  6021
Mg24 	22335.8 	0.70553  1  -3876.33  9188
Mg24 	22335.8 	0.139615  1  2083.1  3121
Mg24 	22335.8 	0.230131  1  4748.83  253
Mg24 	22335.8 	2.46938  1  -498.838  5773
Mg24 	22335.8 	0.276467  1  1217.76  4001
Mg24 	22335.8 	0.320908  1  -4924.44  10478
Mg24 	22335.8 	0.129951  1  -773.699  5848
Mg24 	22335.8 	0.188148  1  2703.95  2366
Mg24 	22335.8 	0.130746  1  -1731.59  6993
Mg24 	22335.8 	0.216684  1  3895.87  1185
Mg24 	22335.8 	0.182293  1  1178.97  4081
Mg24 	22335.8 	0.232055  1  -4772.46  10456
Mg24 	22335.8 	0.556238  1  -88.6182  5252
Mg24 	22335.8 	0.172512  1  -1190.5  6401
Mg24 	22335.8 	0.15715  1  1687.96  3499
Mg24 	22335.8 	0.142295  1  -1618.35  6934
Mg24 	22335.8 	0.12758  1  4718.1  271
Mg24 	22335.8 	0.622214  1  4812.33  198
Mg24 	22335.8 	0.313745  1  -1828.47  7189
Mg24 	22335.8 	0.253706  1  -557.662  5773
Mg24 	22335.8 	0.295227  1  -4193.9  9713
Mg24 	22335.8 	0.200889  1  -3814.73  9199
Mg24 	22335.8 	0.137847  1  844.057  4392
Mg24 	22335.8 	0.291266  1  -380.709  5632
Mg24 	22335.8 	0.160784  1  84.5533  5207
Mg24 	22335.8 	0.142939  1  1322.84  3784
Mg24 	22335.8 	0.345677  1  1579.38  3669
Mg24 	22335.8 	0.291425  1  3376.4  1650
Mg24 	22335.8 	0.189073  1  409.428  4870
Mg24 	22335.8 	0.126987  1  4648.82  370
Mg24 	22335.8 	0.142956  1  1575.87  3630
Mg24 	22335.8 	0.25876  1  -1477.87  6722
Mg24 	22335.8 	0.224524  1  4262.16  789
Mg24 	22335.8 	0.192346  1  1386.84  3779
Mg24 	22335.8 	0.528394  1  4123.3  914
Mg24 	22335.8 	0.214176  1  -3493.82  8851
Mg24 	22335.8 	0.149692  1  386.167  4833
Mg24 	22335.8 	0.154228  1  -2992.8  8321
Mg24 	22335.8 	0.135093  1  2103.44  3064
Mg24 	22335.8 	0.176171  1  -879.602  6231
Mg24 	22335.8 	0.167781  1  4966.38  36
Mg24 	22335.8 	0.237464  1  2633.55  2401
Mg24 	22335.8 	0.95599  1  3974.22  1115
Mg24 	22335.8 	0.784924  1  4492.8  508
Mg24 	22335.8 	0.13405  1  -2885.71  8186
Mg24 	22335.8 	0.146216  1  -2988.99  8274
Mg24 	22335.8 	0.246707  1  3213.01  1847
Mg24 	22335.8 	0.170444  1  -2900.79  8294
Mg24 	22335.8 	0.126186  1  -4770.98  10289
Mg24 	22335.8 	0.29317  1  -2846.56  8171
Mg24 	22335.8 	0.279935  1  -876.078  6143
Mg24 	22335.8 	0.164464  1  3288.22  1777
Mg24 	22335.8 	0.237028  1  4246.95  825
Mg24 	22335.8 	0.296803  1  -4968.6  10638
Mg24 	22335.8 	0.14593  1  3542.48  1484
Mg24 	22335.8 	0.151415  1  -839.823  5978
Mg24 	22335.8 	0.189565  1  -3258.55  8576
Mg24 	22335.8 	0.234984  1  -1670.72  6968
Mg24 	22335.8 	0.777206  1  -1903.65  7162
Mg24 	22335.8 	0.146642  1  -4296.85  9767
Mg24 	22335.8 	0.220972  1  -4521.6  9909
Mg24 	22335.8 	0.230129  1  757.354  4351
Mg24 	22335.8 	0.671708  1  -3822.06  9421
Mg24 	22335.8 	1.07223  1  -4581.17  9906
Mg24 	22335.8 	1.23519  1  3433.55  1650
Mg24 	22335.8 	0.151312  1  -4197.07  9709
Mg24 	22335.8 	0.18192  1  -878.354  5926
Mg24 	22335.8 	0.132409  1  -4811.99  10188
Mg24 	22335.8 	0.186097  1  2532.02  2603
Mg24 	22335.8 	0.248681  1  947.939  4274
Mg24 	22335.8 	0.260008  1  1784.57  3447
Mg24 	22335.8 	0.583309  1  -478.548  5672
Mg24 	22335.8 	1.18593  1  -1794.55  7065
Mg24 	22335.8 	0.269099  1  1096.5  4023
Mg24 	22335.8 	0.183483  1  657.923  4490
Mg24 	22335.8 	0.198997  1  3389.81  1716
Mg24 	22335.8 	0.379756  1  2927.15  2180
Mg24 	22335.8 	0.237559  1  4310.48  749
Mg24 	22335.8 	0.209349  1  4367.58  614
Mg24 	22335.8 	0.159323  1  2273.46  2861
Mg24 	22335.8 	0.165987  1  4141.74  949
Mg24 	22335.8 	0.993925  1  -3066.02  8412
Mg24 	22335.8 	1.17184  1  1804.24  3334
Mg24 	22335.8 	0.183001  1  207.805  4934
Mg24 	22335.8 	0.376773  1  -1844.72  7062
Mg24 	22335.8 	0.210249  1  -2146.75  7418
Mg24 	22335.8 	0.130385  1  -429.959  5693
Mg24 	22335.8 	0.272655  1  -1049.61  6270
Mg24 	22335.8 	0.304544  1  2471.79  2660
Mg24 	22335.8 	0.130904  1  -2039.53  7438
Mg24 	22335.8 	0.131133  1  4102.94  913
Mg24 	22335.8 	0.588211  1  4823.33  164
Mg24 	22335.8 	0.243424  1  379.797  4820
Mg24 	22335.8 	0.223219  1  3711.42  1330
Mg24 	22335.8 	0.128839  1  3703.42  1370
Mg24 	22335.8 	0.1376  1  3495.56  1607
Mg24 	22335.8 	0.820181  1  -1482.94  6776
Mg24 	22335.8 	0.144542  1  -4673.1  10177
Mg24 	22335.8 	0.250914  1  -2138.5  7408
Mg24 	22335.8 	0.170797  1  603.427  4642
Mg24 	22335.8 	0.208898  1  -207.578  5359
Mg24 	22335.8 	0.184165  1  -3317.42  8759
Mg24 	22335.8 	0.186734  1  -2903.86  8338
Mg24 	22335.8 	0.182077  1  1684.31  3438
Mg24 	22335.8 	0.747178  1  2103.41  2920
Mg24 	22335.8 	0.163635  1  2374.41  2688
Mg24 	22335.8 	0.677943  1  3992.58  1067
Mg24 	22335.8 	0.172591  1  3275.26  1841
Mg24 	22335.8 	0.199607  1  -495.598  5770
Mg24 	22335.8 	0.148329  1  3552.72  1539
Mg24 	22335.8 	0.185088  1  2928.14  2149
Mg24 	22335.8 	0.209355  1  -1747.31  6994
Mg24 	22335.8 	9.04074  1  742.271  4463
Mg24 	22335.8 	0.164792  1  1264.51  3875
Mg24 	22335.8 	0.28708  1  2751.58  2340
Mg24 	22335.8 	0.242904  1  -4942.37  10231
Mg24 	22335.8 	0.979184  1  -429.212  5601
Mg24 	22335.8 	0.204687  1  532.31  4860
Mg24 	22335.8 	1.02744  1  -2082.54  7569
Mg24 	22335.8 	0.378894  1  -435.879  5673
Mg24 	22335.8 	0.205722  1  -115.557  5234
Mg24 	22335.8 	0.135239  1  3136.2  1934
Mg24 	22335.8 	0.129362  1  -2292.53  7552
Mg24 	22335.8 	0.34361  1  -109.666  5385
Mg24 	22335.8 	0.128949  1  -4484.51  10095
Mg24 	22335.8 	0.323029  1  1310.91  3983
Mg24 	22335.8 	0.183888  1  4874.54  137
Mg24 	22335.8 	2.40282  1  3709.43  1367
Mg24 	22335.8 	0.213104  1  3127.22  2077
Mg24 	22335.8 	0.292199  1  -849.596  6092
Mg24 	22335.8 	0.232112  1  -993.429  6281
Mg24 	22335.8 	0.742692  1  -238.14  5443
Mg24 	22335.8 	0.154868  1  954.109  4192
Mg24 	22335.8 	0.127304  1  144.512  5053
Mg24 	22335.8 	0.140427  1  746.895  4504
Mg24 	22335.8 	0.1434  1  -1015.11  6219
Mg24 	22335.8 	0.126426  1  -857.507  6201
Mg24 	22335.8 	0.502268  1  3945.71  1066
Mg24 	22335.8 	0.281444  1  -1731.87  6873
Mg24 	22335.8 	0.310839  1  -3698.72  9268
Mg24 	22335.8 	1.04152  1  -3452.7  8762
Mg24 	22335.8 	0.226982  1  3897.76  1164
Mg24 	22335.8 	0.584576  1  2925.4  2226
Mg24 	22335.8 	0.135868  1  935.555  4199
Mg24 	22335.8 	1.2493  1  2074.96  3060
Mg24 	22335.8 	0.47623  1  2739.08  2423
Mg24 	22335.8 	0.382503  1  615.376  4587
Mg24 	22335.8 	0.176032  1  -2622.57  8014
Mg24 	22335.8 	0.1394  1  -1921.38  7172
Mg24 	22335.8 	0.175545  1  3351.38  1716
Mg24 	22335.8 	0.269828  1  -366.571  5699
Mg24 	22335.8 	0.128993  1  -541.927  5875
Mg24 	22335.8 	0.155765  1  -3441.24  8888
Mg24 	22335.8 	0.361911  1  -865.616  6067
Mg24 	22335.8 	0.252833  1  -787.456  5967
Mg24 	22335.8 	0.140337  1  -2388.07  7549
Mg24 	22335.8 	0.493305  1  3564.21  1485
Mg24 	22335.8 	0.133635  1  3315.54  1771
Mg24 	22335.8 	0.197145  1  -2832.61  8049
Mg24 	22335.8 	0.26124  1  3782.62  1277
Mg24 	22335.8 	0.571738  1  232.629  4969
Mg24 	22335.8 	0.28034  1  -1138.6  6389
Mg24 	22335.8 	0.413896  1  -2342.74  7660
Mg24 	22335.8 	0.816263  1  -2254.03  7537
Mg24 	22335.8 	0.126497  1  -1674.83  7057
Mg24 	22335.8 	0.277377  1  2931.5  2186
Mg24 	22335.8 	0.148204  1  4919.48  97
Mg24 	22335.8 	0.132035  1  -2584.88  8000
Mg24 	22335.8 	0.368953  1  3327.44  1821
Mg24 	22335.8 	0.214725  1  -974.897  6175
Mg24 	22335.8 	0.141395  1  1577.21  3588
Mg24 	22335.8 	1.23048  1  3912.01  1163
Mg24 	22335.8 	0.340274  1  2216.82  2874
Mg24 	22335.8 	0.40489  1  -761.945  6039
Mg24 	22335.8 	0.136999  1  1155.87  4079
Mg24 	22335.8 	0.161567  1  -1109.68  6307
Mg24 	22335.8 	0.865123  1  -42.5798  5244
Mg24 	22335.8 	0.150197  1  4505.06  528
Mg24 	22335.8 	0.163248  1  3110.59  2012
Mg24 	22335.8 	2.18695  1  20.6158  5363
Mg24 	22335.8 	0.17031  1  4627.92  402
Mg24 	22335.8 	0.146471  1  1020.89  4089
Mg24 	22335.8 	0.347857  1  1634.86  3480
Mg24 	22335.8 	0.343147  1  -3929.61  9437
Mg24 	22335.8 	0.487893  1  -4747.79  10189
Mg24 	22335.8 	0.521193  1  -2700.86  7943
Mg24 	22335.8 	0.33807  1  -1395.59  6645
Mg24 	22335.8 	0.22117  1  -3510.1  8924
Mg24 	22335.8 	0.183059  1  4579.94  439
Mg24 	22335.8 	0.328056  1  4135.07  908
Mg24 	22335.8 	1.84685  1  -2442.25  7726
Mg24 	22335.8 	0.190346  1  -3908.31  9369
Mg24 	22335.8 	0.219813  1  -2309.05  7514
Mg24 	22335.8 	0.324065  1  1972.84  3174
Mg24 	22335.8 	0.177207  1  -448.238  5594
Mg24 	22335.8 	0.264529  1  3507.71  1542
Mg24 	22335.8 	0.209411  1  -4482.15  10009
Mg24 	22335.8 	0.211593  1  2560.49  2513
Mg24 	22335.8 	0.151439  1  -4752.29  10358
Mg24 	22335.8 	0.229385  1  622.671  4533
Mg24 	22335.8 	0.233839  1  463.489  4733
Mg24 	22335.8 	0.14843  1  -3828.88  9349
Mg24 	22335.8 	0.709818  1  -1768.19  7165
Mg24 	22335.8 	0.335056  1  -201.812  5337
Mg24 	22335.8 	0.173754  1  -4376.01  9632
Mg24 	22335.8 	0.398475  1  -1128.38  6370
Mg24 	22335.8 	0.156603  1  2206.4  2898
Mg24 	22335.8 	0.13227  1  -2995.85  8517
Mg24 	22335.8 	0.150597  1  4220.16  893
Mg24 	22335.8 	0.211786  1  -1153.7  6422
Mg24 	22335.8 	0.278531  1  4127.08  913
Mg24 	22335.8 	0.322643  1  -3530.97  8798
Mg24 	22335.8 	0.320675  1  -3904.29  9393
Mg24 	22335.8 	0.428993  1  -3873.79  9347
Mg24 	22335.8 	0.233339  1  2392.09  2786
Mg24 	22335.8 	0.254183  1  2414.84  2789
Mg24 	22335.8 	0.130361  1  3499.56  1598
Mg24 	22335.8 	0.346219  1  1275.31  3926
Mg24 	22335.8 	0.268147  1  -2671.79  8014
Mg24 	22335.8 	0.382847  1  632.405  4541
Mg24 	22335.8 	0.524653  1  442.02  4773
Mg24 	22335.8 	0.132274  1  2901.77  2089
Mg24 	22335.8 	0.176165  1  4820.01  162
Mg24 	22335.8 	0.500437  1  1767.32  3380
Mg24 	22335.8 	0.168294  1  244.203  4998
Mg24 	22335.8 	0.242601  1  -740.993  6007
Mg24 	22335.8 	0.377294  1  -986.566  6262
Mg24 	22335.8 	0.166449  1  -2535.39  7852
Mg24 	22335.8 	0.216436  1  -4945.4  10304
Mg24 	22335.8 	0.206385  1  -4717.38  10046
Mg24 	22335.8 	0.153827  1  -3330.71  8662
Mg24 	22335.8 	0.137949  1  2438.25  2636
Mg24 	22335.8 	0.273723  1  2452.96  2605
Mg24 	22335.8 	0.163594  1  -1735.94  7011
Mg24 	22335.8 	0.157307  1  1133.18  4042
Mg24 	22335.8 	0.232698  1  -3430.48  8836
Mg24 	22335.8 	0.1491  1  -936.999  6219
Mg24 	22335.8 	0.168697  1  -3521  8955
Mg24 	22335.8 	0.155833  1  3372.81  1666
Mg24 	22335.8 	0.469829  1  -981.718  6362
Mg24 	22335.8 	1.1029  1  -3504.95  8955
Mg24 	22335.8 	0.130994  1  623.042  4707
Mg24 	22335.8 	0.232781  1  -2366.61  7729
Mg24 	22335.8 	0.250835  1  472.983  4694
Mg24 	22335.8 	0.171939  1  -2259.79  7609
Mg24 	22335.8 	0.424661  1  -4231.27  9788
Mg24 	22335.8 	0.267973  1  -4339.92  9714
Mg24 	22335.8 	0.517547  1  -1431.84  6864
Mg24 	22335.8 	0.166348  1  -2280.21  7670
Mg24 	22335.8 	0.224005  1  3905.12  1101
Mg24 	22335.8 	0.335508  1  -1962.99  7217
Mg24 	22335.8 	0.13861  1  -4798.56  10115
Mg24 	22335.8 	0.145156  1  -4152.34  9662
Mg24 	22335.8 	0.180878  1  2807.48  2256
Mg24 	22335.8 	0.181715  1  2441.96  2729
Mg24 	22335.8 	0.345925  1  -2296.91  7442
Mg24 	22335.8 	0.232006  1  -1359.61  6682
Mg24 	22335.8 	0.176775  1  4500.99  523
Mg24 	22335.8 	0.868874  1  4089.28  919
Mg24 	22335.8 	0.187503  1  1293.64  3885
Mg24 	22335.8 	0.141974  1  -2603.28  7882
Mg24 	22335.8 	0.230264  1  3124.2  2004
Mg24 	22335.8 	0.179531  1  -2073.78  7527
Mg24 	22335.8 	0.301727  1  -2386.32  7847
Mg24 	22335.8 	0.137063  1  3018.62  2102
Mg24 	22335.8 	0.369201  1  850.639  4215
Mg24 	22335.8 	0.374008  1  2279.12  2911
Mg24 	22335.8 	0.240613  1  -4089.19  9395
Mg24 	22335.8 	0.429669  1  1453.85  3677
Mg24 	22335.8 	0.227896  1  1951.02  3181
Mg24 	22335.8 	0.185052  1  -3028.76  8614
Mg24 	22335.8 	0.146914  1  4719.91  273
Mg24 	22335.8 	0.145537  1  3470.67  1637
Mg24 	22335.8 	0.134581  1  3710.21  1325
Mg24 	22335.8 	0.507581  1  -2832.99  8154
Mg24 	22335.8 	0.149641  1  1162.23  4018
Mg24 	22335.8 	0.665865  1  -1974.88  7275
Mg24 	22335.8 	0.265166  1  -1622.15  6937
Mg24 	22335.8 	0.234524  1  -1856.57  7134
Mg24 	22335.8 	0.156901  1  3509.77  1624
Mg24 	22335.8 	0.20428  1  -2172.51  7496
Mg24 	22335.8 	0.234771  1  -1577.92  6880
Mg24 	22335.8 	0.162589  1  -1026.93  6338
Mg24 	22335.8 	0.242702  1  469.148  4720
Mg24 	22335.8 	0.323145  1  3596.9  1406
Mg24 	22335.8 	0.234526  1  -2151.48  7720
Mg24 	22335.8 	0.232128  1  59.583  5067
Mg24 	22335.8 	0.19514  1  3486.81  1633
Mg24 	22335.8 	0.151736  1  1188.27  4080
Mg24 	22335.8 	0.516335  1  308.108  4865
Mg24 	22335.8 	0.456986  1  -817.137  6067
Mg24 	22335.8 	0.253638  1  -4511.69  9886
Mg24 	22335.8 	0.128971  1  -4597.07  9958
Mg24 	22335.8 	0.385655  1  2658.79  2394
Mg24 	22335.8 	4.38125  1  4008.63  1010
Mg24 	22335.8 	0.208127  1  895.224  4271
Mg24 	22335.8 	0.150358  1  -2932.81  8157
Mg24 	22335.8 	0.199555  1  -18.2931  5407
Mg24 	22335.8 	0.12863  1  3672.22  1396
Mg24 	22335.8 	0.472814  1  -673.117  5977
Mg24 	22335.8 	0.165762  1  -1073.7  6355
Mg24 	22335.8 	0.134368  1  2816.89  2281
Mg24 	22335.8 	0.149561  1  -4000.05  9490
Mg24 	22335.8 	0.165401  1  -3341.86  8739
Mg24 	22335.8 	0.140866  1  1.85737  4968
Mg24 	22335.8 	0.38912  1  -2477.92  7639
Mg24 	22335.8 	0.149581  1  -105.29  5340
Mg24 	22335.8 	0.154961  1  2490.02  2563
Mg24 	22335.8 	0.140153  1  -3051.24  8490
Mg24 	22335.8 	0.160657  1  -2541.18  7883
Mg24 	22335.8 	0.468653  1  -1605.14  6870
Mg24 	22335.8 	0.13948  1  1857.16  3338
Mg24 	22335.8 	0.374998  1  3796.74  1247
Mg24 	22335.8 	0.169239  1  3291.36  1815
Mg24 	22335.8 	0.171291  1  4242.79  797
Mg24 	22335.8 	0.236616  1  -498.571  5819
Mg24 	22335.8 	0.482306  1  3204.55  1769
Mg24 	22335.8 	0.132352  1  4512.78  493
Mg24 	22335.8 	0.390903  1  311.562  4920
Mg24 	22335.8 	0.702051  1  930.968  4240
Mg24 	22335.8 	0.173157  1  -3753.25  9020
Mg24 	22335.8 	0.284386  1  4162.65  890
Mg24 	22335.8 	0.227826  1  4044.24  966
Mg24 	22335.8 	0.35508  1  4511.11  542
Mg24 	22335.8 	0.226766  1  -2239.65  7537
Mg24 	22335.8 	0.143743  1  3141.54  1885
Mg24 	22335.8 	0.286324  1  635.397  4453
Mg24 	22335.8 	0.603908  1  4569.23  441
Mg24 	22335.8 	0.185777  1  1015.36  4250
Mg24 	22335.8 	0.304604  1  -4154.3  9440
Mg24 	22335.8 	0.248751  1  -4336.62  9740
Mg24 	22335.8 	0.250558  1  2506.67  2643
Mg24 	22335.8 	0.128015  1  4203.14  816
Mg24 	22335.8 	0.167821  1  1284.45  3892
Mg24 	22335.8 	0.528465  1  -3671.59  9117
Mg24 	22335.8 	0.160554  1  4879.66  139
Mg24 	22335.8 	0.665482  1  -4662.98  9948
Mg24 	22335.8 	1.49347  1  843.247  4292
Mg24 	22335.8 	0.401794  1  2824.07  2308
Mg24 	22335.8 	0.217764  1  3101.55  1925
Mg24 	22335.8 	0.183033  1  -1563.58  6739
Mg24 	22335.8 	0.184056  1  3757.25  1325
Mg24 	22335.8 	0.328995  1  -2233.48  7622
Mg24 	22335.8 	1.53543  1  -2634.96  7978
Mg24 	22335.8 	0.399485  1  2638.67  2408
Mg24 	22335.8 	0.176572  1  2445.87  2677
Mg24 	22335.8 	0.134379  1  4943.06  67
Mg24 	22335.8 	0.15836  1  -1180.44  6363
Mg24 	22335.8 	0.144522  1  4086.73  926
Mg24 	22335.8 	0.228026  1  3095.33  1925
Mg24 	22335.8 	0.167788  1  -220.858  5431
Mg24 	22335.8 	0.169969  1  -4762.11  10301
Mg24 	22335.8 	0.17627  1  -3186.16  8461
Mg24 	22335.8 	0.976689  1  -1315.27  6584
Mg24 	22335.8 	0.159097  1  3840.31  1229
Mg24 	22335.8 	0.140795  1  -4820.45  10121
Mg24 	22335.8 	0.148193  1  2699.7  2403
Mg24 	22335.8 	0.29805  1  -3135.31  8799
Mg24 	22335.8 	0.173918  1  3608.74  1521
Mg24 	22335.8 	0.245663  1  -970.047  6295
Mg24 	22335.8 	0.195562  1  1465.93  3676
Mg24 	22335.8 	0.134967  1  -3432.52  8903
Mg24 	22335.8 	0.130741  1  -2951.04  8300
Mg24 	22335.8 	0.158964  1  4781.26  234
Mg24 	22335.8 	0.169276  1  -1407.82  6824
Mg24 	22335.8 	0.14191  1  1102.05  4013
Mg24 	22335.8 	0.705045  1  1204.4  4028
Mg24 	22335.8 	1.28557  1  2604.88  2434
Mg24 	22335.8 	1.14412  1  -1890.04  7112
Mg24 	22335.8 	0.219603  1  -1117.19  6412
Mg24 	22335.8 	0.333624  1  2478.38  2718
Mg24 	22335.8 	1.21908  1  122.711  5089
Mg24 	22335.8 	0.252455  1  -2183.2  7503
Mg24 	22335.8 	0.214593  1  -4887.41  10271
Mg24 	22335.8 	0.55498  1  -1580.78  6924
Mg24 	22335.8 	0.290293  1  1728.7  3464
Mg24 	22335.8 	0.152813  1  -2777.6  8159
Mg24 	22335.8 	0.609141  1  781.591  4356
Mg24 	22335.8 	0.278502  1  -1411.27  6865
Mg24 	22335.8 	0.239413  1  -3480.39  8776
Mg24 	22335.8 	0.220726  1  3502.2  1495
Mg24 	22335.8 	0.357654  1  -4024.73  9353
Mg24 	22335.8 	0.174089  1  -19.4827  5293
Mg24 	22335.8 	0.24568  1  -4914.68  10384
Mg24 	22335.8 	0.305315  1  -4372.58  9657
Mg24 	22335.8 	0.171713  1  1692.92  3520
Mg24 	22335.8 	0.256959  1  -4070.62  9430
Mg24 	22335.8 	0.326739  1  1607.9  3602
Mg24 	22335.8 	0.204153  1  -2000.37  7175
Mg24 	22335.8 	0.126508  1  1836.72  3322
Mg24 	22335.8 	0.203244  1  1251.83  3914
Mg24 	22335.8 	0.167482  1  -4723.06  10174
Mg24 	22335.8 	0.180893  1  -1568.57  6792
Mg24 	22335.8 	0.229847  1  -4763.34  10208
Mg24 	22335.8 	0.95982  1  3189.65  1791
Mg24 	22335.8 	0.142764  1  -4746.85  10021
Mg24 	22335.8 	0.13467  1  3327.22  1768
Mg24 	22335.8 	0.139258  1  -3254.25  8465
Mg24 	22335.8 	0.139694  1  -476.197  5660
Mg24 	22335.8 	0.243913  1  -1345.19  6644
Mg24 	22335.8 	0.324212  1  3047.75  2010
Mg24 	22335.8 	0.514774  1  -1275.53  6641
Mg24 	22335.8 	0.251018  1  -230.016  5327
Mg24 	22335.8 	0.180969  1  4839.86  183
Mg24 	22335.8 	0.285675  1  -3413.31  8793
Mg24 	22335.8 	0.20007  1  -1278.76  6685
Mg24 	22335.8 	0.539802  1  1409.04  3719
Mg24 	22335.8 	0.234756  1  -2869.16  8123
Mg24 	22335.8 	0.686435  1  1409.94  3755
Mg24 	22335.8 	0.133973  1  435.041  4760
Mg24 	22335.8 	0.269212  1  12.4457  5262
Mg24 	22335.8 	0.241606  1  -979.42  6288
Mg24 	22335.8 	0.132752  1  -1720.79  6890
Mg24 	22335.8 	0.125946  1  2155.22  2961
Mg24 	22335.8 	0.152896  1  4704.67  332
Mg24 	22335.8 	0.159331  1  1040.7  4200
Mg24 	22335.8 	0.136165  1  2967.12  2178
Mg24 	22335.8 	0.167338  1  2128.83  2981
Mg24 	22335.8 	0.19299  1  -796.187  5980
Mg24 	22335.8 	0.243982  1  4985.11  14
Mg24 	22335.8 	0.348136  1  -1597.83  6853
Mg24 	22335.8 	0.356875  1  -4174.19  9464
Mg24 	22335.8 	0.131519  1  -3870.47  9270
Mg24 	22335.8 	0.677631  1  -2493.88  7827
Mg24 	22335.8 	0.405783  1  -1291.09  6514
Mg24 	22335.8 	0.634738  1  -1817.75  7078
Mg24 	22335.8 	0.241558  1  1200.71  3976
Mg24 	22335.8 	0.256425  1  140.194  5023
Mg24 	22335.8 	0.203942  1  -3009.68  8338
Mg24 	22335.8 	0.1819  1  -4344.73  9846
Mg24 	22335.8 	0.153686  1  1046.53  4202
Mg24 	22335.8 	0.167701  1  -2361.81  7691
Mg24 	22335.8 	0.214044  1  -4498.37  9896
Mg24 	22335.8 	0.143797  1  4255.14  816
Mg24 	22335.8 	0.129264  1  804.103  4393
Mg24 	22335.8 	0.149453  1  -3751.62  9004
Mg24 	22335.8 	0.17771  1  -430.937  5564
Mg24 	22335.8 	1.1183  1  265.566  5022
Mg24 	22335.8 	0.321333  1  3985.79  1053
Mg24 	22335.8 	0.156948  1  3354.23  1746
Mg24 	22335.8 	0.283977  1  3923.29  1126
Mg24 	22335.8 	0.166326  1  -3711.17  9142
Mg24 	22335.8 	0.143581  1  1861.98  3288
Mg24 	22335.8 	0.159374  1  -272.696  5562
Mg24 	22335.8 	0.47011  1  -2594.97  8047
Mg24 	22335.8 	0.899429  1  -1859.15  7294
Mg24 	22335.8 	0.162272  1  1334.37  3752
Mg24 	22335.8 	0.232458  1  -2047.83  7375
Mg24 	22335.8 	0.271841  1  1024.15  4077
Mg24 	22335.8 	0.188264  1  3205.24  1877
Mg24 	22335.8 	0.379935  1  365.402  4839
Mg24 	22335.8 	0.164849  1  -1992.29  7368
Mg24 	22335.8 	0.3113  1  4016.81  1062
Mg24 	22335.8 	0.366207  1  2174.39  2976
Mg24 	22335.8 	0.268846  1  853.982  4306
Mg24 	22335.8 	0.261624  1  3401.33  1669
Mg24 	22335.8 	0.214032  1  2920.28  2187
Mg24 	22335.8 	0.277758  1  -675.12  5804
Mg24 	22335.8 	0.143946  1  793.519  4524
Mg24 	22335.8 	0.339235  1  -426.659  5810
Mg24 	22335.8 	0.524814  1  2678.18  2503
Mg24 	22335.8 	0.225272  1  -409.638  5761
Mg24 	22335.8 	0.189583  1  1086.39  4066
Mg24 	22335.8 	0.174165  1  3349.76  1817
Mg24 	22335.8 	0.336357  1  -2270.13  7469
Mg24 	22335.8 	0.79097  1  -2803.88  8111
Mg24 	22335.8 	0.204366  1  -1021.24  6362
Mg24 	22335.8 	3.96604  1  2943.9  2150
Mg24 	22335.8 	1.13395  1  2495.95  2577
Mg24 	22335.8 	0.161984  1  3536.67  1529
Mg24 	22335.8 	0.465447  1  -4728.32  10201
Mg24 	22335.8 	0.232674  1  -763.253  6106
Mg24 	22335.8 	0.326401  1  -425.994  5637
Mg24 	22335.8 	0.497212  1  4963.62  28
Mg24 	22335.8 	0.512508  1  -729.093  5859
Mg24 	22335.8 	0.156085  1  -1984.46  7397
Mg24 	22335.8 	0.270173  1  2375.61  2744
Mg24 	22335.8 	0.128989  1  2069.48  3067
Mg24 	22335.8 	0.236194  1  -3307.1  8705
Mg24 	22335.8 	0.375573  1  -434.153  5667
Mg24 	22335.8 	0.504068  1  4642.89  374
Mg24 	22335.8 	0.144985  1  -1908.79  7105
Mg24 	22335.8 	0.130359  1  2004.35  3190
Mg24 	22335.8 	0.13561  1  -4845.8  10271
Mg24 	22335.8 	0.196928  1  -3337.92  8793
Mg24 	22335.8 	0.127274  1  -1275.32  6622
Mg24 	22335.8 	0.181653  1  372.401  4831
Mg24 	22335.8 	0.15405  1  3016.32  2096
Mg24 	22335.8 	0.144882  1  2474.37  2660
Mg24 	22335.8 	0.139469  1  -2780.93  8201
Mg24 	22335.8 	0.130112  1  1495.59  3795
Mg24 	22335.8 	0.131392  1  -3296.62  8597
Mg24 	22335.8 	0.33333  1  4582.26  426
Mg24 	22335.8 	0.416509  1  -3520.06  8899
Mg24 	22335.8 	1.69453  1  -2633.84  7929
Mg24 	22335.8 	0.238951  1  2331.43  2770
Mg24 	22335.8 	0.416115  1  -69.1877  5386
Mg24 	22335.8 	0.186944  1  1326.81  3676
Mg24 	22335.8 	0.182565  1  4101.49  916
Mg24 	22335.8 	0.262144  1  -4888.53  10180
Mg24 	22335.8 	0.132127  1  3443.35  1655
Mg24 	22335.8 	2.93797  1  3120.42  1968
Mg24 	22335.8 	0.190901  1  -1961.13  7227
Mg24 	22335.8 	0.351863  1  169.732  5102
Mg24 	22335.8 	0.262762  1  -3279.02  8673
Mg24 	22335.8 	0.128841  1  1103.91  4126
Mg24 	22335.8 	0.372024  1  -92.32  5443
Mg24 	22335.8 	0.178544  1  1063.18  4029
Mg24 	22335.8 	0.292267  1  4517.57  514
Mg24 	22335.8 	0.535407  1  1935.21  3184
Mg24 	22335.8 	0.226566  1  228.047  4911
Mg24 	22335.8 	0.34601  1  -1784.27  7028
Mg24 	22335.8 	0.151161  1  4561.03  465
Mg24 	22335.8 	0.198744  1  282.403  4978
Mg24 	22335.8 	0.195304  1  2884.46  2133
Mg24 	22335.8 	0.136638  1  -1264.24  6365
Mg24 	22335.8 	0.142301  1  2678.87  2442
Mg24 	22335.8 	0.174775  1  2725.2  2421
Mg24 	22335.8 	0.125568  1  -4643.49  10113
Mg24 	22335.8 	0.242599  1  3041  2081
Mg24 	22335.8 	0.170308  1  1964.9  3084
Mg24 	22335.8 	0.136596  1  -3342.37  8633
Mg24 	22335.8 	0.125777  1  -69.3452  5182
Mg24 	22335.8 	0.234027  1  2491.33  2615
Mg24 	22335.8 	0.184472  1  1919.93  3338
Mg24 	22335.8 	0.289951  1  -4671.67  10023
Mg24 	22335.8 	0.479571  1  -2615.42  7950
Mg24 	22335.8 	0.177352  1  2304.64  2824
Mg24 	22335.8 	0.251327  1  1783.81  3444
Mg24 	22335.8 	0.556873  1  3224.73  1771
Mg24 	22335.8 	0.238459  1  3455.75  1602
Mg24 	22335.8 	0.125533  1  -84.482  5271
Mg24 	22335.8 	0.168393  1  -3178.88  8739
Mg24 	22335.8 	0.168883  1  2971.83  2132
Mg24 	22335.8 	0.147714  1  3741.68  1285
Mg24 	22335.8 	0.127592  1  -501.614  5857
Mg24 	22335.8 	0.190029  1  4973.87  23
Mg24 	22335.8 	0.145781  1  1428.53  3755
Mg24 	22335.8 	0.357661  1  126.112  4990
Mg24 	22335.8 	0.169272  1  -1014  6186
Mg24 	22335.8 	0.388874  1  3973.05  1066
Mg24 	22335.8 	0.133398  1  -809.55  5998
Mg24 	22335.8 	2.99991  1  -713.757  5942
Mg24 	22335.8 	0.206434  1  -4340.26  9788
Mg24 	22335.8 	0.282082  1  4225.05  845
Mg24 	22335.8 	0.213303  1  1439.75  3692
Mg24 	22335.8 	0.156755  1  4718.11  292
Mg24 	22335.8 	0.246393  1  2317.77  2825
Mg24 	22335.8 	0.134739  1  -1788.36  7098
Mg24 	22335.8 	0.220348  1  -2768.98  8218
Mg24 	22335.8 	0.260481  1  938.153  4202
Mg24 	22335.8 	0.383772  1  -4842.98  10392
Mg24 	22335.8 	0.268854  1  -1439.47  6737
Mg24 	22335.8 	0.127236  1  4337.47  726
Mg24 	22335.8 	0.135681  1  -1253.85  6567
Mg24 	22335.8 	0.471465  1  -4698.44  10102
Mg24 	22335.8 	0.164205  1  -892.566  6176
Mg24 	22335.8 	0.271245  1  -2908.43  8249
Mg24 	22335.8 	0.14341  1  4762.74  260
Mg24 	22335.8 	0.259404  1  -1825.9  7175
Mg24 	22335.8 	0.201228  1  -539.953  5765
Mg24 	22335.8 	0.133184  1  -768.481  6091
Mg24 	22335.8 	0.176666  1  -4399.84  9815
Mg24 	22335.8 	0.472765  1  455.434  4814
Mg24 	22335.8 	0.26595  1  -2451.44  7782
Mg24 	22335.8 	0.140021  1  -699.12  5918
Mg24 	22335.8 	0.129056  1  -2578.07  7908
Mg24 	22335.8 	0.211231  1  776.006  4493
Mg24 	22335.8 	0.150436  1  552.06  4707
Mg24 	22335.8 	0.159834  1  -1678.27  6963
Mg24 	22335.8 	0.550719  1  1263.11  3941
Mg24 	22335.8 	1.66045  1  -302.744  5618
Mg24 	22335.8 	0.453965  1  3637.55  1435
Mg24 	22335.8 	0.188417  1  4475.12  547
Mg24 	22335.8 	0.156262  1  4535.28  489
Mg24 	22335.8 	0.19401  1  -1290.88  6494
Mg24 	22335.8 	0.245448  1  -2249.75  7683
Mg24 	22335.8 	0.628397  1  3756.2  1235
Mg24 	22335.8 	0.229217  1  -1659.61  6884
Mg24 	22335.8 	0.493145  1  -4982.93  10279
Mg24 	22335.8 	0.401013  1  4611  427
Mg24 	22335.8 	0.26798  1  43.9551  5133
Mg24 	22335.8 	0.153917  1  3168.48  1903
Mg24 	22335.8 	0.221406  1  -4235.97  9777
Mg24 	22335.8 	0.212793  1  3185.36  1870
Mg24 	22335.8 	0.232146  1  -3094.35  8513
Mg24 	22335.8 	0.167646  1  1723.79  3343
Mg24 	22335.8 	0.409496  1  -2862.16  8317
Mg24 	22335.8 	0.132542  1  2791.13  2347
Mg24 	22335.8 	0.149376  1  -1304.74  6532
Mg24 	22335.8 	0.137018  1  -2249.57  7688
Mg24 	22335.8 	1.21966  1  4086.42  937
Mg24 	22335.8 	0.186357  1  397.99  4729
Mg24 	22335.8 	0.216397  1  -3879.78  9316
Mg24 	22335.8 	0.142747  1  -1157.53  6576
Mg24 	22335.8 	0.133226  1  -2416.08  7774
Mg24 	22335.8 	0.488351  1  -2158.48  7461
Mg24 	22335.8 	0.259886  1  813.289  4421
Mg24 	22335.8 	0.214745  1  -579.757  5928
Mg24 	22335.8 	0.154006  1  -4141.69  9555
Mg24 	22335.8 	0.146587  1  3006.21  2216
Mg24 	22335.8 	0.345673  1  3527.86  1534
Mg24 	22335.8 	0.1844  1  -1943.21  7266
Mg24 	22335.8 	0.357764  1  1469.77  3689
Mg24 	22335.8 	0.131279  1  1589.23  3636
Mg24 	22335.8 	0.141415  1  2996.41  2114
Mg24 	22335.8 	0.528669  1  -1721.55  7090
Mg24 	22335.8 	0.139  1  -4325.98  9739
Mg24 	22335.8 	0.208469  1  1938.6  3188
Mg24 	22335.8 	0.184357  1  -3933.85  9250
Mg24 	22335.8 	0.237627  1  -3921.25  9279
Mg24 	22335.8 	0.136584  1  -442.841  5589
Mg24 	22335.8 	0.198869  1  1639.94  3500
Mg24 	22335.8 	0.624722  1  -2978.29  8399
Mg24 	22335.8 	0.369994  1  -214.676  5586
Mg24 	22335.8 	0.22161  1  -2486.53  7828
Mg24 	22335.8 	0.299152  1  -1958.7  7203
Mg24 	22335.8 	0.214938  1  1646.65  3563
Mg24 	22335.8 	0.183564  1  -767.533  6199
Mg24 	22335.8 	0.326716  1  3581.07  1501
Mg24 	22335.8 	0.189531  1  745.596  4490
Mg24 	22335.8 	1.82325  1  1247.4  3806
Mg24 	22335.8 	0.282095  1  -2456.13  7658
Mg24 	22335.8 	0.260701  1  -4746.04  10316
Mg24 	22335.8 	0.209821  1  -1187.91  6443
Mg24 	22335.8 	0.222002  1  3076.01  2017
Mg24 	22335.8 	0.178316  1  3635.92  1359
Mg24 	22335.8 	0.525785  1  2129.29  3030
Mg24 	22335.8 	0.158452  1  -4534.32  10031
Mg24 	22335.8 	0.315439  1  -3487.98  8829
Mg24 	22335.8 	0.127486  1  -1677.68  6952
Mg24 	22335.8 	0.413305  1  -1119.23  6163
Mg24 	22335.8 	0.148566  1  -3099.09  8303
Mg24 	22335.8 	0.477114  1  -3863.52  9366
Mg24 	22335.8 	0.213389  1  -941.859  6341
Mg24 	22335.8 	0.171623  1  3847.33  1209
Mg24 	22335.8 	0.142209  1  -249.107  5451
Mg24 	22335.8 	0.136082  1  701.553  4469
Mg24 	22335.8 	0.356164  1  -4864.63  10251
Mg24 	22335.8 	0.150414  1  -2419.32  7794
Mg24 	22335.8 	0.260156  1  988.745  4088
Mg24 	22335.8 	0.167189  1  -4901.84  10289
Mg24 	22335.8 	0.137572  1  -4673.26  10206
Mg24 	22335.8 	0.299146  1  -2681.83  8061
Mg24 	22335.8 	0.362407  1  -982.122  6356
Mg24 	22335.8 	0.570121  1  1233.72  3874
Mg24 	22335.8 	0.410854  1  -3351.31  8628
Mg24 	22335.8 	0.144132  1  3238.6  1775
Mg24 	22335.8 	0.18006  1  2609.38  2495
Mg24 	22335.8 	0.296885  1  2200.53  2838
Mg24 	22335.8 	0.41637  1  -2242.73  7509
Mg24 	22335.8 	0.494292  1  2082.97  3099
Mg24 	22335.8 	0.145052  1  -2582.6  7847
Mg24 	22335.8 	0.306486  1  -4388.09  9745
Mg24 	22335.8 	0.186114  1  -4394.7  9836
Mg24 	22335.8 	0.204712  1  -481.087  5654
Mg24 	22335.8 	0.524657  1  -4752.72  10179
Mg24 	22335.8 	0.356117  1  -3396.79  8741
Mg24 	22335.8 	0.148426  1  4952.68  40
Mg24 	22335.8 	0.196538  1  -2084.9  7549
Mg24 	22335.8 	0.277193  1  3556.54  1493
Mg24 	22335.8 	0.156154  1  -3199.91  8511
Mg24 	22335.8 	0.151046  1  -4834.71  10151
Mg24 	22335.8 	0.19868  1  1977.13  3113
Mg24 	22335.8 	0.233376  1  -4804.39  10397
Mg24 	22335.8 	1.06348  1  4255.38  776
Mg24 	22335.8 	0.430126  1  -1288.49  6668
Mg24 	22335.8 	0.14072  1  2158.43  3082
Mg24 	22335.8 	0.481078  1  2158.07  2991
Mg24 	22335.8 	0.195213  1  4661.21  341
Mg24 	22335.8 	0.392461  1  3044.28  2012
Mg24 	22335.8 	0.150106  1  2860.81  2284
Mg24 	22335.8 	0.202709  1  -4805.45  10260
Mg24 	22335.8 	0.313798  1  798.789  4415
Mg24 	22335.8 	0.217064  1  2557  2499
Mg24 	22335.8 	0.236029  1  4644.25  361
Mg24 	22335.8 	0.214657  1  3375.85  1725
Mg24 	22335.8 	0.185556  1  -126.591  5479
Mg24 	22335.8 	0.145291  1  -4017.67  9397
Mg24 	22335.8 	0.317112  1  3415.9  1640
Mg24 	22335.8 	0.134433  1  -1544.57  6844
Mg24 	22335.8 	0.666838  1  -3662.99  9023
Mg24 	22335.8 	0.191507  1  4447.74  615
Mg24 	22335.8 	0.151663  1  3747.02  1228
Mg24 	22335.8 	0.443195  1  1680.41  3474
Mg24 	22335.8 	0.173971  1  4515.08  471
Mg24 	22335.8 	0.451416  1  -596.511  5733
Mg24 	22335.8 	0.473201  1  -410.328  5659
Mg24 	22335.8 	0.49629  1  -3891.45  9249
Mg24 	22335.8 	0.357137  1  4524.16  535
Mg24 	22335.8 	0.154901  1  -634.929  5878
Mg24 	22335.8 	0.432815  1  2378.13  2697
Mg24 	22335.8 	0.248534  1  2963.43  2131
Mg24 	22335.8 	0.133976  1  914.126  4298
Mg24 	22335.8 	0.196636  1  -2376.97  7648
Mg24 	22335.8 	0.498203  1  466.316  4776
Mg24 	22335.8 	0.150064  1  -3456.78  8931
Mg24 	22335.8 	0.207192  1  707.319  4473
Mg24 	22335.8 	0.126864  1  72.5053  5092
Mg24 	22335.8 	0.158224  1  -3923.58  9513
Mg24 	22335.8 	0.154558  1  1353.54  3892
Mg24 	22335.8 	0.152655  1  4164.46  900
Mg24 	22335.8 	1.34601  1  -2832.75  8224
Mg24 	22335.8 	0.240589  1  -2427.51  7947
Mg24 	22335.8 	0.148978  1  -620.463  5910
Mg24 	22335.8 	0.139069  1  -1588.53  6993
Mg24 	22335.8 	0.141094  1  -4976.23  10335
Mg24 	22335.8 	0.164836  1  -2352.48  7742
Mg24 	22335.8 	0.968568  1  -2346.66  7806
Mg24 	22335.8 	0.182751  1  -3077.71  8588
Mg24 	22335.8 	0.188473  1  729.135  4517
Mg24 	22335.8 	0.452427  1  -429.976  5685
Mg24 	22335.8 	0.158974  1  1827.46  3406
Mg24 	22335.8 	0.185404  1  1744.29  3387
Mg24 	22335.8 	0.520901  1  -1292.74  6574
Mg24 	22335.8 	0.19264  1  3698.83  1427
Mg24 	22335.8 	0.186267  1  -618.938  5857
Mg24 	22335.8 	0.442187  1  4485.42  522
Mg24 	22335.8 	0.281425  1  -991.864  6230
Mg24 	22335.8 	0.165473  1  -2619.69  8021
Mg24 	22335.8 	0.242469  1  -1827.25  7147
Mg24 	22335.8 	0.171712  1  -1764.35  7023
Mg24 	22335.8 	0.32864  1  4900.57  119
Mg24 	22335.8 	0.193713  1  4309.86  706
Mg24 	22335.8 	0.486567  1  -2864.28  8247
Mg24 	22335.8 	0.15843  1  -708.885  5887
Mg24 	22335.8 	0.168695  1  -1639.82  6939
Mg24 	22335.8 	0.128877  1  -4563.48  9877
Mg24 	22335.8 	0.212617  1  -819.766  6131
Mg24 	22335.8 	0.251212  1  980.474  4146
Mg24 	22335.8 	0.135964  1  -1295.61  6572
Mg24 	22335.8 	0.125556  1  4872.51  129
