Mg24 	22335.8 	0.163274  1  1374.57  3678
Mg24 	22335.8 	0.283875  1  -401.369  5666
Mg24 	22335.8 	0.513951  1  90.0197  5120
Mg24 	22335.8 	0.306058  1  -2170.3  7561
Mg24 	22335.8 	0.136775  1  2105.22  3017
Mg24 	22335.8 	0.697268  1  -3380.3  8763
Mg24 	22335.8 	0.208206  1  2399.59  2811
Mg24 	22335.8 	1.01894  1  4950.41  55
Mg24 	22335.8 	0.653082  1  242.123  5056
Mg24 	22335.8 	0.188583  1  -1511.04  6909
Mg24 	22335.8 	0.349403  1  -3670.67  9028
Mg24 	22335.8 	0.166542  1  376.876  4805
Mg24 	22335.8 	0.233453  1  -4644.36  10077
Mg24 	22335.8 	0.236485  1  -2524.71  7844
Mg24 	22335.8 	0.235667  1  -584.536  5850
Mg24 	22335.8 	0.22274  1  1328.73  3847
Mg24 	22335.8 	0.294767  1  -3359  8746
Mg24 	22335.8 	0.426185  1  -2596.43  7854
Mg24 	22335.8 	0.132446  1  -3169.85  8597
Mg24 	22335.8 	0.203493  1  -464.342  5846
Mg24 	22335.8 	0.188538  1  -678.358  5893
Mg24 	22335.8 	0.220265  1  820.559  4399
Mg24 	22335.8 	0.134444  1  2108.01  3051
Mg24 	22335.8 	0.129688  1  465.107  4804
Mg24 	22335.8 	0.144201  1  2873.54  2219
Mg24 	22335.8 	0.421109  1  1257.87  3902
Mg24 	22335.8 	0.149637  1  3739.89  1362
Mg24 	22335.8 	0.558839  1  1877.36  3230
Mg24 	22335.8 	0.490034  1  1585.76  3680
Mg24 	22335.8 	0.150966  1  660.064  4638
Mg24 	22335.8 	0.266486  1  -3318  8592
Mg24 	22335.8 	0.74914  1  -4442.85  9958
Mg24 	22335.8 	0.458185  1  1817.46  3311
Mg24 	22335.8 	0.193334  1  -2373.17  7615
Mg24 	22335.8 	0.183279  1  -2811.9  8228
Mg24 	22335.8 	0.180102  1  -4790.43  10304
Mg24 	22335.8 	0.180812  1  136.618  5079
Mg24 	22335.8 	0.146777  1  495.998  4741
Mg24 	22335.8 	0.231113  1  4653.23  342
Mg24 	22335.8 	0.235793  1  4922.13  94
Mg24 	22335.8 	0.603832  1  -3936.28  9313
Mg24 	22335.8 	0.135309  1  -878.928  6187
Mg24 	22335.8 	0.157674  1  3434.74  1642
Mg24 	22335.8 	0.140294  1  142.914  5022
Mg24 	22335.8 	0.142364  1  3779.58  1202
Mg24 	22335.8 	0.783826  1  2123.65  3110
Mg24 	22335.8 	0.415794  1  3064.54  1937
Mg24 	22335.8 	0.289391  1  -199.643  5530
Mg24 	22335.8 	0.238834  1  436.103  4963
Mg24 	22335.8 	0.199847  1  1041.07  4172
Mg24 	22335.8 	0.274762  1  732.2  4417
Mg24 	22335.8 	0.35129  1  -918.308  6189
Mg24 	22335.8 	0.483712  1  2311.98  2787
Mg24 	22335.8 	0.133222  1  -968.115  6286
Mg24 	22335.8 	0.125819  1  4103.68  1009
Mg24 	22335.8 	0.155419  1  -1178.34  6491
Mg24 	22335.8 	0.17827  1  2559.55  2504
Mg24 	22335.8 	0.457177  1  -4366.8  9678
Mg24 	22335.8 	0.439108  1  -1439.98  6639
Mg24 	22335.8 	0.465023  1  -4349.37  9731
Mg24 	22335.8 	0.380621  1  4010.85  961
Mg24 	22335.8 	0.140753  1  -817.979  6108
Mg24 	22335.8 	0.132373  1  1541.28  3623
Mg24 	22335.8 	0.307946  1  3479.77  1646
Mg24 	22335.8 	0.436376  1  -4481.44  10027
Mg24 	22335.8 	0.146743  1  929.81  4264
Mg24 	22335.8 	0.215559  1  2334.01  2795
Mg24 	22335.8 	0.270196  1  4915.78  90
Mg24 	22335.8 	0.133773  1  1746.66  3313
Mg24 	22335.8 	0.192351  1  3198.57  1872
Mg24 	22335.8 	0.145379  1  -3380.12  8704
Mg24 	22335.8 	0.206511  1  312.482  4797
Mg24 	22335.8 	0.390688  1  3596.47  1438
Mg24 	22335.8 	0.64268  1  3679.85  1342
Mg24 	22335.8 	0.145136  1  -4363.41  9865
Mg24 	22335.8 	0.65376  1  -4163.89  9640
Mg24 	22335.8 	0.160709  1  -535.653  5923
Mg24 	22335.8 	0.132078  1  -410.423  5638
Mg24 	22335.8 	0.224168  1  3744.34  1377
Mg24 	22335.8 	0.357267  1  -2403.77  7834
Mg24 	22335.8 	0.432345  1  4206.35  816
Mg24 	22335.8 	0.274093  1  -85.3302  5307
Mg24 	22335.8 	0.2459  1  -4348.46  9868
Mg24 	22335.8 	5.35787  1  3985.14  1120
Mg24 	22335.8 	0.15251  1  2000.03  3055
Mg24 	22335.8 	0.136636  1  13.5194  5219
Mg24 	22335.8 	0.229916  1  2921.79  2214
Mg24 	22335.8 	0.332176  1  4908.8  111
Mg24 	22335.8 	0.141878  1  -4622.16  10075
Mg24 	22335.8 	0.207607  1  -4382.48  9954
Mg24 	22335.8 	0.188738  1  -4499.15  9906
Mg24 	22335.8 	0.150574  1  2930.06  2165
Mg24 	22335.8 	0.257027  1  3825.8  1186
Mg24 	22335.8 	0.296575  1  -211.032  5433
Mg24 	22335.8 	0.194777  1  3027.86  2137
Mg24 	22335.8 	0.320188  1  -4548.81  9913
Mg24 	22335.8 	0.144768  1  4591.17  434
Mg24 	22335.8 	0.967576  1  36.9737  5338
Mg24 	22335.8 	0.229812  1  -836.668  6209
Mg24 	22335.8 	0.15928  1  -143.052  5542
Mg24 	22335.8 	0.189817  1  -1640.4  6901
Mg24 	22335.8 	0.188862  1  2701.32  2445
Mg24 	22335.8 	2.38177  1  -1106.53  6382
Mg24 	22335.8 	0.190967  1  906.064  4341
Mg24 	22335.8 	0.346501  1  -3672.61  9045
Mg24 	22335.8 	0.477887  1  -3230.39  8729
Mg24 	22335.8 	0.633736  1  445.417  4697
Mg24 	22335.8 	0.25465  1  -750.87  5980
Mg24 	22335.8 	0.323921  1  -4538.85  9964
Mg24 	22335.8 	0.228463  1  1477.77  3764
Mg24 	22335.8 	0.29276  1  -4585.41  10059
Mg24 	22335.8 	0.328426  1  490.198  4721
Mg24 	22335.8 	0.313462  1  1358.76  3789
Mg24 	22335.8 	0.287222  1  -819.951  6123
Mg24 	22335.8 	0.175926  1  2028.9  3090
Mg24 	22335.8 	0.27876  1  1757.04  3439
Mg24 	22335.8 	0.487991  1  -4809.01  10382
Mg24 	22335.8 	0.268437  1  -4460.92  9933
Mg24 	22335.8 	0.219248  1  4655.77  365
Mg24 	22335.8 	0.12909  1  3069.93  2129
Mg24 	22335.8 	0.141291  1  1011.75  4270
Mg24 	22335.8 	0.160909  1  1757.76  3362
Mg24 	22335.8 	0.132326  1  4870.84  148
Mg24 	22335.8 	0.386531  1  317.172  4925
Mg24 	22335.8 	0.250108  1  -2009.24  7555
Mg24 	22335.8 	0.618143  1  1309.89  3896
Mg24 	22335.8 	0.672146  1  1368.96  3777
Mg24 	22335.8 	0.137549  1  -4575.49  10065
Mg24 	22335.8 	0.710391  1  -1099.83  6370
Mg24 	22335.8 	0.338348  1  1390.71  3838
Mg24 	22335.8 	0.168142  1  -552.397  5840
Mg24 	22335.8 	0.453268  1  -4609.46  10039
Mg24 	22335.8 	0.336745  1  4202.72  853
Mg24 	22335.8 	0.234644  1  -2169.3  7343
Mg24 	22335.8 	0.128835  1  2323.7  2796
Mg24 	22335.8 	0.128919  1  -1029.71  6475
Mg24 	22335.8 	0.144815  1  2157.96  3033
Mg24 	22335.8 	0.662602  1  3846.54  1175
Mg24 	22335.8 	0.23899  1  -1128.19  6330
Mg24 	22335.8 	0.361195  1  1325.79  3848
Mg24 	22335.8 	0.140691  1  -2702.21  8081
Mg24 	22335.8 	0.132034  1  4833.43  175
Mg24 	22335.8 	0.199239  1  -580.325  6083
Mg24 	22335.8 	0.0620326  1  975.68  4308
Mg24 	22335.8 	0.166511  1  -2501.58  7751
Mg24 	22335.8 	0.981471  1  1979.91  3093
Mg24 	22335.8 	0.382967  1  -3869.88  9576
Mg24 	22335.8 	1.16497  1  4041.16  1012
Mg24 	22335.8 	0.127839  1  4519.26  528
Mg24 	22335.8 	0.233553  1  988.232  4273
Mg24 	22335.8 	0.155979  1  3990.89  1109
Mg24 	22335.8 	0.132294  1  -1504.35  6862
Mg24 	22335.8 	0.166225  1  1288.77  3963
Mg24 	22335.8 	0.270413  1  3370.72  1683
Mg24 	22335.8 	0.36012  1  -1671.4  6899
Mg24 	22335.8 	0.155024  1  4420.78  631
Mg24 	22335.8 	0.134484  1  4126.38  960
Mg24 	22335.8 	0.130226  1  -4224.07  9762
Mg24 	22335.8 	0.195697  1  4392.84  612
Mg24 	22335.8 	1.74022  1  3512.36  1548
Mg24 	22335.8 	0.193208  1  -2549.07  7915
Mg24 	22335.8 	0.188631  1  1677.29  3454
Mg24 	22335.8 	0.175414  1  -4611.88  10182
Mg24 	22335.8 	0.210609  1  1419.46  3763
Mg24 	22335.8 	0.125765  1  3369.8  1717
Mg24 	22335.8 	0.413277  1  778.622  4411
Mg24 	22335.8 	0.145985  1  -131.553  5419
Mg24 	22335.8 	0.160487  1  3277.63  1830
Mg24 	22335.8 	0.47794  1  284.925  5016
Mg24 	22335.8 	0.128028  1  -2180.9  7428
Mg24 	22335.8 	0.231144  1  -3165.29  8509
Mg24 	22335.8 	0.186554  1  1222.76  3864
Mg24 	22335.8 	3.11718  1  -4858.53  10351
Mg24 	22335.8 	0.139784  1  -3970.1  9410
Mg24 	22335.8 	0.356679  1  1084.68  4045
Mg24 	22335.8 	0.293727  1  335.041  4846
Mg24 	22335.8 	0.127189  1  -3145.04  8644
Mg24 	22335.8 	0.174692  1  1005.97  4189
Mg24 	22335.8 	0.143592  1  3047.12  2110
Mg24 	22335.8 	0.182659  1  -2208.68  7683
Mg24 	22335.8 	0.170061  1  2943.4  2127
Mg24 	22335.8 	0.577224  1  -3257.23  8818
Mg24 	22335.8 	0.125608  1  63.966  5254
Mg24 	22335.8 	0.1306  1  36.0864  5228
Mg24 	22335.8 	0.181412  1  -1208.53  6332
Mg24 	22335.8 	0.336241  1  4216.52  801
Mg24 	22335.8 	1.02022  1  2832.56  2234
Mg24 	22335.8 	0.2378  1  578.962  4560
Mg24 	22335.8 	0.213  1  3146.19  1973
Mg24 	22335.8 	0.154695  1  -4852.32  10302
Mg24 	22335.8 	0.185357  1  -3070.57  8625
Mg24 	22335.8 	0.909424  1  649.659  4645
Mg24 	22335.8 	0.617919  1  -2773.94  8004
Mg24 	22335.8 	0.154645  1  -1717.03  6950
Mg24 	22335.8 	0.317933  1  -3585.53  8970
Mg24 	22335.8 	0.276972  1  3357.78  1743
Mg24 	22335.8 	0.756385  1  -3720.78  9122
Mg24 	22335.8 	0.236778  1  -845.542  6132
Mg24 	22335.8 	0.1855  1  3017.7  2053
Mg24 	22335.8 	0.229146  1  -2542.62  7889
Mg24 	22335.8 	0.184533  1  214.034  5097
Mg24 	22335.8 	0.178951  1  -1324.22  6627
Mg24 	22335.8 	0.321727  1  38.6785  5128
Mg24 	22335.8 	0.284634  1  4276.29  797
Mg24 	22335.8 	0.209536  1  4276.58  773
Mg24 	22335.8 	0.194161  1  -2021.9  7399
Mg24 	22335.8 	0.4953  1  -1484.46  6741
Mg24 	22335.8 	0.152921  1  -1066.38  6361
Mg24 	22335.8 	0.138656  1  3508.94  1596
Mg24 	22335.8 	0.545357  1  -3306.37  8668
Mg24 	22335.8 	0.144208  1  3104.57  1994
Mg24 	22335.8 	0.151602  1  -2570  7935
Mg24 	22335.8 	0.230282  1  2355.15  2824
Mg24 	22335.8 	0.162713  1  2774.34  2315
Mg24 	22335.8 	0.220881  1  631.023  4672
Mg24 	22335.8 	0.146979  1  1426.31  3739
Mg24 	22335.8 	0.149277  1  1293.35  3863
Mg24 	22335.8 	0.181439  1  -179.227  5494
Mg24 	22335.8 	0.209782  1  4392.71  608
Mg24 	22335.8 	0.546141  1  -885.236  6150
Mg24 	22335.8 	0.985885  1  3415.64  1706
Mg24 	22335.8 	0.189819  1  -2705.15  8076
Mg24 	22335.8 	0.152482  1  1948.45  3228
Mg24 	22335.8 	0.130151  1  -4681.11  10147
Mg24 	22335.8 	0.131223  1  -1422.42  6711
Mg24 	22335.8 	0.147546  1  -212.781  5284
Mg24 	22335.8 	0.192835  1  -2216.15  7577
Mg24 	22335.8 	0.487095  1  149.31  5139
Mg24 	22335.8 	0.148635  1  1948.46  3150
Mg24 	22335.8 	0.233765  1  -118.184  5322
Mg24 	22335.8 	0.134547  1  -1918.99  7305
Mg24 	22335.8 	0.128819  1  -4187.98  9707
Mg24 	22335.8 	0.219904  1  3946.29  1054
Mg24 	22335.8 	0.27585  1  -2951.27  8556
Mg24 	22335.8 	0.134791  1  -1871.04  7149
Mg24 	22335.8 	0.392445  1  2512.62  2631
Mg24 	22335.8 	0.336194  1  1649.46  3546
Mg24 	22335.8 	0.161934  1  4356.85  661
Mg24 	22335.8 	0.354189  1  3788.41  1286
Mg24 	22335.8 	0.186999  1  -4404.97  9841
Mg24 	22335.8 	0.126481  1  1184.07  3991
Mg24 	22335.8 	0.858575  1  -2165.9  7508
Mg24 	22335.8 	0.338038  1  4087.59  965
Mg24 	22335.8 	0.225243  1  2802.48  2313
Mg24 	22335.8 	0.352091  1  3307.62  1724
Mg24 	22335.8 	0.246799  1  3702.91  1347
Mg24 	22335.8 	0.16264  1  -2826.05  8220
Mg24 	22335.8 	0.155626  1  -4846.65  10288
Mg24 	22335.8 	0.280723  1  4292.22  760
Mg24 	22335.8 	0.265507  1  855.902  4296
Mg24 	22335.8 	0.171605  1  3573.87  1515
Mg24 	22335.8 	0.136708  1  -42.1683  5217
Mg24 	22335.8 	0.25776  1  849.999  4451
Mg24 	22335.8 	0.280538  1  2658.12  2467
Mg24 	22335.8 	0.129733  1  806.483  4298
Mg24 	22335.8 	0.137922  1  3652.39  1392
Mg24 	22335.8 	0.134676  1  2394.69  2695
Mg24 	22335.8 	0.165288  1  4744.37  236
Mg24 	22335.8 	0.2407  1  -2803.65  8282
Mg24 	22335.8 	0.129691  1  -2711.28  7948
Mg24 	22335.8 	0.256746  1  3716.5  1351
Mg24 	22335.8 	0.133859  1  4741.4  278
Mg24 	22335.8 	0.133672  1  996.604  4068
Mg24 	22335.8 	0.186776  1  3951.4  1107
Mg24 	22335.8 	0.195847  1  -3859.99  9382
Mg24 	22335.8 	0.195858  1  -3237.83  8702
Mg24 	22335.8 	0.25244  1  4784.39  230
Mg24 	22335.8 	0.189604  1  4212.15  815
Mg24 	22335.8 	0.208569  1  2046.48  3073
Mg24 	22335.8 	0.24754  1  -3184.05  8574
Mg24 	22335.8 	0.157362  1  -3763.48  9386
Mg24 	22335.8 	0.135568  1  445.323  4894
Mg24 	22335.8 	1.7609  1  2689.99  2361
Mg24 	22335.8 	0.299597  1  3265.94  1846
Mg24 	22335.8 	4.58444  1  3857.92  1191
Mg24 	22335.8 	0.380311  1  1645.97  3554
Mg24 	22335.8 	0.264681  1  4678.22  359
Mg24 	22335.8 	0.193282  1  -3184.59  8653
Mg24 	22335.8 	0.306286  1  4287.61  731
Mg24 	22335.8 	0.138305  1  -1735.7  6918
Mg24 	22335.8 	0.143307  1  4394.43  607
Mg24 	22335.8 	0.221642  1  -1790.25  7234
Mg24 	22335.8 	0.328432  1  -1003.91  6338
Mg24 	22335.8 	1.33818  1  -253.386  5572
Mg24 	22335.8 	0.14183  1  -3549.47  9093
Mg24 	22335.8 	0.417257  1  4124.91  976
Mg24 	22335.8 	0.377275  1  -3878.24  9194
Mg24 	22335.8 	0.147  1  3204.92  1927
Mg24 	22335.8 	0.147074  1  1523.7  3620
Mg24 	22335.8 	0.157937  1  3554.37  1588
Mg24 	22335.8 	0.277133  1  -917.971  6216
Mg24 	22335.8 	0.565222  1  -4900.65  10274
Mg24 	22335.8 	0.19637  1  1241.23  3884
Mg24 	22335.8 	0.512006  1  -2455.78  7911
Mg24 	22335.8 	0.125663  1  -1099.35  6442
Mg24 	22335.8 	0.145951  1  1773.09  3461
Mg24 	22335.8 	0.191078  1  3932.08  1137
Mg24 	22335.8 	0.14905  1  4521.39  509
Mg24 	22335.8 	0.327111  1  -3558.76  9023
Mg24 	22335.8 	0.146984  1  1095.39  4101
Mg24 	22335.8 	0.290625  1  589.521  4648
Mg24 	22335.8 	0.409201  1  3978.67  1052
Mg24 	22335.8 	0.19077  1  2208.4  2871
Mg24 	22335.8 	0.136804  1  3105.98  1899
Mg24 	22335.8 	0.46151  1  -66.3237  5265
Mg24 	22335.8 	0.176632  1  3434.81  1598
Mg24 	22335.8 	0.160684  1  -3144.09  8513
Mg24 	22335.8 	1.09879  1  -101.197  5295
Mg24 	22335.8 	0.17562  1  2479.51  2621
Mg24 	22335.8 	0.542842  1  2923.79  2168
Mg24 	22335.8 	0.498793  1  -4444.09  9958
Mg24 	22335.8 	0.152934  1  -472.711  5670
Mg24 	22335.8 	0.256845  1  -4321.37  9840
Mg24 	22335.8 	0.154616  1  2693.73  2333
Mg24 	22335.8 	0.139748  1  3883.44  1154
Mg24 	22335.8 	0.129048  1  -489.402  5722
Mg24 	22335.8 	0.141261  1  -4655.38  10169
Mg24 	22335.8 	0.178135  1  -1652.41  7034
Mg24 	22335.8 	0.131236  1  -4336.15  9948
Mg24 	22335.8 	0.32419  1  2632.6  2519
Mg24 	22335.8 	0.233724  1  4557.35  470
Mg24 	22335.8 	0.853268  1  351.944  4924
Mg24 	22335.8 	0.314786  1  1588.55  3596
Mg24 	22335.8 	0.229405  1  4687.11  317
Mg24 	22335.8 	0.162753  1  4137.41  926
Mg24 	22335.8 	0.241888  1  3259.95  1871
Mg24 	22335.8 	0.259779  1  -436.883  5718
Mg24 	22335.8 	0.160503  1  1568.54  3593
Mg24 	22335.8 	0.225817  1  -2919.12  8399
Mg24 	22335.8 	1.29862  1  2158.67  3028
Mg24 	22335.8 	0.12947  1  1756.56  3433
Mg24 	22335.8 	0.287918  1  -88.7503  5333
Mg24 	22335.8 	0.146289  1  1351.2  3831
Mg24 	22335.8 	0.191621  1  3789.77  1234
Mg24 	22335.8 	0.166745  1  -3259.32  8679
Mg24 	22335.8 	0.145567  1  -1887.77  7000
Mg24 	22335.8 	0.604279  1  -519.824  5817
Mg24 	22335.8 	0.161367  1  -4001.82  9509
Mg24 	22335.8 	0.20448  1  4403.08  622
Mg24 	22335.8 	0.329425  1  -315.031  5594
Mg24 	22335.8 	0.253051  1  4182.14  862
Mg24 	22335.8 	0.202604  1  -4983.94  10489
Mg24 	22335.8 	0.223764  1  2738.04  2399
Mg24 	22335.8 	0.134967  1  1954.57  3157
Mg24 	22335.8 	0.146331  1  -3727.75  9168
Mg24 	22335.8 	0.140167  1  1216.41  4020
Mg24 	22335.8 	0.212498  1  -4561.66  9817
Mg24 	22335.8 	0.143725  1  -497.6  5862
Mg24 	22335.8 	0.128801  1  -4553.34  10170
Mg24 	22335.8 	0.656918  1  3548.37  1552
Mg24 	22335.8 	0.139001  1  -3199.59  8637
Mg24 	22335.8 	0.184138  1  -1429.19  6664
Mg24 	22335.8 	0.666053  1  -1766.55  6973
Mg24 	22335.8 	0.129889  1  2305.24  2903
Mg24 	22335.8 	0.439513  1  -1052.15  6447
Mg24 	22335.8 	0.608818  1  1433.29  3834
Mg24 	22335.8 	0.243539  1  3603.22  1497
Mg24 	22335.8 	0.137703  1  -3272.72  8832
Mg24 	22335.8 	0.313705  1  -863.917  6137
Mg24 	22335.8 	0.642263  1  3071.89  2086
Mg24 	22335.8 	0.148783  1  -1391.43  6654
Mg24 	22335.8 	0.321436  1  -179.757  5505
Mg24 	22335.8 	0.498802  1  -2941.03  8428
Mg24 	22335.8 	0.20173  1  -326.194  5634
Mg24 	22335.8 	0.148704  1  -2007.34  7392
Mg24 	22335.8 	0.136039  1  3760.74  1282
Mg24 	22335.8 	0.126044  1  906.07  4311
Mg24 	22335.8 	0.187823  1  -1099.55  6322
Mg24 	22335.8 	0.273031  1  3219.47  1898
Mg24 	22335.8 	0.156069  1  2424.15  2777
Mg24 	22335.8 	0.185199  1  -4608.31  10101
Mg24 	22335.8 	1.95026  1  -2769.16  8070
Mg24 	22335.8 	0.133268  1  -3533.46  8978
Mg24 	22335.8 	0.162722  1  -2905.09  8346
Mg24 	22335.8 	0.164274  1  -3645.25  9170
Mg24 	22335.8 	0.391035  1  2066.09  3092
Mg24 	22335.8 	0.155702  1  -2069.22  7498
Mg24 	22335.8 	0.668093  1  4723.8  300
Mg24 	22335.8 	0.358677  1  4042.31  957
Mg24 	22335.8 	0.864123  1  -1875.01  7200
Mg24 	22335.8 	0.151192  1  1863.06  3255
Mg24 	22335.8 	0.313625  1  1208.19  4063
Mg24 	22335.8 	0.16761  1  2131.24  3048
Mg24 	22335.8 	0.183877  1  2299.24  2954
Mg24 	22335.8 	0.853913  1  -3328.48  8572
Mg24 	22335.8 	0.687778  1  -4240.67  9908
Mg24 	22335.8 	0.211868  1  -3732.66  9122
Mg24 	22335.8 	0.193964  1  -2632.78  7980
Mg24 	22335.8 	0.245577  1  1776.05  3479
Mg24 	22335.8 	0.365365  1  -521.694  5835
Mg24 	22335.8 	0.494825  1  -1571.96  7070
Mg24 	22335.8 	0.322194  1  -1911.82  7296
Mg24 	22335.8 	0.162759  1  -887.479  6299
Mg24 	22335.8 	0.713119  1  100.893  5157
Mg24 	22335.8 	0.218845  1  1273.93  3896
Mg24 	22335.8 	0.402836  1  -3484.01  8906
Mg24 	22335.8 	0.18149  1  -3617.45  9058
Mg24 	22335.8 	0.196222  1  -4913.97  10253
Mg24 	22335.8 	0.398291  1  4774.51  259
Mg24 	22335.8 	0.220826  1  4399.81  662
Mg24 	22335.8 	0.1912  1  -2691.42  8042
Mg24 	22335.8 	2.02011  1  190.501  4922
Mg24 	22335.8 	0.2182  1  -4153.21  9547
Mg24 	22335.8 	0.13056  1  -4768.05  10068
Mg24 	22335.8 	0.437796  1  3657.96  1444
Mg24 	22335.8 	0.395572  1  -3664.32  9186
Mg24 	22335.8 	0.440753  1  -3294.58  8855
Mg24 	22335.8 	0.269702  1  -4802.14  10254
Mg24 	22335.8 	0.129278  1  -237.551  5550
Mg24 	22335.8 	0.148898  1  2451.6  2720
Mg24 	22335.8 	0.253715  1  654.922  4509
Mg24 	22335.8 	0.162393  1  -3887.69  9326
Mg24 	22335.8 	0.130273  1  1353.66  3729
Mg24 	22335.8 	0.135001  1  4921.3  81
Mg24 	22335.8 	0.251298  1  443.82  4735
Mg24 	22335.8 	0.138921  1  -85.3364  5324
Mg24 	22335.8 	0.207484  1  3563.31  1480
Mg24 	22335.8 	0.181901  1  179.595  5076
Mg24 	22335.8 	0.3293  1  -4052.49  9624
Mg24 	22335.8 	0.130437  1  -4976.65  10542
Mg24 	22335.8 	0.221316  1  2170.34  2955
Mg24 	22335.8 	0.415127  1  1557.73  3566
Mg24 	22335.8 	0.313548  1  3217.26  1937
Mg24 	22335.8 	0.295139  1  474.742  4670
Mg24 	22335.8 	0.129051  1  981.991  4208
Mg24 	22335.8 	1.24904  1  1642.06  3610
Mg24 	22335.8 	0.177733  1  -4388.32  9847
Mg24 	22335.8 	0.497691  1  -2819.58  8132
Mg24 	22335.8 	2.4206  1  1443.36  3836
Mg24 	22335.8 	0.160237  1  -1240.17  6681
Mg24 	22335.8 	0.222031  1  3273.28  1880
Mg24 	22335.8 	0.146275  1  1272.64  4003
Mg24 	22335.8 	0.978194  1  -2921.61  8326
Mg24 	22335.8 	0.214626  1  4589.96  439
Mg24 	22335.8 	0.308106  1  -211.91  5510
Mg24 	22335.8 	0.187016  1  4945.74  54
Mg24 	22335.8 	0.186991  1  2489.92  2712
Mg24 	22335.8 	0.130046  1  2740.42  2385
Mg24 	22335.8 	0.151935  1  -327.47  5609
Mg24 	22335.8 	0.337311  1  -1135.18  6450
Mg24 	22335.8 	0.210059  1  2109.02  3044
Mg24 	22335.8 	0.385543  1  -3783.75  9087
Mg24 	22335.8 	0.147095  1  2163.43  2833
Mg24 	22335.8 	0.308496  1  -2604.14  7899
Mg24 	22335.8 	0.324179  1  153.814  5101
Mg24 	22335.8 	0.1525  1  3401.85  1668
Mg24 	22335.8 	0.127342  1  -4995.94  10505
Mg24 	22335.8 	0.329828  1  -2754.12  8226
Mg24 	22335.8 	0.193273  1  1118.15  4076
Mg24 	22335.8 	0.232018  1  -99.4991  5457
Mg24 	22335.8 	0.441552  1  2039.8  3119
Mg24 	22335.8 	0.130824  1  -3972.8  9353
Mg24 	22335.8 	0.541103  1  -399.072  5584
Mg24 	22335.8 	0.154542  1  -4507.73  10190
Mg24 	22335.8 	0.152639  1  -3842.75  9356
Mg24 	22335.8 	0.149251  1  4461.58  573
Mg24 	22335.8 	0.174016  1  297.161  5073
Mg24 	22335.8 	0.248954  1  4646.02  428
Mg24 	22335.8 	1.43362  1  -2192.31  7684
Mg24 	22335.8 	0.331644  1  977.741  4213
Mg24 	22335.8 	0.234424  1  1236.96  3945
Mg24 	22335.8 	0.393875  1  -3607.73  9175
Mg24 	22335.8 	0.135443  1  -4911.48  10318
Mg24 	22335.8 	0.126277  1  827.288  4427
Mg24 	22335.8 	0.263177  1  -596.044  5859
Mg24 	22335.8 	0.137426  1  3729.14  1355
Mg24 	22335.8 	0.134312  1  -4147.08  9567
Mg24 	22335.8 	0.211081  1  -3834.73  9236
Mg24 	22335.8 	0.134677  1  -4550.97  10242
Mg24 	22335.8 	1.33496  1  390.94  4940
Mg24 	22335.8 	0.683357  1  -233.477  5527
Mg24 	22335.8 	0.128106  1  -1996.36  7506
Mg24 	22335.8 	0.148563  1  2517.57  2593
Mg24 	22335.8 	0.419929  1  4815.19  202
Mg24 	22335.8 	0.9699  1  480.641  4753
Mg24 	22335.8 	0.144913  1  3621.35  1416
Mg24 	22335.8 	0.590079  1  4466.11  567
Mg24 	22335.8 	5.55637  1  1654.08  3549
Mg24 	22335.8 	0.305107  1  -2064.96  7464
Mg24 	22335.8 	0.15938  1  -2701.53  8160
Mg24 	22335.8 	0.202881  1  4534.67  496
Mg24 	22335.8 	0.598563  1  2838.8  2217
Mg24 	22335.8 	0.317008  1  -69.527  5184
Mg24 	22335.8 	0.13465  1  3402.88  1648
Mg24 	22335.8 	0.132833  1  2392.68  2806
Mg24 	22335.8 	0.241115  1  3057.77  2075
Mg24 	22335.8 	0.199484  1  -4686.32  10217
Mg24 	22335.8 	0.50087  1  -2235.6  7743
Mg24 	22335.8 	0.238573  1  4113.77  879
Mg24 	22335.8 	0.180504  1  -1609.49  6943
Mg24 	22335.8 	0.263226  1  -2009.25  7540
Mg24 	22335.8 	0.132433  1  1887.88  3304
Mg24 	22335.8 	0.595048  1  4827.31  190
Mg24 	22335.8 	0.264278  1  -3536.74  8935
Mg24 	22335.8 	0.163016  1  -156.719  5368
Mg24 	22335.8 	0.185294  1  2826.34  2218
Mg24 	22335.8 	0.129129  1  -2645.34  8166
Mg24 	22335.8 	0.45776  1  -4076.97  9639
Mg24 	22335.8 	0.310721  1  -3207.42  8577
Mg24 	22335.8 	0.414465  1  4670.3  322
Mg24 	22335.8 	0.209062  1  2125.81  3036
Mg24 	22335.8 	0.265178  1  1725.18  3511
Mg24 	22335.8 	0.307836  1  1057.07  4048
Mg24 	22335.8 	0.440824  1  4952.55  41
Mg24 	22335.8 	0.149321  1  3629.72  1442
Mg24 	22335.8 	0.128501  1  -2704.55  7865
Mg24 	22335.8 	0.169508  1  -4636.56  10169
Mg24 	22335.8 	0.177655  1  1252.14  4026
Mg24 	22335.8 	0.158416  1  -1517.99  7016
Mg24 	22335.8 	0.268437  1  -563.546  5756
Mg24 	22335.8 	0.259038  1  869.389  4199
Mg24 	22335.8 	0.14836  1  -4867.92  10283
Mg24 	22335.8 	0.330952  1  4829.37  174
Mg24 	22335.8 	0.156223  1  -2917.25  8208
Mg24 	22335.8 	0.159908  1  3764.48  1284
Mg24 	22335.8 	0.429389  1  1857.83  3304
Mg24 	22335.8 	0.282318  1  -4403.13  9892
Mg24 	22335.8 	0.143462  1  4599.12  421
Mg24 	22335.8 	0.134173  1  -4482.62  10116
Mg24 	22335.8 	0.221847  1  1002.3  4251
Mg24 	22335.8 	0.318274  1  -2558.51  8046
Mg24 	22335.8 	0.131473  1  4015.51  1018
Mg24 	22335.8 	0.127453  1  101.503  5224
Mg24 	22335.8 	0.219293  1  830.471  4386
Mg24 	22335.8 	0.759053  1  136.306  5166
Mg24 	22335.8 	1.32496  1  -1658.32  6755
Mg24 	22335.8 	0.218859  1  2912.06  2204
Mg24 	22335.8 	0.286056  1  -2347.93  7920
Mg24 	22335.8 	0.131346  1  -452.238  5813
Mg24 	22335.8 	0.512057  1  -2736.31  8135
Mg24 	22335.8 	0.40111  1  -2724.33  8088
Mg24 	22335.8 	0.555418  1  1659.96  3621
Mg24 	22335.8 	0.499465  1  -2554.28  7997
Mg24 	22335.8 	0.150254  1  -905.731  6330
Mg24 	22335.8 	0.142255  1  -1064.82  6473
Mg24 	22335.8 	0.192296  1  3165.54  1962
Mg24 	22335.8 	0.322216  1  4160.18  920
Mg24 	22335.8 	0.14802  1  -738.049  5941
Mg24 	22335.8 	1.38585  1  4288.31  740
Mg24 	22335.8 	0.196876  1  3245.18  1861
Mg24 	22335.8 	0.199457  1  112.583  5166
Mg24 	22335.8 	0.240319  1  -4405.56  9883
Mg24 	22335.8 	0.325229  1  1405.16  3876
Mg24 	22335.8 	0.150741  1  2081.91  3067
Mg24 	22335.8 	0.162342  1  127.676  5035
Mg24 	22335.8 	0.149839  1  4446.78  600
Mg24 	22335.8 	0.150659  1  4114.64  999
Mg24 	22335.8 	0.134601  1  -1204.62  6486
Mg24 	22335.8 	0.574676  1  1335.05  3902
Mg24 	22335.8 	0.82807  1  -4659.79  10185
Mg24 	22335.8 	0.320412  1  1135.86  3999
Mg24 	22335.8 	0.34411  1  958.343  4338
Mg24 	22335.8 	0.128767  1  -31.0159  5118
Mg24 	22335.8 	0.266152  1  -336.383  5703
Mg24 	22335.8 	0.125565  1  -2611.56  8076
Mg24 	22335.8 	0.137092  1  -341.09  5681
Mg24 	22335.8 	0.288222  1  -1974.06  7264
Mg24 	22335.8 	0.216944  1  2408.98  2750
Mg24 	22335.8 	0.262822  1  -2519.2  8047
Mg24 	22335.8 	0.295357  1  1419.06  3770
Mg24 	22335.8 	0.158944  1  -3357.83  8706
Mg24 	22335.8 	0.196875  1  4920.22  81
Mg24 	22335.8 	0.488352  1  -1713.53  7071
Mg24 	22335.8 	0.258783  1  3373.17  1682
Mg24 	22335.8 	0.257554  1  -1323.91  6788
Mg24 	22335.8 	0.141033  1  4190.47  858
Mg24 	22335.8 	0.1864  1  2159.66  3017
Mg24 	22335.8 	0.175755  1  -2621.76  8085
Mg24 	22335.8 	0.136205  1  4226.56  879
Mg24 	22335.8 	0.241175  1  -273.649  5622
Mg24 	22335.8 	2.1415  1  970.027  4186
Mg24 	22335.8 	0.14239  1  2360.7  2772
Mg24 	22335.8 	0.164211  1  2743.09  2423
Mg24 	22335.8 	0.168155  1  2475.06  2697
Mg24 	22335.8 	0.322007  1  -2395.44  7752
Mg24 	22335.8 	0.284414  1  -2752.99  8192
Mg24 	22335.8 	0.821874  1  -1589.07  6976
Mg24 	22335.8 	0.51484  1  4606.12  402
Mg24 	22335.8 	0.453273  1  2891.29  2253
Mg24 	22335.8 	0.255411  1  921.12  4446
Mg24 	22335.8 	0.146828  1  -4492.46  10029
Mg24 	22335.8 	0.365471  1  4044.08  1051
Mg24 	22335.8 	0.170006  1  511.567  4807
Mg24 	22335.8 	0.162276  1  -3014.1  8480
Mg24 	22335.8 	0.18028  1  -4801.53  10254
Mg24 	22335.8 	0.900086  1  -2575.38  8026
Mg24 	22335.8 	0.204518  1  -2218.06  7577
Mg24 	22335.8 	0.32068  1  -2822.41  8312
Mg24 	22335.8 	0.130318  1  176.812  5068
Mg24 	22335.8 	0.145171  1  2662.32  2513
Mg24 	22335.8 	0.24464  1  4060.45  987
Mg24 	22335.8 	0.12934  1  480.415  4794
Mg24 	22335.8 	0.161367  1  -10.0325  5365
Mg24 	22335.8 	0.189698  1  -3167.26  8415
Mg24 	22335.8 	0.154242  1  -883.624  6127
Mg24 	22335.8 	0.318709  1  1161.61  4113
Mg24 	22335.8 	0.177605  1  1839.9  3235
Mg24 	22335.8 	0.181029  1  4928.1  77
Mg24 	22335.8 	0.17661  1  3908.11  1151
Mg24 	22335.8 	0.148717  1  -786.683  6137
Mg24 	22335.8 	0.126241  1  -2938.76  8257
Mg24 	22335.8 	0.391534  1  -4921.64  10533
Mg24 	22335.8 	0.488711  1  -4242.62  9530
Mg24 	22335.8 	0.17094  1  -4955.96  10599
Mg24 	22335.8 	0.283187  1  -2628.29  8146
Mg24 	22335.8 	0.159159  1  -4356.07  9677
Mg24 	22335.8 	0.13056  1  -3553.24  9065
Mg24 	22335.8 	0.21339  1  -3454.74  8817
Mg24 	22335.8 	0.268811  1  810.284  4398
Mg24 	22335.8 	0.489298  1  1501.11  3833
Mg24 	22335.8 	0.132544  1  641.513  4511
Mg24 	22335.8 	0.222265  1  2012.27  3050
Mg24 	22335.8 	0.306851  1  4599.01  456
Mg24 	22335.8 	0.413866  1  414.455  4709
Mg24 	22335.8 	0.151634  1  -4703.82  10217
Mg24 	22335.8 	0.236102  1  -4299.79  9842
Mg24 	22335.8 	0.133146  1  2605.61  2468
Mg24 	22335.8 	0.503823  1  342.047  4774
Mg24 	22335.8 	0.452162  1  -2609.94  8096
Mg24 	22335.8 	0.596592  1  3636.28  1477
Mg24 	22335.8 	0.207499  1  -2813.02  8111
Mg24 	22335.8 	0.421516  1  1972.56  3192
Mg24 	22335.8 	0.426436  1  -4973.18  10450
Mg24 	22335.8 	0.437461  1  2918.54  2126
Mg24 	22335.8 	0.131053  1  -2370.1  7761
Mg24 	22335.8 	0.195872  1  -777.92  6011
Mg24 	22335.8 	0.177212  1  -503.153  5960
Mg24 	22335.8 	0.242831  1  -4470.98  10087
Mg24 	22335.8 	0.253452  1  1413.5  3732
Mg24 	22335.8 	0.759807  1  -3410.58  8799
Mg24 	22335.8 	0.453337  1  1338.02  3873
Mg24 	22335.8 	0.264285  1  987.117  4223
Mg24 	22335.8 	0.337318  1  3687.98  1388
Mg24 	22335.8 	0.175671  1  -2405.55  7840
Mg24 	22335.8 	0.162713  1  -2352.2  7730
Mg24 	22335.8 	0.390329  1  4225.74  792
Mg24 	22335.8 	0.379514  1  -3580.02  9067
Mg24 	22335.8 	0.302481  1  1326.33  3738
Mg24 	22335.8 	0.131784  1  -2270.22  7639
Mg24 	22335.8 	0.365858  1  -3384.53  8821
Mg24 	22335.8 	0.237975  1  -1709.27  7037
Mg24 	22335.8 	0.143089  1  -220.582  5370
Mg24 	22335.8 	0.127931  1  3137.92  2012
Mg24 	22335.8 	0.653735  1  830.634  4431
Mg24 	22335.8 	0.306559  1  1873.5  3321
Mg24 	22335.8 	0.179777  1  3927.73  1161
Mg24 	22335.8 	0.206233  1  -4197.97  9657
Mg24 	22335.8 	0.128857  1  -1450.21  6760
Mg24 	22335.8 	0.134312  1  -3800.64  9216
Mg24 	22335.8 	0.215426  1  -2390.5  7767
Mg24 	22335.8 	0.213888  1  2894.17  2170
Mg24 	22335.8 	0.210417  1  -3996.62  9300
Mg24 	22335.8 	0.232788  1  -880.82  6360
Mg24 	22335.8 	0.79492  1  -4797.3  10421
Mg24 	22335.8 	0.17022  1  -2049.68  7375
Mg24 	22335.8 	0.178699  1  -4.49405  5252
Mg24 	22335.8 	0.293669  1  410.331  4843
Mg24 	22335.8 	0.132141  1  -4610.82  10159
Mg24 	22335.8 	0.241953  1  1746.07  3470
Mg24 	22335.8 	0.284925  1  -3841.99  9244
Mg24 	22335.8 	0.822351  1  -954.326  6303
Mg24 	22335.8 	0.142175  1  1330.53  3846
Mg24 	22335.8 	0.19893  1  -405.242  5765
Mg24 	22335.8 	0.150953  1  -1931.71  7464
Mg24 	22335.8 	0.130779  1  -2976.5  8363
Mg24 	22335.8 	0.271923  1  1992.72  3185
Mg24 	22335.8 	0.315287  1  -956.891  6368
Mg24 	22335.8 	0.130196  1  2878.13  2200
Mg24 	22335.8 	0.182374  1  3121.86  1991
Mg24 	22335.8 	0.28122  1  1502.43  3532
Mg24 	22335.8 	0.188436  1  3075.34  1989
Mg24 	22335.8 	0.369437  1  173.095  4963
Mg24 	22335.8 	0.427307  1  -1210.93  6468
Mg24 	22335.8 	0.143122  1  487.832  4653
Mg24 	22335.8 	0.857585  1  -1461.84  6883
Mg24 	22335.8 	0.495485  1  4688.29  360
Mg24 	22335.8 	0.238554  1  -1263.78  6796
Mg24 	22335.8 	0.138669  1  -4255.96  9739
Mg24 	22335.8 	0.141817  1  4015.04  1039
Mg24 	22335.8 	0.153023  1  -1620.67  7010
Mg24 	22335.8 	0.148091  1  2606.87  2543
Mg24 	22335.8 	0.134729  1  27.1632  5227
Mg24 	22335.8 	0.213155  1  928.385  4209
Mg24 	22335.8 	0.22581  1  1886.66  3169
Mg24 	22335.8 	0.175264  1  779.726  4516
Mg24 	22335.8 	0.830461  1  3439.38  1659
Mg24 	22335.8 	0.151286  1  3725.76  1380
Mg24 	22335.8 	0.245179  1  -2187.09  7684
Mg24 	22335.8 	0.243015  1  -3561.25  9084
Mg24 	22335.8 	0.270238  1  -2480.59  7847
Mg24 	22335.8 	0.276749  1  1816.38  3374
Mg24 	22335.8 	0.49362  1  1497.07  3706
Mg24 	22335.8 	0.207233  1  3334.16  1738
Mg24 	22335.8 	0.125708  1  -42.178  5204
Mg24 	22335.8 	0.150483  1  4205.14  861
Mg24 	22335.8 	0.145921  1  2350.68  2723
Mg24 	22335.8 	0.183653  1  -3115.89  8495
Mg24 	22335.8 	0.17723  1  -2223.85  7480
Mg24 	22335.8 	0.133195  1  2749.31  2408
Mg24 	22335.8 	0.150816  1  -2370.76  7773
Mg24 	22335.8 	0.773497  1  510.662  4787
Mg24 	22335.8 	0.769074  1  -2637.48  8078
Mg24 	22335.8 	7.82186  1  2747.78  2365
Mg24 	22335.8 	0.18265  1  1556.39  3572
Mg24 	22335.8 	0.133884  1  1427.36  3675
Mg24 	22335.8 	0.239009  1  -3031.93  8488
Mg24 	22335.8 	0.192974  1  4012.95  1009
Mg24 	22335.8 	0.339443  1  -2911.24  8466
Mg24 	22335.8 	0.13862  1  -3105.35  8489
Mg24 	22335.8 	0.153828  1  -3751.57  9145
Mg24 	22335.8 	0.174826  1  1950.51  3222
Mg24 	22335.8 	0.214087  1  -3856.93  9325
Mg24 	22335.8 	0.826228  1  249.901  5069
Mg24 	22335.8 	0.142365  1  4387.88  654
Mg24 	22335.8 	0.277742  1  -1286.62  6623
Mg24 	22335.8 	0.169422  1  2796.63  2395
Mg24 	22335.8 	0.371882  1  -2177.39  7503
Mg24 	22335.8 	0.389376  1  -4470.7  9844
Mg24 	22335.8 	0.370601  1  -459.481  5790
Mg24 	22335.8 	0.146467  1  -3691.22  9077
Mg24 	22335.8 	0.127312  1  60.5987  5286
Mg24 	22335.8 	0.284078  1  -2697.06  8097
Mg24 	22335.8 	0.349861  1  3185.71  1878
Mg24 	22335.8 	0.16088  1  -834.914  6015
Mg24 	22335.8 	0.561832  1  1411.04  3715
Mg24 	22335.8 	0.149802  1  -767.012  6010
Mg24 	22335.8 	0.162621  1  -2794.77  8081
Mg24 	22335.8 	0.553558  1  -4346.05  9958
Mg24 	22335.8 	0.914529  1  -4919.64  10309
Mg24 	22335.8 	0.1793  1  -4209.18  9547
Mg24 	22335.8 	0.523805  1  4818.42  196
Mg24 	22335.8 	0.587793  1  -4382.57  9887
Mg24 	22335.8 	0.898303  1  2594.51  2483
Mg24 	22335.8 	0.197611  1  3280.98  1803
Mg24 	22335.8 	0.151824  1  -2330.67  7722
Mg24 	22335.8 	0.15586  1  -4729.8  10228
Mg24 	22335.8 	0.128312  1  -3897.01  9486
Mg24 	22335.8 	0.394222  1  3807.77  1325
Mg24 	22335.8 	0.228621  1  -2639.21  7977
Mg24 	22335.8 	0.6944  1  2321.43  2872
Mg24 	22335.8 	0.14038  1  4899.13  129
Mg24 	22335.8 	0.532117  1  2777.56  2337
Mg24 	22335.8 	0.13978  1  -2350.59  7888
Mg24 	22335.8 	0.186136  1  3095.64  2023
Mg24 	22335.8 	0.177986  1  1780.37  3455
Mg24 	22335.8 	0.283652  1  1697.28  3408
Mg24 	22335.8 	0.591597  1  -2191.57  7559
Mg24 	22335.8 	0.192752  1  1850.37  3365
Mg24 	22335.8 	0.483014  1  -4585.6  10173
Mg24 	22335.8 	0.350039  1  -1841.15  7370
Mg24 	22335.8 	0.684333  1  -4223.42  9678
Mg24 	22335.8 	0.14407  1  4880.14  123
Mg24 	22335.8 	0.244303  1  3768.1  1275
Mg24 	22335.8 	0.200187  1  -91.6623  5474
Mg24 	22335.8 	0.327313  1  594.762  4622
Mg24 	22335.8 	0.171338  1  -2671.75  8035
Mg24 	22335.8 	0.187959  1  1012.2  4232
