Mg24 	22335.8 	0.153346  1  1330.49  3881
Mg24 	22335.8 	0.158925  1  258.983  4971
Mg24 	22335.8 	0.799821  1  -3927.76  9336
Mg24 	22335.8 	0.15224  1  -2696.11  8135
Mg24 	22335.8 	0.186353  1  1515.12  3668
Mg24 	22335.8 	0.294573  1  -3261.67  8637
Mg24 	22335.8 	0.509413  1  437.563  4826
Mg24 	22335.8 	0.157743  1  4035.59  1019
Mg24 	22335.8 	0.435614  1  -4601.26  10048
Mg24 	22335.8 	0.486684  1  3652.4  1356
Mg24 	22335.8 	0.189881  1  3068.58  1972
Mg24 	22335.8 	0.321351  1  0.353821  5329
Mg24 	22335.8 	0.261154  1  -87.5964  5342
Mg24 	22335.8 	0.130743  1  -4908.64  10384
Mg24 	22335.8 	3.02468  1  -2876.32  8326
Mg24 	22335.8 	0.360321  1  -3821.91  9264
Mg24 	22335.8 	0.142204  1  -4692.43  10030
Mg24 	22335.8 	0.173624  1  -4362.86  9819
Mg24 	22335.8 	0.776356  1  -4857.61  10170
Mg24 	22335.8 	0.467871  1  -4540.05  9960
Mg24 	22335.8 	0.158839  1  4576.08  494
Mg24 	22335.8 	0.487865  1  1055.05  4203
Mg24 	22335.8 	0.267796  1  -2168.35  7476
Mg24 	22335.8 	0.279478  1  -3724.55  9190
Mg24 	22335.8 	0.153706  1  4191.81  853
Mg24 	22335.8 	0.223418  1  -2761.63  8250
Mg24 	22335.8 	0.173842  1  363.317  4853
Mg24 	22335.8 	0.221719  1  2847.87  2192
Mg24 	22335.8 	0.187934  1  4210.44  825
Mg24 	22335.8 	0.21576  1  4768.87  234
Mg24 	22335.8 	0.21881  1  -882.381  6238
Mg24 	22335.8 	0.153066  1  -4233.24  9673
Mg24 	22335.8 	0.186341  1  1142.56  4009
Mg24 	22335.8 	0.20617  1  1679.92  3470
Mg24 	22335.8 	0.147855  1  628.728  4590
Mg24 	22335.8 	0.19184  1  -1331.13  6568
Mg24 	22335.8 	0.16808  1  3650.79  1504
Mg24 	22335.8 	0.295197  1  -1900.34  7204
Mg24 	22335.8 	0.202179  1  -3575.39  8933
Mg24 	22335.8 	0.147886  1  -3243.2  8613
Mg24 	22335.8 	0.391652  1  3444.46  1621
Mg24 	22335.8 	0.157243  1  1087.29  4060
Mg24 	22335.8 	0.444923  1  2090.69  3015
Mg24 	22335.8 	0.205753  1  2374.6  2784
Mg24 	22335.8 	0.144989  1  -4939.47  10436
Mg24 	22335.8 	0.147076  1  -3192.37  8606
Mg24 	22335.8 	0.173021  1  1900.86  3244
Mg24 	22335.8 	0.35178  1  -2762.61  8135
Mg24 	22335.8 	0.196366  1  26.5602  5221
Mg24 	22335.8 	0.802317  1  4282.7  733
Mg24 	22335.8 	0.31342  1  3265.93  1779
Mg24 	22335.8 	0.312462  1  205.477  4933
Mg24 	22335.8 	0.135716  1  4788.37  226
Mg24 	22335.8 	0.156094  1  -85.2011  5323
Mg24 	22335.8 	0.146728  1  -3139.45  8668
Mg24 	22335.8 	0.13719  1  4031.67  1028
Mg24 	22335.8 	0.167522  1  317.491  4953
Mg24 	22335.8 	0.126343  1  4879.01  129
Mg24 	22335.8 	0.632348  1  -2785.84  8269
Mg24 	22335.8 	0.171652  1  -4241.74  9645
Mg24 	22335.8 	0.205362  1  -1408.74  6627
Mg24 	22335.8 	4.69929  1  -1334.89  6588
Mg24 	22335.8 	0.165646  1  -3192.72  8611
Mg24 	22335.8 	0.367346  1  1671.23  3492
Mg24 	22335.8 	0.235703  1  -2626.96  7994
Mg24 	22335.8 	0.159209  1  4347.85  688
Mg24 	22335.8 	0.210339  1  108.111  5141
Mg24 	22335.8 	0.183896  1  -92.0878  5359
Mg24 	22335.8 	0.263741  1  -3730.44  9233
Mg24 	22335.8 	0.199757  1  -456.075  5632
Mg24 	22335.8 	0.297534  1  2683.01  2478
Mg24 	22335.8 	0.193139  1  1277.12  3884
Mg24 	22335.8 	0.167834  1  -1122.53  6512
Mg24 	22335.8 	0.282381  1  3980.46  1104
Mg24 	22335.8 	0.389138  1  -1639.08  7066
Mg24 	22335.8 	0.423535  1  -3917.69  9351
Mg24 	22335.8 	0.130154  1  -4349.48  9804
Mg24 	22335.8 	0.191161  1  -3991.7  9339
Mg24 	22335.8 	0.159853  1  -2243.05  7675
Mg24 	22335.8 	0.255577  1  4253.14  693
Mg24 	22335.8 	0.400538  1  -3523.24  8916
Mg24 	22335.8 	0.263286  1  -4418.77  9788
Mg24 	22335.8 	0.505442  1  1629.77  3633
Mg24 	22335.8 	0.166317  1  -4178.24  9558
Mg24 	22335.8 	0.220039  1  -4512.01  9995
Mg24 	22335.8 	0.13419  1  1279.4  3899
Mg24 	22335.8 	0.228967  1  4598.22  394
Mg24 	22335.8 	0.178259  1  4315.65  743
Mg24 	22335.8 	0.328044  1  -695.526  5985
Mg24 	22335.8 	0.133236  1  3450.59  1609
Mg24 	22335.8 	0.413774  1  -2687.56  8030
Mg24 	22335.8 	0.17102  1  -3354.31  8820
Mg24 	22335.8 	0.152345  1  -1739.6  7029
Mg24 	22335.8 	1.69116  1  2883.84  2232
Mg24 	22335.8 	0.144914  1  -656.218  5879
Mg24 	22335.8 	1.58305  1  1306.92  3999
Mg24 	22335.8 	0.299108  1  -4687.56  10142
Mg24 	22335.8 	0.386486  1  438.535  4758
Mg24 	22335.8 	0.153544  1  -1010.82  6241
Mg24 	22335.8 	0.146731  1  -2093.79  7516
Mg24 	22335.8 	0.133219  1  3868.36  1137
Mg24 	22335.8 	0.549777  1  293.675  4919
Mg24 	22335.8 	0.180473  1  -1858.85  7215
Mg24 	22335.8 	0.213985  1  -1635.03  7094
Mg24 	22335.8 	0.129125  1  611.202  4644
Mg24 	22335.8 	0.130613  1  -1027.64  6280
Mg24 	22335.8 	0.143003  1  -1953.74  7173
Mg24 	22335.8 	0.147629  1  -1679.16  7079
Mg24 	22335.8 	0.276645  1  -4360.75  10000
Mg24 	22335.8 	0.474064  1  -1467.41  6785
Mg24 	22335.8 	0.768759  1  3079.6  2054
Mg24 	22335.8 	0.513739  1  539.97  4694
Mg24 	22335.8 	0.785005  1  -4120.7  9404
Mg24 	22335.8 	0.247662  1  1034.74  4275
Mg24 	22335.8 	0.375594  1  1376.32  3771
Mg24 	22335.8 	0.291348  1  2570.11  2535
Mg24 	22335.8 	0.176832  1  -4031.43  9395
Mg24 	22335.8 	0.147796  1  3759.13  1313
Mg24 	22335.8 	0.303213  1  21.0768  5127
Mg24 	22335.8 	0.182256  1  2437.67  2709
Mg24 	22335.8 	0.147645  1  4234.99  806
Mg24 	22335.8 	0.259196  1  -1535.66  6880
Mg24 	22335.8 	0.129512  1  -4965.57  10531
Mg24 	22335.8 	0.379038  1  2414.01  2705
Mg24 	22335.8 	0.183986  1  -23.9914  5192
Mg24 	22335.8 	0.126806  1  -1895.77  7297
Mg24 	22335.8 	0.183557  1  -83.0665  5301
Mg24 	22335.8 	0.662432  1  -3580.64  8853
Mg24 	22335.8 	0.161444  1  4421.2  665
Mg24 	22335.8 	0.264416  1  688.013  4562
Mg24 	22335.8 	0.337447  1  3723.75  1298
Mg24 	22335.8 	0.166328  1  412.97  4812
Mg24 	22335.8 	0.594254  1  -3030.96  8456
Mg24 	22335.8 	0.12765  1  1762.12  3472
Mg24 	22335.8 	0.137117  1  389.571  4768
Mg24 	22335.8 	1.17154  1  878.179  4371
Mg24 	22335.8 	0.145495  1  6.21352  5352
Mg24 	22335.8 	1.09249  1  -1214.41  6588
Mg24 	22335.8 	0.194869  1  -2032.07  7398
Mg24 	22335.8 	0.207117  1  1280.01  4005
Mg24 	22335.8 	0.176658  1  3133.14  2005
Mg24 	22335.8 	0.185288  1  -452.051  5715
Mg24 	22335.8 	2.7685  1  2827.99  2237
Mg24 	22335.8 	0.334174  1  -96.6838  5321
Mg24 	22335.8 	0.464116  1  3344.78  1741
Mg24 	22335.8 	0.18277  1  4603.28  443
Mg24 	22335.8 	0.166861  1  -857.753  6063
Mg24 	22335.8 	0.446341  1  -4953.4  10524
Mg24 	22335.8 	0.129796  1  1356.56  3896
Mg24 	22335.8 	0.125523  1  1402.46  3777
Mg24 	22335.8 	0.128318  1  521.908  4655
Mg24 	22335.8 	0.223769  1  -2774.25  8037
Mg24 	22335.8 	0.258637  1  -3169.33  8620
Mg24 	22335.8 	0.165764  1  -4872.51  10384
Mg24 	22335.8 	0.131311  1  -441.412  5709
Mg24 	22335.8 	0.127769  1  2612.49  2539
Mg24 	22335.8 	0.138074  1  1249.74  3877
Mg24 	22335.8 	0.136539  1  1277.86  3937
Mg24 	22335.8 	0.276239  1  -3240.16  8592
Mg24 	22335.8 	0.152142  1  -4991.81  10396
Mg24 	22335.8 	0.470637  1  150.228  5023
Mg24 	22335.8 	0.302706  1  340.237  4930
Mg24 	22335.8 	0.171763  1  2679.54  2389
Mg24 	22335.8 	0.207706  1  -1831.63  7032
Mg24 	22335.8 	0.134502  1  -4804.07  10420
Mg24 	22335.8 	1.05127  1  -3515.49  9061
Mg24 	22335.8 	0.867822  1  1916.7  3291
Mg24 	22335.8 	0.508529  1  -2723.78  8176
Mg24 	22335.8 	0.394758  1  1947.29  3182
Mg24 	22335.8 	0.175973  1  -1229.67  6614
Mg24 	22335.8 	0.193624  1  -370.534  5554
Mg24 	22335.8 	0.232056  1  3946.12  1138
Mg24 	22335.8 	0.193416  1  -4087.8  9499
Mg24 	22335.8 	0.143962  1  2107.99  3021
Mg24 	22335.8 	0.160374  1  4596.31  422
Mg24 	22335.8 	0.136382  1  -77.6671  5285
Mg24 	22335.8 	0.149272  1  -1931.42  7254
Mg24 	22335.8 	0.132295  1  4740.89  270
Mg24 	22335.8 	0.126759  1  763.186  4448
Mg24 	22335.8 	0.133095  1  -4590.48  10042
Mg24 	22335.8 	0.384849  1  3135.94  2000
Mg24 	22335.8 	0.567863  1  -1883.36  7320
Mg24 	22335.8 	0.17827  1  -302.765  5465
Mg24 	22335.8 	0.640238  1  2859.07  2218
Mg24 	22335.8 	0.346821  1  4496.38  513
Mg24 	22335.8 	0.148336  1  3352.51  1746
Mg24 	22335.8 	0.18173  1  -785.757  5999
Mg24 	22335.8 	0.268902  1  2540.78  2614
Mg24 	22335.8 	0.156873  1  -4697.09  10209
Mg24 	22335.8 	0.166442  1  -4734.58  10252
Mg24 	22335.8 	0.193802  1  3210.28  1856
Mg24 	22335.8 	0.281478  1  -3570.91  8892
Mg24 	22335.8 	0.156681  1  -2873.82  8242
Mg24 	22335.8 	0.128183  1  -1688.06  6822
Mg24 	22335.8 	0.218179  1  4970.76  32
Mg24 	22335.8 	0.183694  1  2610.36  2573
Mg24 	22335.8 	0.186257  1  -1757.16  7133
Mg24 	22335.8 	0.272749  1  -571.59  5935
Mg24 	22335.8 	0.170366  1  -2478.39  7972
Mg24 	22335.8 	0.202406  1  1949.44  3302
Mg24 	22335.8 	3.94377  1  2885.94  2365
Mg24 	22335.8 	0.244323  1  688.369  4473
Mg24 	22335.8 	0.139579  1  2160.82  3050
Mg24 	22335.8 	0.139326  1  168.604  5127
Mg24 	22335.8 	0.137063  1  581.435  4665
Mg24 	22335.8 	0.128152  1  3391.67  1707
Mg24 	22335.8 	0.629921  1  -2456.19  7844
Mg24 	22335.8 	0.21918  1  348.569  4855
Mg24 	22335.8 	0.128529  1  4122.36  973
Mg24 	22335.8 	0.142872  1  2737.39  2370
Mg24 	22335.8 	0.224012  1  -2526.6  7723
Mg24 	22335.8 	0.22799  1  2889.03  2200
Mg24 	22335.8 	0.615392  1  -2378.53  7714
Mg24 	22335.8 	0.180313  1  4318.49  742
Mg24 	22335.8 	0.147998  1  -206.666  5527
Mg24 	22335.8 	2.43048  1  -261.827  5747
Mg24 	22335.8 	0.455338  1  857.905  4300
Mg24 	22335.8 	0.271587  1  2057.02  3096
Mg24 	22335.8 	0.150385  1  -2443.88  7836
Mg24 	22335.8 	0.232969  1  1359.03  3776
Mg24 	22335.8 	0.194182  1  4343.69  689
Mg24 	22335.8 	0.153529  1  1646.82  3655
Mg24 	22335.8 	0.316884  1  -2173.46  7544
Mg24 	22335.8 	0.130233  1  2928.65  2103
Mg24 	22335.8 	0.211436  1  1674.41  3407
Mg24 	22335.8 	0.134558  1  3604.62  1415
Mg24 	22335.8 	0.673217  1  1003.15  4186
Mg24 	22335.8 	0.141871  1  -3107.03  8484
Mg24 	22335.8 	0.142785  1  4536.58  479
Mg24 	22335.8 	0.27859  1  372.729  4877
Mg24 	22335.8 	0.395804  1  -58.7859  5338
Mg24 	22335.8 	0.35895  1  -3638.09  9005
Mg24 	22335.8 	0.14321  1  -2150.41  7495
Mg24 	22335.8 	0.607679  1  -1221.05  6504
Mg24 	22335.8 	0.233342  1  -2373.76  7836
Mg24 	22335.8 	0.144584  1  4683.79  336
Mg24 	22335.8 	0.24568  1  3966.43  1096
Mg24 	22335.8 	0.944947  1  -3509.95  8964
Mg24 	22335.8 	0.200372  1  -507.43  5738
Mg24 	22335.8 	0.186446  1  936.023  4148
Mg24 	22335.8 	0.230681  1  -2058.38  7428
Mg24 	22335.8 	0.15613  1  -2530.26  7889
Mg24 	22335.8 	0.170781  1  -457.259  5652
Mg24 	22335.8 	0.373361  1  2657.75  2420
Mg24 	22335.8 	1.52245  1  -2309.33  7614
Mg24 	22335.8 	0.167546  1  -1078.19  6350
Mg24 	22335.8 	0.188269  1  926.952  4195
Mg24 	22335.8 	0.125885  1  -2091.71  7463
Mg24 	22335.8 	0.142177  1  2963.53  2087
Mg24 	22335.8 	0.220632  1  -195.32  5453
Mg24 	22335.8 	0.13809  1  -3185.82  8606
Mg24 	22335.8 	0.194537  1  -4375.45  9855
Mg24 	22335.8 	0.579224  1  -3154.48  8456
Mg24 	22335.8 	0.206518  1  691.643  4468
Mg24 	22335.8 	0.450583  1  1814.78  3314
Mg24 	22335.8 	0.595577  1  -494.315  5903
Mg24 	22335.8 	0.193951  1  549.566  4700
Mg24 	22335.8 	0.167767  1  -3513.31  8897
Mg24 	22335.8 	0.276746  1  -4100.22  9509
Mg24 	22335.8 	0.135377  1  -722.454  6080
Mg24 	22335.8 	0.460819  1  2461.8  2676
Mg24 	22335.8 	0.154597  1  3275.25  1857
Mg24 	22335.8 	0.197625  1  4807.75  173
Mg24 	22335.8 	0.15927  1  2060.18  3022
Mg24 	22335.8 	0.608962  1  -2691.86  7994
Mg24 	22335.8 	0.366441  1  2690.3  2478
Mg24 	22335.8 	0.639516  1  -3730.3  9133
Mg24 	22335.8 	0.171167  1  -529.649  5799
Mg24 	22335.8 	0.192438  1  -3279.08  8685
Mg24 	22335.8 	0.343122  1  3681.48  1419
Mg24 	22335.8 	0.330519  1  -3858.79  9458
Mg24 	22335.8 	0.139458  1  -2977.24  8314
Mg24 	22335.8 	0.338781  1  -2259.12  7582
Mg24 	22335.8 	0.27848  1  4158.52  914
Mg24 	22335.8 	1.92028  1  -49.9653  5343
Mg24 	22335.8 	0.49599  1  -3956.51  9378
Mg24 	22335.8 	0.330123  1  -2671.21  7983
Mg24 	22335.8 	0.128514  1  -658.892  5879
Mg24 	22335.8 	0.148126  1  2613.55  2581
Mg24 	22335.8 	0.166916  1  1079.27  4157
Mg24 	22335.8 	0.155537  1  -2748.51  8134
Mg24 	22335.8 	0.279995  1  -2101.71  7560
Mg24 	22335.8 	0.145096  1  2348.53  2667
Mg24 	22335.8 	0.193933  1  -670.138  6025
Mg24 	22335.8 	0.295383  1  -1147.41  6413
Mg24 	22335.8 	0.584895  1  -2069.07  7281
Mg24 	22335.8 	0.483564  1  -1971.26  7263
Mg24 	22335.8 	0.365098  1  4551.37  461
Mg24 	22335.8 	0.356675  1  -2766.5  8152
Mg24 	22335.8 	0.470772  1  3969.61  1149
Mg24 	22335.8 	0.314292  1  -3398.33  8928
Mg24 	22335.8 	0.247615  1  1864.22  3239
Mg24 	22335.8 	0.243519  1  -1548.08  6806
Mg24 	22335.8 	0.209903  1  4069.17  961
Mg24 	22335.8 	0.372188  1  -4490.7  9944
Mg24 	22335.8 	0.216548  1  -3269.92  8552
Mg24 	22335.8 	0.143971  1  740.594  4624
Mg24 	22335.8 	0.414371  1  -2341.76  7602
Mg24 	22335.8 	0.174325  1  4543.25  471
Mg24 	22335.8 	0.36815  1  1179.83  3974
Mg24 	22335.8 	0.133202  1  4314.08  704
Mg24 	22335.8 	0.228661  1  97.6133  4953
Mg24 	22335.8 	0.196773  1  -539.798  5686
Mg24 	22335.8 	0.146289  1  -853.972  6176
Mg24 	22335.8 	0.155872  1  -4635.2  10092
Mg24 	22335.8 	0.295748  1  1430.89  3713
Mg24 	22335.8 	0.188968  1  -162.109  5462
Mg24 	22335.8 	0.192467  1  -895.515  6119
Mg24 	22335.8 	0.23972  1  4633.1  358
Mg24 	22335.8 	0.735469  1  123.333  5091
Mg24 	22335.8 	0.387929  1  -1931.91  7155
Mg24 	22335.8 	0.251398  1  4340.79  724
Mg24 	22335.8 	0.203265  1  -4726.62  10318
Mg24 	22335.8 	0.221088  1  3980.56  1006
Mg24 	22335.8 	0.136784  1  -4442.16  9889
Mg24 	22335.8 	0.388105  1  4583.03  420
Mg24 	22335.8 	0.294799  1  -4390.27  9845
Mg24 	22335.8 	0.134233  1  -656.992  6031
Mg24 	22335.8 	0.138126  1  4541.54  489
Mg24 	22335.8 	0.45036  1  4396.47  597
Mg24 	22335.8 	0.216265  1  -2640.15  8106
Mg24 	22335.8 	0.80903  1  -1255.62  6525
Mg24 	22335.8 	0.405684  1  -120.121  5241
Mg24 	22335.8 	0.14669  1  3337.56  1810
Mg24 	22335.8 	0.203437  1  2445.02  2635
Mg24 	22335.8 	0.160011  1  4640.09  390
Mg24 	22335.8 	0.171423  1  -96.7849  5291
Mg24 	22335.8 	0.663947  1  -521.01  5733
Mg24 	22335.8 	0.130252  1  3626.35  1321
Mg24 	22335.8 	0.332626  1  -2659.46  8031
Mg24 	22335.8 	0.179791  1  -684.55  6082
Mg24 	22335.8 	0.175701  1  2533.98  2595
Mg24 	22335.8 	0.197275  1  -2881.08  8443
Mg24 	22335.8 	0.376956  1  -3199.05  8552
Mg24 	22335.8 	0.187611  1  372.959  4855
Mg24 	22335.8 	0.185127  1  1743.5  3299
Mg24 	22335.8 	0.156204  1  -2316.89  7620
Mg24 	22335.8 	0.285259  1  2783.8  2408
Mg24 	22335.8 	0.185126  1  -1052.65  6320
Mg24 	22335.8 	0.318615  1  -4195.23  9871
Mg24 	22335.8 	0.146722  1  2311.13  2810
Mg24 	22335.8 	0.222293  1  -4786.07  10156
Mg24 	22335.8 	1.04972  1  2156.35  2978
Mg24 	22335.8 	0.15753  1  881.817  4320
Mg24 	22335.8 	0.198046  1  2493.79  2635
Mg24 	22335.8 	0.304225  1  1365.23  3830
Mg24 	22335.8 	0.249894  1  -3309.22  8859
Mg24 	22335.8 	0.240274  1  -2577  7952
Mg24 	22335.8 	0.150137  1  4626.63  382
Mg24 	22335.8 	0.159795  1  545.283  4641
Mg24 	22335.8 	0.183819  1  580.779  4465
Mg24 	22335.8 	0.143477  1  -4371.16  9894
Mg24 	22335.8 	0.21954  1  -4988.96  10529
Mg24 	22335.8 	0.361295  1  -3222.49  8597
Mg24 	22335.8 	0.184395  1  -3313.41  8935
Mg24 	22335.8 	0.268088  1  4334.38  711
Mg24 	22335.8 	0.134271  1  954.469  4216
Mg24 	22335.8 	0.380063  1  1454.62  3693
Mg24 	22335.8 	0.181928  1  -4043.75  9555
Mg24 	22335.8 	0.240403  1  869.927  4452
Mg24 	22335.8 	0.163816  1  1850.79  3269
Mg24 	22335.8 	0.410247  1  772.752  4289
Mg24 	22335.8 	0.126233  1  3681.72  1402
Mg24 	22335.8 	0.140415  1  804.192  4324
Mg24 	22335.8 	0.152667  1  4622.53  428
Mg24 	22335.8 	0.200716  1  4878.96  126
Mg24 	22335.8 	0.154708  1  -943.754  6250
Mg24 	22335.8 	0.169652  1  5.38929  5341
Mg24 	22335.8 	0.584166  1  2506.22  2671
Mg24 	22335.8 	0.226893  1  -3387.74  8805
Mg24 	22335.8 	0.165693  1  2034.6  3083
Mg24 	22335.8 	0.137626  1  -491.966  5881
Mg24 	22335.8 	0.351286  1  -2541.69  7879
Mg24 	22335.8 	0.184967  1  -1053.62  6242
Mg24 	22335.8 	0.156281  1  1418.5  3876
Mg24 	22335.8 	0.145503  1  3872.26  1131
Mg24 	22335.8 	0.747339  1  -2722.01  7911
Mg24 	22335.8 	0.234853  1  -4254.19  9581
Mg24 	22335.8 	0.253128  1  1542.59  3590
Mg24 	22335.8 	0.128625  1  2312.34  2835
Mg24 	22335.8 	0.199632  1  3507.68  1551
Mg24 	22335.8 	0.135388  1  2498.01  2593
Mg24 	22335.8 	0.196694  1  -1344.75  6576
Mg24 	22335.8 	0.131955  1  -2311.13  7814
Mg24 	22335.8 	0.197377  1  4669.83  348
Mg24 	22335.8 	0.175686  1  -2663.32  8109
Mg24 	22335.8 	0.133843  1  -3902.45  9535
Mg24 	22335.8 	0.23604  1  2863.49  2251
Mg24 	22335.8 	0.188087  1  847.069  4330
Mg24 	22335.8 	7.94291  1  -764.895  6142
Mg24 	22335.8 	0.223408  1  -407.837  5709
Mg24 	22335.8 	0.182913  1  -718.63  5887
Mg24 	22335.8 	0.321148  1  -3622.53  9060
Mg24 	22335.8 	0.873421  1  4122.66  945
Mg24 	22335.8 	0.212335  1  -1892.8  7111
Mg24 	22335.8 	0.290306  1  2511.12  2558
Mg24 	22335.8 	0.127459  1  2841.23  2314
Mg24 	22335.8 	0.322864  1  -1108.11  6491
Mg24 	22335.8 	0.285566  1  -3208.38  8674
Mg24 	22335.8 	0.13112  1  2817.75  2320
Mg24 	22335.8 	0.33863  1  83.0702  5180
Mg24 	22335.8 	0.15866  1  -2932.2  8173
Mg24 	22335.8 	0.186848  1  2795.32  2325
Mg24 	22335.8 	0.135559  1  -3634.01  9031
Mg24 	22335.8 	0.380319  1  -2632.11  7940
Mg24 	22335.8 	0.214939  1  -1255.87  6621
Mg24 	22335.8 	0.127035  1  -2802.05  8118
Mg24 	22335.8 	0.191814  1  2691.87  2423
Mg24 	22335.8 	2.05634  1  2105.41  3007
Mg24 	22335.8 	0.169208  1  776.005  4445
Mg24 	22335.8 	0.143178  1  498.003  4857
Mg24 	22335.8 	0.146712  1  -295.32  5514
Mg24 	22335.8 	0.17386  1  199.354  5010
Mg24 	22335.8 	0.461065  1  -895.133  6132
Mg24 	22335.8 	0.129972  1  4368.72  679
Mg24 	22335.8 	0.195053  1  -1919.7  7139
Mg24 	22335.8 	0.505659  1  -4330.81  9814
Mg24 	22335.8 	0.154577  1  1379.53  3763
Mg24 	22335.8 	0.175965  1  2875.8  2312
Mg24 	22335.8 	0.460496  1  -3613.47  8881
Mg24 	22335.8 	0.156994  1  1241.33  4085
Mg24 	22335.8 	0.155614  1  420.63  4735
Mg24 	22335.8 	0.682763  1  1859.32  3381
Mg24 	22335.8 	0.218174  1  3203.93  2000
Mg24 	22335.8 	0.229975  1  4654.72  357
Mg24 	22335.8 	0.294298  1  1869.31  3203
Mg24 	22335.8 	0.143012  1  -1046.6  6358
Mg24 	22335.8 	0.152247  1  -990.943  6201
Mg24 	22335.8 	0.679873  1  3726.56  1334
Mg24 	22335.8 	0.127528  1  4952.86  46
Mg24 	22335.8 	0.410533  1  2485.91  2655
Mg24 	22335.8 	0.543646  1  2622.53  2491
Mg24 	22335.8 	0.264266  1  -4300.87  9795
Mg24 	22335.8 	0.18702  1  -902.693  6243
Mg24 	22335.8 	0.53584  1  -4877.01  10366
Mg24 	22335.8 	0.15605  1  -2839.41  8239
Mg24 	22335.8 	0.141587  1  -3295.03  8702
Mg24 	22335.8 	0.300751  1  857.163  4326
Mg24 	22335.8 	0.134516  1  -1013.58  6425
Mg24 	22335.8 	0.139656  1  548.379  4778
Mg24 	22335.8 	0.129469  1  2935.73  2161
Mg24 	22335.8 	0.199122  1  -3136.69  8450
Mg24 	22335.8 	0.164908  1  3836.26  1261
Mg24 	22335.8 	0.311627  1  3429.31  1703
Mg24 	22335.8 	0.299112  1  2865.23  2191
Mg24 	22335.8 	0.702443  1  324.157  4955
Mg24 	22335.8 	1.98202  1  -366.438  5713
Mg24 	22335.8 	0.164572  1  2618.95  2550
Mg24 	22335.8 	0.19018  1  -4198.54  9616
Mg24 	22335.8 	0.154971  1  4862.52  153
Mg24 	22335.8 	0.160653  1  513.68  4751
Mg24 	22335.8 	0.465664  1  3157.78  1894
Mg24 	22335.8 	0.17366  1  367.844  4858
Mg24 	22335.8 	0.203052  1  -4951.48  10266
Mg24 	22335.8 	0.289655  1  4069.34  954
Mg24 	22335.8 	0.206791  1  1404.07  3894
Mg24 	22335.8 	0.166439  1  -1447.63  6726
Mg24 	22335.8 	0.17953  1  -2091.28  7533
Mg24 	22335.8 	0.181532  1  2035.15  3164
Mg24 	22335.8 	0.162554  1  1349.51  3830
Mg24 	22335.8 	0.14374  1  2811.35  2368
Mg24 	22335.8 	0.143674  1  -2174.57  7452
Mg24 	22335.8 	0.185188  1  1500.63  3729
Mg24 	22335.8 	0.157747  1  4233.58  802
Mg24 	22335.8 	0.367704  1  1228.46  3993
Mg24 	22335.8 	0.154139  1  -2102.96  7355
Mg24 	22335.8 	0.13323  1  -4133.36  9414
Mg24 	22335.8 	0.14171  1  -2984.46  8456
Mg24 	22335.8 	0.130323  1  832.079  4314
Mg24 	22335.8 	0.144497  1  4162.93  912
Mg24 	22335.8 	0.205738  1  -114.361  5291
Mg24 	22335.8 	0.175138  1  -2387.71  7599
Mg24 	22335.8 	0.216643  1  -3145.19  8533
Mg24 	22335.8 	0.209866  1  2264.34  2795
Mg24 	22335.8 	0.145765  1  1362.27  3887
Mg24 	22335.8 	0.313696  1  2277.44  2867
Mg24 	22335.8 	0.264862  1  -4110.56  9578
Mg24 	22335.8 	0.448651  1  -4763.28  10267
Mg24 	22335.8 	0.170637  1  4135.91  899
Mg24 	22335.8 	0.157058  1  -4720.4  10054
Mg24 	22335.8 	0.13054  1  -4493.17  9929
Mg24 	22335.8 	0.221877  1  -3415.53  8851
Mg24 	22335.8 	0.176214  1  -1616.26  7081
Mg24 	22335.8 	0.287405  1  1352.84  3766
Mg24 	22335.8 	0.178799  1  2692.86  2350
Mg24 	22335.8 	0.37517  1  -142.517  5342
Mg24 	22335.8 	0.130476  1  -3442.73  8871
Mg24 	22335.8 	0.161109  1  -4251.21  9770
Mg24 	22335.8 	0.246935  1  -4959.01  10359
Mg24 	22335.8 	0.145292  1  -4000.06  9471
Mg24 	22335.8 	0.241684  1  1859.18  3251
Mg24 	22335.8 	0.279114  1  3702.99  1374
Mg24 	22335.8 	0.603097  1  -4098.66  9486
Mg24 	22335.8 	0.144551  1  1840.8  3457
Mg24 	22335.8 	0.718026  1  3972.87  1099
Mg24 	22335.8 	0.133004  1  1508.95  3653
Mg24 	22335.8 	0.259888  1  -2265.27  7692
Mg24 	22335.8 	1.15468  1  -167.215  5328
Mg24 	22335.8 	0.236763  1  -4007.33  9695
Mg24 	22335.8 	0.240202  1  -1884.64  7264
Mg24 	22335.8 	0.163355  1  4044.42  983
Mg24 	22335.8 	0.128305  1  -1411.6  6759
Mg24 	22335.8 	0.6457  1  4663.63  340
Mg24 	22335.8 	0.131805  1  -300.847  5644
Mg24 	22335.8 	1.28452  1  3807.29  1324
Mg24 	22335.8 	0.163409  1  -43.967  5463
Mg24 	22335.8 	0.461975  1  -1253.04  6655
Mg24 	22335.8 	0.27042  1  3333.37  1701
Mg24 	22335.8 	0.158351  1  4154.16  864
Mg24 	22335.8 	0.198634  1  -2874.07  8320
Mg24 	22335.8 	0.199203  1  -3331.92  8627
Mg24 	22335.8 	0.150952  1  1982.79  3014
Mg24 	22335.8 	0.164161  1  -3926.2  9320
Mg24 	22335.8 	0.246225  1  4172.72  835
Mg24 	22335.8 	0.327782  1  -390.424  5770
Mg24 	22335.8 	0.167659  1  -2315.38  7593
Mg24 	22335.8 	0.200323  1  1176.17  3970
Mg24 	22335.8 	0.158684  1  -3821.65  9198
Mg24 	22335.8 	0.161284  1  3063.65  2047
Mg24 	22335.8 	0.686181  1  963.436  4168
Mg24 	22335.8 	0.615408  1  1279.62  3907
Mg24 	22335.8 	0.128821  1  -813.435  6155
Mg24 	22335.8 	0.151085  1  -3712.97  9170
Mg24 	22335.8 	0.244326  1  3757.33  1298
Mg24 	22335.8 	0.134255  1  -3311.95  8602
Mg24 	22335.8 	1.61228  1  4416.35  618
Mg24 	22335.8 	0.863316  1  2878.46  2257
Mg24 	22335.8 	0.177578  1  -1047.94  6255
Mg24 	22335.8 	0.177547  1  4879.77  126
Mg24 	22335.8 	0.150346  1  -2895.78  8308
Mg24 	22335.8 	0.27541  1  922.129  4349
Mg24 	22335.8 	0.144454  1  2338.63  2790
Mg24 	22335.8 	0.138038  1  -4901.25  10461
Mg24 	22335.8 	0.171347  1  -34.0483  5318
Mg24 	22335.8 	0.161698  1  3724.02  1339
Mg24 	22335.8 	0.87671  1  -3857.29  9238
Mg24 	22335.8 	0.222887  1  3418.93  1732
Mg24 	22335.8 	0.282441  1  3914.69  1150
Mg24 	22335.8 	1.1127  1  507.993  4612
Mg24 	22335.8 	0.232118  1  -1470.77  6897
Mg24 	22335.8 	0.152982  1  -1784.41  7150
Mg24 	22335.8 	0.159885  1  -670.034  5894
Mg24 	22335.8 	0.272936  1  3274.49  1931
Mg24 	22335.8 	0.206626  1  4941.43  47
Mg24 	22335.8 	0.28114  1  642.568  4585
Mg24 	22335.8 	0.145138  1  4485.09  559
Mg24 	22335.8 	0.285432  1  -3391.75  8925
Mg24 	22335.8 	0.155388  1  -1486.62  6801
Mg24 	22335.8 	0.126792  1  2589.65  2423
Mg24 	22335.8 	0.738126  1  1199.74  3963
Mg24 	22335.8 	0.434641  1  3751.11  1276
Mg24 	22335.8 	0.242665  1  -3401.84  8671
Mg24 	22335.8 	0.326398  1  1351.4  3793
Mg24 	22335.8 	0.301444  1  -4513.9  10081
Mg24 	22335.8 	0.139707  1  -1162.86  6432
Mg24 	22335.8 	0.164381  1  648.897  4577
Mg24 	22335.8 	0.157862  1  -2805.86  8195
Mg24 	22335.8 	0.366151  1  -1807.76  7077
Mg24 	22335.8 	0.134008  1  2971.85  2149
Mg24 	22335.8 	0.327877  1  653.37  4499
Mg24 	22335.8 	0.159572  1  -1760.04  7080
Mg24 	22335.8 	0.172505  1  2507.8  2569
Mg24 	22335.8 	0.304906  1  -2882.61  8227
Mg24 	22335.8 	0.189962  1  4148.99  891
Mg24 	22335.8 	0.143094  1  2229.05  2883
Mg24 	22335.8 	0.61305  1  -3007.68  8480
Mg24 	22335.8 	0.193929  1  3044.93  2054
Mg24 	22335.8 	0.130506  1  -2746.28  8203
Mg24 	22335.8 	0.16781  1  -3837.07  9287
Mg24 	22335.8 	0.445337  1  854.213  4380
Mg24 	22335.8 	0.205656  1  -2965.11  8284
Mg24 	22335.8 	0.552982  1  -710.385  6056
Mg24 	22335.8 	0.428133  1  1398.78  3747
Mg24 	22335.8 	0.376081  1  -4524.06  10040
Mg24 	22335.8 	1.34004  1  3601  1549
Mg24 	22335.8 	0.165629  1  3817.17  1237
Mg24 	22335.8 	0.309397  1  3005.84  2161
Mg24 	22335.8 	0.561107  1  -3677.98  9025
Mg24 	22335.8 	0.25019  1  90.7923  5141
Mg24 	22335.8 	0.15316  1  2159.79  2910
Mg24 	22335.8 	0.215261  1  4094.18  966
Mg24 	22335.8 	0.18575  1  1318.06  3837
Mg24 	22335.8 	0.125613  1  4094.72  940
Mg24 	22335.8 	0.150425  1  -949.808  6196
Mg24 	22335.8 	0.139667  1  -1444.65  6778
Mg24 	22335.8 	0.249444  1  -53.9065  5168
Mg24 	22335.8 	0.187362  1  3338.7  1754
Mg24 	22335.8 	0.218978  1  -4539.74  9894
Mg24 	22335.8 	0.133538  1  -2895.7  8185
Mg24 	22335.8 	0.157792  1  1791.48  3400
Mg24 	22335.8 	0.167933  1  -2554.7  7864
Mg24 	22335.8 	0.131331  1  4945.41  52
Mg24 	22335.8 	0.133762  1  -1760.62  7194
Mg24 	22335.8 	0.476303  1  2885.05  2277
Mg24 	22335.8 	0.158921  1  1733.52  3477
Mg24 	22335.8 	0.171827  1  -129.883  5316
Mg24 	22335.8 	0.165421  1  3387.94  1693
Mg24 	22335.8 	0.498497  1  -2745.55  8004
Mg24 	22335.8 	0.180309  1  807.356  4347
Mg24 	22335.8 	0.696027  1  -3566.44  8767
Mg24 	22335.8 	0.689646  1  2670.36  2441
Mg24 	22335.8 	0.147761  1  3168.01  1903
Mg24 	22335.8 	0.131649  1  -899.352  6277
Mg24 	22335.8 	0.149327  1  -3392.37  8873
Mg24 	22335.8 	0.152172  1  1529.65  3755
Mg24 	22335.8 	0.709245  1  277.393  4753
Mg24 	22335.8 	0.125854  1  4123.61  893
Mg24 	22335.8 	0.131311  1  -541.825  5925
Mg24 	22335.8 	0.145332  1  4656.49  358
Mg24 	22335.8 	0.541394  1  1206.32  3917
Mg24 	22335.8 	0.205849  1  3081.46  2094
Mg24 	22335.8 	0.34314  1  -3205.92  8502
Mg24 	22335.8 	0.415169  1  3372.84  1711
Mg24 	22335.8 	0.343092  1  658.516  4618
Mg24 	22335.8 	0.125764  1  -4918.33  10445
Mg24 	22335.8 	0.144465  1  -4162.27  9600
Mg24 	22335.8 	0.256731  1  3206.14  1882
Mg24 	22335.8 	0.210104  1  -3824.75  9244
Mg24 	22335.8 	0.227372  1  4652.25  355
Mg24 	22335.8 	0.999227  1  4235.85  827
Mg24 	22335.8 	0.218741  1  3177.69  1924
Mg24 	22335.8 	0.237225  1  195.413  5015
Mg24 	22335.8 	0.132269  1  -1927.65  7243
Mg24 	22335.8 	0.171902  1  499.161  4641
Mg24 	22335.8 	0.274821  1  -2799.13  8161
Mg24 	22335.8 	0.133806  1  -4233.32  9660
Mg24 	22335.8 	0.365417  1  1502.44  3683
Mg24 	22335.8 	0.207932  1  -3954.61  9341
Mg24 	22335.8 	0.722754  1  -4617.56  10080
Mg24 	22335.8 	0.18339  1  2294.5  2815
Mg24 	22335.8 	0.126902  1  -337.847  5563
Mg24 	22335.8 	0.105487  1  -2046.67  7385
Mg24 	22335.8 	0.714722  1  4474.48  536
Mg24 	22335.8 	0.156966  1  -3400.93  8613
Mg24 	22335.8 	0.701395  1  -869.536  6074
Mg24 	22335.8 	0.484039  1  2252.1  2833
Mg24 	22335.8 	0.187288  1  -226.707  5433
Mg24 	22335.8 	0.218623  1  345.459  4771
Mg24 	22335.8 	0.326245  1  785.433  4383
Mg24 	22335.8 	0.182886  1  2581.25  2596
Mg24 	22335.8 	0.29926  1  3729.01  1373
Mg24 	22335.8 	0.222311  1  293.68  4855
Mg24 	22335.8 	0.166325  1  4868.16  151
Mg24 	22335.8 	0.144066  1  -123.034  5221
Mg24 	22335.8 	0.141343  1  -768.956  6098
Mg24 	22335.8 	0.175208  1  -200.839  5387
Mg24 	22335.8 	0.129349  1  -2873.23  8318
Mg24 	22335.8 	0.337197  1  4066.36  1016
Mg24 	22335.8 	0.125701  1  -470.723  5829
Mg24 	22335.8 	0.165585  1  1897.41  3219
Mg24 	22335.8 	0.139058  1  4981.03  22
Mg24 	22335.8 	0.433232  1  2401.05  2769
Mg24 	22335.8 	0.201336  1  2189.71  2919
Mg24 	22335.8 	0.220978  1  4028.05  1022
Mg24 	22335.8 	0.149107  1  -210.339  5527
Mg24 	22335.8 	0.12918  1  -296.469  5581
Mg24 	22335.8 	0.223246  1  773.972  4517
Mg24 	22335.8 	0.136967  1  2365.09  2830
Mg24 	22335.8 	0.278611  1  -2648.38  7937
Mg24 	22335.8 	0.20109  1  -1750.09  7119
Mg24 	22335.8 	0.136769  1  -2945.08  8337
Mg24 	22335.8 	0.134561  1  1748.17  3460
Mg24 	22335.8 	0.127524  1  2289.21  2937
Mg24 	22335.8 	0.244798  1  -2020.23  7353
Mg24 	22335.8 	0.164143  1  951.982  4253
Mg24 	22335.8 	0.141017  1  3005.57  2083
Mg24 	22335.8 	0.185521  1  2376.8  2830
Mg24 	22335.8 	1.24056  1  3964.94  1132
Mg24 	22335.8 	0.229369  1  2490.41  2607
Mg24 	22335.8 	0.233005  1  4752.97  253
Mg24 	22335.8 	0.445345  1  -2202.19  7726
Mg24 	22335.8 	0.202044  1  -456.994  5777
Mg24 	22335.8 	0.203272  1  -550.965  5742
Mg24 	22335.8 	0.170487  1  70.6555  5132
Mg24 	22335.8 	0.130636  1  -4313.03  9830
Mg24 	22335.8 	0.288657  1  -1348.54  6766
Mg24 	22335.8 	0.261603  1  -3977.75  9538
Mg24 	22335.8 	0.151969  1  846.914  4377
Mg24 	22335.8 	0.13146  1  2801.05  2282
Mg24 	22335.8 	0.315543  1  3368.73  1695
Mg24 	22335.8 	1.07925  1  -4754.23  10297
Mg24 	22335.8 	0.281898  1  4751.68  264
Mg24 	22335.8 	0.13168  1  -1297.73  6631
Mg24 	22335.8 	0.15278  1  -4268.8  9623
Mg24 	22335.8 	0.189989  1  333.067  4883
Mg24 	22335.8 	0.533615  1  2715.06  2340
Mg24 	22335.8 	0.25204  1  -4070.35  9478
Mg24 	22335.8 	0.202985  1  -4719.61  10197
Mg24 	22335.8 	0.136066  1  -1335.55  6768
Mg24 	22335.8 	0.163242  1  3393.57  1676
Mg24 	22335.8 	0.198759  1  2930.12  2203
Mg24 	22335.8 	0.306425  1  -2033.1  7443
Mg24 	22335.8 	0.13929  1  532.803  4663
Mg24 	22335.8 	0.201399  1  3688.75  1450
Mg24 	22335.8 	0.142671  1  -741.192  6093
Mg24 	22335.8 	0.386503  1  -1229.49  6537
Mg24 	22335.8 	0.250431  1  4195.14  845
Mg24 	22335.8 	0.146108  1  -1080.74  6382
Mg24 	22335.8 	0.462889  1  -2209.92  7415
Mg24 	22335.8 	1.19831  1  2507.09  2564
Mg24 	22335.8 	0.467374  1  -3021.98  8487
Mg24 	22335.8 	0.17047  1  212.165  5002
Mg24 	22335.8 	0.277618  1  -1994.91  7375
Mg24 	22335.8 	0.287685  1  1436.46  3680
Mg24 	22335.8 	0.804491  1  3581.07  1490
Mg24 	22335.8 	0.189311  1  4696.1  316
Mg24 	22335.8 	0.179758  1  -1124.34  6520
Mg24 	22335.8 	0.16956  1  -1929.76  7373
Mg24 	22335.8 	0.18826  1  3678.14  1395
Mg24 	22335.8 	0.519689  1  -3347.19  8823
Mg24 	22335.8 	0.539001  1  1739.18  3447
Mg24 	22335.8 	0.280777  1  -4836.86  10128
Mg24 	22335.8 	0.696051  1  4984  21
Mg24 	22335.8 	0.192865  1  -2639.97  7940
Mg24 	22335.8 	0.12649  1  954.72  4253
Mg24 	22335.8 	1.05301  1  4105.53  873
Mg24 	22335.8 	0.155367  1  -2240.49  7564
Mg24 	22335.8 	0.594631  1  1274.55  3955
Mg24 	22335.8 	0.411245  1  4082.83  936
Mg24 	22335.8 	0.131763  1  1768.13  3439
Mg24 	22335.8 	0.702096  1  -2452.7  7798
Mg24 	22335.8 	0.239198  1  3094.53  1971
Mg24 	22335.8 	0.149282  1  -2917.21  8381
Mg24 	22335.8 	0.277086  1  -2855.61  8235
Mg24 	22335.8 	0.225937  1  -4609.87  10120
Mg24 	22335.8 	0.195208  1  3884.42  1199
Mg24 	22335.8 	1.66371  1  -3831.81  9285
Mg24 	22335.8 	0.178081  1  -686.045  5989
Mg24 	22335.8 	0.337031  1  -1519.31  6803
Mg24 	22335.8 	0.134008  1  -2565.63  7902
Mg24 	22335.8 	0.327478  1  201.056  5055
Mg24 	22335.8 	0.140037  1  2761.65  2388
Mg24 	22335.8 	0.146272  1  -4316.31  9856
Mg24 	22335.8 	0.158265  1  3218.99  1864
Mg24 	22335.8 	0.294295  1  -693.971  5932
Mg24 	22335.8 	0.146819  1  -1651.53  6932
Mg24 	22335.8 	0.143061  1  2446.38  2699
Mg24 	22335.8 	0.171977  1  3095.87  1973
Mg24 	22335.8 	1.60449  1  4569.42  451
Mg24 	22335.8 	0.209438  1  2353.12  2779
Mg24 	22335.8 	0.252949  1  67.8885  5093
Mg24 	22335.8 	0.344482  1  -1308.3  6608
Mg24 	22335.8 	0.180529  1  4181.31  849
Mg24 	22335.8 	0.181401  1  4491.55  517
Mg24 	22335.8 	0.252058  1  2596.74  2541
Mg24 	22335.8 	0.161559  1  -266.826  5452
Mg24 	22335.8 	0.492333  1  -4274.63  9774
Mg24 	22335.8 	0.164227  1  -3641.22  9136
Mg24 	22335.8 	0.194859  1  1238.99  3865
Mg24 	22335.8 	0.347419  1  731.143  4582
Mg24 	22335.8 	0.145825  1  -2483.09  7691
Mg24 	22335.8 	0.140423  1  -937.938  6247
Mg24 	22335.8 	0.133524  1  -1232.01  6550
Mg24 	22335.8 	0.137454  1  -1660.49  7083
Mg24 	22335.8 	0.147476  1  -3174.17  8604
