Mg24 	22335.8 	0.179109  1  4808.01  198
Mg24 	22335.8 	0.348482  1  3724.35  1330
Mg24 	22335.8 	0.753744  1  -3597.82  9314
Mg24 	22335.8 	0.177602  1  -2094.89  7401
Mg24 	22335.8 	0.130524  1  1639.59  3494
Mg24 	22335.8 	0.173016  1  -1558.62  6873
Mg24 	22335.8 	0.334406  1  75.1795  5177
Mg24 	22335.8 	0.14554  1  -1204.68  6552
Mg24 	22335.8 	0.141841  1  182.613  5013
Mg24 	22335.8 	1.59364  1  -2510.66  7807
Mg24 	22335.8 	1.20679  1  -3497.94  9239
Mg24 	22335.8 	0.145763  1  3286.13  1852
Mg24 	22335.8 	0.126868  1  -166.914  5447
Mg24 	22335.8 	0.338013  1  4554.03  531
Mg24 	22335.8 	0.187212  1  834.98  4287
Mg24 	22335.8 	1.7258  1  -3131.69  8655
Mg24 	22335.8 	0.368651  1  246.432  4926
Mg24 	22335.8 	0.209511  1  4577.49  443
Mg24 	22335.8 	0.195377  1  -3374.08  8897
Mg24 	22335.8 	0.300339  1  -189.227  5441
Mg24 	22335.8 	0.345877  1  3829.02  1251
Mg24 	22335.8 	0.431487  1  4981.91  22
Mg24 	22335.8 	0.193223  1  -1415.42  6688
Mg24 	22335.8 	0.132266  1  3604.19  1529
Mg24 	22335.8 	0.166059  1  1913.6  3181
Mg24 	22335.8 	0.125583  1  -2869.68  8209
Mg24 	22335.8 	0.395943  1  -4831.73  10534
Mg24 	22335.8 	0.153988  1  -2702.45  7963
Mg24 	22335.8 	0.182023  1  4132.96  914
Mg24 	22335.8 	0.132923  1  1292.14  3922
Mg24 	22335.8 	1.35437  1  -4308.02  10001
Mg24 	22335.8 	0.316503  1  -3344.16  8848
Mg24 	22335.8 	0.277243  1  -2155.46  7503
Mg24 	22335.8 	0.187364  1  140.381  5234
Mg24 	22335.8 	0.14607  1  3546.25  1559
Mg24 	22335.8 	0.235651  1  2956.39  2106
Mg24 	22335.8 	0.239266  1  4032.59  993
Mg24 	22335.8 	2.32705  1  2570.47  2567
Mg24 	22335.8 	0.958482  1  870.253  4156
Mg24 	22335.8 	0.193516  1  2906.56  2258
Mg24 	22335.8 	0.234369  1  1720.68  3468
Mg24 	22335.8 	0.171171  1  4800.2  202
Mg24 	22335.8 	0.78158  1  -3898.6  9475
Mg24 	22335.8 	0.174857  1  -3253.74  8777
Mg24 	22335.8 	0.57069  1  -2470.73  7808
Mg24 	22335.8 	0.134024  1  4009.09  1044
Mg24 	22335.8 	0.175618  1  2204.13  2918
Mg24 	22335.8 	0.242747  1  1082.54  4145
Mg24 	22335.8 	0.299749  1  2083.52  2965
Mg24 	22335.8 	0.263062  1  1514.56  3556
Mg24 	22335.8 	0.137657  1  4625.71  401
Mg24 	22335.8 	0.612004  1  -3923.79  9422
Mg24 	22335.8 	0.631091  1  880.406  4282
Mg24 	22335.8 	0.217891  1  4063.24  1017
Mg24 	22335.8 	0.333563  1  -1014.32  6317
Mg24 	22335.8 	0.161933  1  -3407.78  8708
Mg24 	22335.8 	0.152124  1  -507.829  5742
Mg24 	22335.8 	0.209762  1  -828.319  6065
Mg24 	22335.8 	2.19491  1  -4267.6  9804
Mg24 	22335.8 	0.8172  1  115.414  4985
Mg24 	22335.8 	0.128046  1  2317.76  2752
Mg24 	22335.8 	0.214841  1  1349.71  3870
Mg24 	22335.8 	0.221293  1  3230.83  1790
Mg24 	22335.8 	0.918082  1  -915.127  6268
Mg24 	22335.8 	0.401278  1  -4013.48  9484
Mg24 	22335.8 	0.161589  1  -4471.77  10006
Mg24 	22335.8 	0.174794  1  4197.6  849
Mg24 	22335.8 	0.206254  1  2895.79  2186
Mg24 	22335.8 	2.03168  1  -1274.25  6542
Mg24 	22335.8 	0.329378  1  3610.25  1477
Mg24 	22335.8 	0.210392  1  -874.252  6136
Mg24 	22335.8 	0.371647  1  3181.3  1938
Mg24 	22335.8 	5.19495  1  -556.146  5683
Mg24 	22335.8 	0.380006  1  4004.8  1033
Mg24 	22335.8 	0.181681  1  4401.27  586
Mg24 	22335.8 	0.187678  1  615.694  4553
Mg24 	22335.8 	0.14582  1  -1970.34  7127
Mg24 	22335.8 	0.199221  1  1942.49  3189
Mg24 	22335.8 	0.145478  1  3107.18  1957
Mg24 	22335.8 	2.66223  1  -4102.13  9671
Mg24 	22335.8 	0.518443  1  -1551.8  6766
Mg24 	22335.8 	0.425075  1  -4690.96  10165
Mg24 	22335.8 	0.642593  1  -2378.39  7852
Mg24 	22335.8 	0.28439  1  4028.74  1043
Mg24 	22335.8 	0.449812  1  2845.67  2256
Mg24 	22335.8 	0.175292  1  1248.35  3854
Mg24 	22335.8 	0.183769  1  3230.62  1857
Mg24 	22335.8 	0.21599  1  1595.82  3571
Mg24 	22335.8 	0.200259  1  1403.08  3765
Mg24 	22335.8 	0.269455  1  900.275  4216
Mg24 	22335.8 	0.17652  1  -1435.04  6721
Mg24 	22335.8 	0.339534  1  -1606.06  7131
Mg24 	22335.8 	0.354039  1  3111.89  1946
Mg24 	22335.8 	0.255748  1  3265.72  1753
Mg24 	22335.8 	0.588221  1  42.9638  5273
Mg24 	22335.8 	0.145357  1  -1814.95  7221
Mg24 	22335.8 	0.207093  1  -3512.65  8874
Mg24 	22335.8 	0.135511  1  -2066.87  7374
Mg24 	22335.8 	0.37448  1  -3863.36  9306
Mg24 	22335.8 	0.131056  1  1451.52  3636
Mg24 	22335.8 	0.424576  1  502.814  4602
Mg24 	22335.8 	0.133998  1  2915.78  2117
Mg24 	22335.8 	0.128509  1  4047.03  1093
Mg24 	22335.8 	0.248012  1  3415.49  1590
Mg24 	22335.8 	0.160436  1  -2406.48  7680
Mg24 	22335.8 	0.12857  1  -2181.56  7551
Mg24 	22335.8 	0.293273  1  -4624.25  10308
Mg24 	22335.8 	0.150842  1  2141.15  3028
Mg24 	22335.8 	0.217949  1  -684.152  5983
Mg24 	22335.8 	0.33055  1  -907.937  6303
Mg24 	22335.8 	0.203819  1  -3226.18  8381
Mg24 	22335.8 	0.143231  1  -658.887  5944
Mg24 	22335.8 	0.126272  1  2177.21  2966
Mg24 	22335.8 	0.124848  1  -3313.84  8965
Mg24 	22335.8 	0.169659  1  -3814.97  9340
Mg24 	22335.8 	0.222226  1  3587.99  1453
Mg24 	22335.8 	0.21334  1  -1536.24  6798
Mg24 	22335.8 	0.197759  1  -3528.64  8999
Mg24 	22335.8 	1.24663  1  -3176.48  8505
Mg24 	22335.8 	0.462796  1  -677.737  6138
Mg24 	22335.8 	0.264417  1  361.913  4813
Mg24 	22335.8 	0.160577  1  3121.05  1926
Mg24 	22335.8 	0.765668  1  2893.78  2184
Mg24 	22335.8 	0.187703  1  2250.33  2852
Mg24 	22335.8 	0.200357  1  1393.5  3836
Mg24 	22335.8 	0.149252  1  -1815.19  7081
Mg24 	22335.8 	0.441248  1  2875.02  2192
Mg24 	22335.8 	0.215326  1  47.1548  5102
Mg24 	22335.8 	0.488339  1  -925.079  6229
Mg24 	22335.8 	0.336764  1  -2575.13  7961
Mg24 	22335.8 	1.02769  1  -4104.56  9721
Mg24 	22335.8 	0.408494  1  -2290.05  7702
Mg24 	22335.8 	0.270236  1  -1188.41  6711
Mg24 	22335.8 	1.53278  1  -4484.32  10037
Mg24 	22335.8 	0.148672  1  2532.97  2568
Mg24 	22335.8 	0.547866  1  -2932.75  8314
Mg24 	22335.8 	0.636133  1  -4275.58  9864
Mg24 	22335.8 	0.164947  1  -3487.7  8892
Mg24 	22335.8 	0.32339  1  -4317.75  9945
Mg24 	22335.8 	0.161402  1  3446.53  1654
Mg24 	22335.8 	0.141432  1  402.354  4778
Mg24 	22335.8 	0.282363  1  4652.47  368
Mg24 	22335.8 	0.171813  1  2780.75  2293
Mg24 	22335.8 	0.142164  1  272.043  4925
Mg24 	22335.8 	0.155141  1  -3093.66  8478
Mg24 	22335.8 	0.155489  1  3766.35  1301
Mg24 	22335.8 	0.136359  1  48.9922  5220
Mg24 	22335.8 	0.382045  1  -1051.53  6357
Mg24 	22335.8 	0.130321  1  -3960.38  9315
Mg24 	22335.8 	2.4316  1  -4223.81  9633
Mg24 	22335.8 	0.200095  1  1944.06  3138
Mg24 	22335.8 	0.159396  1  -4644.23  10358
Mg24 	22335.8 	0.515706  1  -1134.26  6466
Mg24 	22335.8 	0.182457  1  -1320.75  6703
Mg24 	22335.8 	0.862046  1  -1402.82  6845
Mg24 	22335.8 	0.131011  1  662.612  4557
Mg24 	22335.8 	0.101964  1  -4532.99  10104
Mg24 	22335.8 	1.5064  1  1819.17  3279
Mg24 	22335.8 	0.346079  1  -2050.79  7451
Mg24 	22335.8 	0.481556  1  -4652.18  10215
Mg24 	22335.8 	0.495001  1  321.857  5115
Mg24 	22335.8 	0.171883  1  2819.57  2325
Mg24 	22335.8 	0.133771  1  1756.65  3336
Mg24 	22335.8 	0.16143  1  1497.92  3646
Mg24 	22335.8 	0.18869  1  -2980.84  8394
Mg24 	22335.8 	0.148222  1  -2040.52  7452
Mg24 	22335.8 	0.246134  1  -671.983  5978
Mg24 	22335.8 	0.772477  1  -1090.49  6475
Mg24 	22335.8 	0.238844  1  -2039.77  7268
Mg24 	22335.8 	0.293125  1  3433.07  1659
Mg24 	22335.8 	1.37043  1  -1159.92  6283
Mg24 	22335.8 	1.30125  1  -3213.59  8837
Mg24 	22335.8 	0.717015  1  -1957.22  7250
Mg24 	22335.8 	0.193191  1  4106.06  938
Mg24 	22335.8 	0.159063  1  -1990.74  7259
Mg24 	22335.8 	0.187702  1  298.793  5042
Mg24 	22335.8 	0.450277  1  4381.62  663
Mg24 	22335.8 	1.40611  1  -4298.68  9946
Mg24 	22335.8 	0.137539  1  -3602.92  8992
Mg24 	22335.8 	1.45586  1  2743.92  2372
Mg24 	22335.8 	0.152562  1  -1150.02  6475
Mg24 	22335.8 	0.24781  1  -1393.2  6573
Mg24 	22335.8 	0.166324  1  4302.56  730
Mg24 	22335.8 	0.264813  1  4137.1  902
Mg24 	22335.8 	0.131118  1  243.422  5058
Mg24 	22335.8 	0.286568  1  2917.03  2220
Mg24 	22335.8 	1.46453  1  -4489.45  9978
Mg24 	22335.8 	0.136138  1  357.374  4850
Mg24 	22335.8 	0.173632  1  3385.97  1720
Mg24 	22335.8 	0.706639  1  -4263.24  9927
Mg24 	22335.8 	0.403907  1  -51.0666  5192
Mg24 	22335.8 	0.683613  1  -4280.37  9825
Mg24 	22335.8 	0.32246  1  1527.28  3578
Mg24 	22335.8 	0.173025  1  762.44  4426
Mg24 	22335.8 	0.172307  1  501.629  4678
Mg24 	22335.8 	0.37689  1  -2405.39  7693
Mg24 	22335.8 	0.220868  1  1390.23  3823
Mg24 	22335.8 	0.192556  1  -4018.61  9422
Mg24 	22335.8 	0.34223  1  -4700.69  10282
Mg24 	22335.8 	0.404798  1  1118.5  4086
Mg24 	22335.8 	0.242194  1  -587.759  5834
Mg24 	22335.8 	3.11547  1  399.813  4724
Mg24 	22335.8 	0.27447  1  -2575.54  8023
Mg24 	22335.8 	0.130313  1  -1128.13  6354
Mg24 	22335.8 	0.160242  1  3320.6  1763
Mg24 	22335.8 	0.263937  1  2019.78  3097
Mg24 	22335.8 	1.01756  1  -4294.96  9771
Mg24 	22335.8 	0.135187  1  -315.261  5388
Mg24 	22335.8 	0.199883  1  4819.16  179
Mg24 	22335.8 	0.454942  1  -3890.05  9549
Mg24 	22335.8 	0.978609  1  719.208  4415
Mg24 	22335.8 	0.470181  1  -4684.39  10374
Mg24 	22335.8 	0.26335  1  2207.54  2910
Mg24 	22335.8 	0.269695  1  1754.83  3467
Mg24 	22335.8 	0.409045  1  -2283.83  7566
Mg24 	22335.8 	0.202459  1  -2958.8  8535
Mg24 	22335.8 	0.153562  1  -2520.93  8001
Mg24 	22335.8 	0.129475  1  3723.55  1379
Mg24 	22335.8 	0.138347  1  -1112.67  6511
Mg24 	22335.8 	0.157617  1  -3186.39  8764
Mg24 	22335.8 	0.207173  1  3573.23  1529
Mg24 	22335.8 	0.360028  1  4130.55  916
Mg24 	22335.8 	1.5027  1  -3837.13  9134
Mg24 	22335.8 	0.785658  1  2304.63  2796
Mg24 	22335.8 	0.238366  1  2762.49  2356
Mg24 	22335.8 	0.131227  1  2030.71  3089
Mg24 	22335.8 	0.341444  1  -4379.9  10158
Mg24 	22335.8 	0.480223  1  -4483.78  10117
Mg24 	22335.8 	0.216563  1  87.2339  5176
Mg24 	22335.8 	0.157271  1  98.2997  5184
Mg24 	22335.8 	0.163666  1  -1289.19  6516
Mg24 	22335.8 	0.440162  1  493.663  4845
Mg24 	22335.8 	0.231755  1  2538.78  2499
Mg24 	22335.8 	0.246559  1  -1951.69  7105
Mg24 	22335.8 	0.156606  1  3819.41  1212
Mg24 	22335.8 	0.36765  1  3084.32  2032
Mg24 	22335.8 	0.149875  1  -2045.62  7551
Mg24 	22335.8 	0.126275  1  4426.64  529
Mg24 	22335.8 	0.344891  1  2830.31  2205
Mg24 	22335.8 	0.296232  1  -222.215  5398
Mg24 	22335.8 	0.132074  1  -3261.09  8569
Mg24 	22335.8 	1.41918  1  -4197.36  9745
Mg24 	22335.8 	0.129231  1  -361.258  5670
Mg24 	22335.8 	0.177358  1  100.52  5142
Mg24 	22335.8 	0.130633  1  35.7413  5141
Mg24 	22335.8 	0.163105  1  -4565.2  10134
Mg24 	22335.8 	0.151562  1  -4617.42  10303
Mg24 	22335.8 	0.154986  1  3266.57  1751
Mg24 	22335.8 	0.185383  1  2118.08  3043
Mg24 	22335.8 	0.128866  1  -3170.77  8601
Mg24 	22335.8 	0.913876  1  -4671.43  10261
Mg24 	22335.8 	0.143176  1  3667.97  1375
Mg24 	22335.8 	0.172432  1  2732.94  2325
Mg24 	22335.8 	0.42925  1  -3232.49  8614
Mg24 	22335.8 	0.299412  1  -4765.14  10211
Mg24 	22335.8 	0.801923  1  -1031.83  6231
Mg24 	22335.8 	0.131817  1  -253.464  5397
Mg24 	22335.8 	0.221793  1  -2672.54  7913
Mg24 	22335.8 	0.360919  1  -101.441  5217
Mg24 	22335.8 	0.13721  1  2598.59  2558
Mg24 	22335.8 	0.131911  1  366.977  4925
Mg24 	22335.8 	0.806453  1  -4232.12  9834
Mg24 	22335.8 	0.332978  1  -3023.49  8323
Mg24 	22335.8 	0.637995  1  -4618.35  10235
Mg24 	22335.8 	0.142698  1  -841.418  6237
Mg24 	22335.8 	0.2844  1  1530.96  3565
Mg24 	22335.8 	0.331173  1  -1163.77  6546
Mg24 	22335.8 	0.215911  1  -3627.35  9060
Mg24 	22335.8 	0.169693  1  966.804  4195
Mg24 	22335.8 	0.134593  1  -3179.86  8512
Mg24 	22335.8 	0.483017  1  4251.47  843
Mg24 	22335.8 	0.149473  1  -317.675  5510
Mg24 	22335.8 	0.21855  1  610.134  4529
Mg24 	22335.8 	0.194121  1  -1756.05  7149
Mg24 	22335.8 	0.295314  1  4049.93  1023
Mg24 	22335.8 	0.249576  1  1237.76  3834
Mg24 	22335.8 	0.190253  1  3354.9  1763
Mg24 	22335.8 	0.289068  1  -2466.65  7962
Mg24 	22335.8 	0.209787  1  276.722  4901
Mg24 	22335.8 	0.144655  1  -1529.61  6863
Mg24 	22335.8 	0.169266  1  3757.09  1310
Mg24 	22335.8 	0.525871  1  -4870.95  10413
Mg24 	22335.8 	0.15125  1  -1726.65  7080
Mg24 	22335.8 	0.235766  1  678.628  4626
Mg24 	22335.8 	0.207765  1  -345.085  5619
Mg24 	22335.8 	0.893495  1  -4712.36  10413
Mg24 	22335.8 	0.138086  1  2846.53  2264
Mg24 	22335.8 	0.274815  1  -3706.87  9153
Mg24 	22335.8 	0.132808  1  -605.19  5854
Mg24 	22335.8 	0.640504  1  -1603.67  6827
Mg24 	22335.8 	0.133748  1  4919.54  92
Mg24 	22335.8 	0.143854  1  2337.72  2791
Mg24 	22335.8 	0.256897  1  1534.87  3590
Mg24 	22335.8 	0.156282  1  -4003.48  9531
Mg24 	22335.8 	0.255588  1  4874.55  149
Mg24 	22335.8 	0.952203  1  -3864.01  9521
Mg24 	22335.8 	0.148207  1  1086.41  4019
Mg24 	22335.8 	0.166738  1  229.599  4949
Mg24 	22335.8 	0.187331  1  -3878.11  9293
Mg24 	22335.8 	0.656752  1  -3759  9228
Mg24 	22335.8 	0.48316  1  -2685.42  7934
Mg24 	22335.8 	0.176943  1  4870.96  148
Mg24 	22335.8 	0.237305  1  2097.94  3032
Mg24 	22335.8 	0.156004  1  4071.88  1001
Mg24 	22335.8 	0.139123  1  -2462.38  7775
Mg24 	22335.8 	0.653031  1  -1132.64  6485
Mg24 	22335.8 	0.384981  1  -4444.7  10042
Mg24 	22335.8 	0.48381  1  -1869.49  7286
Mg24 	22335.8 	1.52608  1  -4696.15  10353
Mg24 	22335.8 	0.131029  1  2033.3  3101
Mg24 	22335.8 	0.0611799  1  -3627.17  9185
Mg24 	22335.8 	0.143584  1  4463.45  532
Mg24 	22335.8 	0.186332  1  2149.98  3023
Mg24 	22335.8 	0.155552  1  1718.52  3599
Mg24 	22335.8 	0.258942  1  2972.85  2233
Mg24 	22335.8 	0.229253  1  2557.1  2483
Mg24 	22335.8 	0.136687  1  3960.96  1113
Mg24 	22335.8 	0.163645  1  -1849.4  7251
Mg24 	22335.8 	0.352433  1  2435.53  2620
Mg24 	22335.8 	0.157388  1  -606.593  5807
Mg24 	22335.8 	0.477072  1  -664.668  5901
Mg24 	22335.8 	0.526869  1  4637.86  409
Mg24 	22335.8 	0.137601  1  -2946.75  8483
Mg24 	22335.8 	0.973441  1  -4284.52  9817
Mg24 	22335.8 	0.155871  1  -525.679  5717
Mg24 	22335.8 	0.133037  1  -539.58  5823
Mg24 	22335.8 	0.141615  1  3921.02  1139
Mg24 	22335.8 	0.643531  1  -4193.25  9819
Mg24 	22335.8 	0.23384  1  2050.74  3041
Mg24 	22335.8 	0.149715  1  1429  3647
Mg24 	22335.8 	0.45633  1  4938.28  65
Mg24 	22335.8 	0.804399  1  -4236.78  9898
Mg24 	22335.8 	0.629348  1  -3342.31  8926
Mg24 	22335.8 	0.279344  1  -1217.42  6522
Mg24 	22335.8 	0.393162  1  -874.098  6219
Mg24 	22335.8 	0.353664  1  -2060.2  7482
Mg24 	22335.8 	0.338595  1  -2988.68  8472
Mg24 	22335.8 	0.153411  1  3338.97  1709
Mg24 	22335.8 	0.16213  1  4196.67  867
Mg24 	22335.8 	0.202992  1  -1837.53  7213
Mg24 	22335.8 	0.161338  1  556.497  4705
Mg24 	22335.8 	0.173328  1  -4712.47  10402
Mg24 	22335.8 	0.318688  1  -3370.22  9015
Mg24 	22335.8 	0.150793  1  1610.96  3561
Mg24 	22335.8 	0.127977  1  3222.07  1888
Mg24 	22335.8 	0.4822  1  -292.144  5534
Mg24 	22335.8 	0.152581  1  -138.717  5264
Mg24 	22335.8 	0.127359  1  4622.14  401
Mg24 	22335.8 	0.228507  1  -3457.85  8908
Mg24 	22335.8 	0.12641  1  -955.902  6314
Mg24 	22335.8 	0.189208  1  -2192.32  7530
Mg24 	22335.8 	0.214619  1  2063.44  2990
Mg24 	22335.8 	0.405836  1  -1957.01  7403
Mg24 	22335.8 	0.589406  1  -4020.62  9507
Mg24 	22335.8 	0.262552  1  -1653.74  6968
Mg24 	22335.8 	0.149094  1  -23.5279  5287
Mg24 	22335.8 	0.17405  1  -2021.33  7312
Mg24 	22335.8 	0.141143  1  -3984.5  9364
Mg24 	22335.8 	0.156067  1  -882.736  6199
Mg24 	22335.8 	0.331855  1  -4115.07  9541
Mg24 	22335.8 	0.18316  1  2536.39  2651
Mg24 	22335.8 	0.14046  1  -4462.15  9851
Mg24 	22335.8 	0.167393  1  2615.57  2497
Mg24 	22335.8 	0.549579  1  -2170.27  7374
Mg24 	22335.8 	0.290996  1  1729.27  3451
Mg24 	22335.8 	0.63593  1  -516.82  5715
Mg24 	22335.8 	0.210242  1  955.245  4227
Mg24 	22335.8 	0.155779  1  569.301  4644
Mg24 	22335.8 	0.138884  1  -3386.23  8793
Mg24 	22335.8 	0.130206  1  2853.15  2268
Mg24 	22335.8 	0.661897  1  -4449.41  10126
Mg24 	22335.8 	0.600111  1  -2172.79  7406
Mg24 	22335.8 	0.22066  1  2241.82  2873
Mg24 	22335.8 	0.185367  1  -2393.18  7621
Mg24 	22335.8 	0.143604  1  -157.376  5361
Mg24 	22335.8 	0.417036  1  -3208.01  8602
Mg24 	22335.8 	0.14284  1  4718.28  291
Mg24 	22335.8 	0.328884  1  -4641.05  10245
Mg24 	22335.8 	0.271083  1  4397.44  633
Mg24 	22335.8 	0.195112  1  3512.35  1605
Mg24 	22335.8 	0.233792  1  4726.92  274
Mg24 	22335.8 	0.285031  1  3637.36  1465
Mg24 	22335.8 	0.41435  1  -912.773  6216
Mg24 	22335.8 	0.28047  1  4736.9  272
Mg24 	22335.8 	0.248778  1  12.2528  5219
Mg24 	22335.8 	0.137826  1  -3360.13  8862
Mg24 	22335.8 	0.186305  1  4898.85  111
Mg24 	22335.8 	0.131487  1  -2727.55  8125
Mg24 	22335.8 	0.131792  1  3247.21  1734
Mg24 	22335.8 	0.18774  1  3733.43  1355
Mg24 	22335.8 	0.170838  1  177.426  4984
Mg24 	22335.8 	0.147197  1  -2550.07  7970
Mg24 	22335.8 	0.130039  1  2350.88  2707
Mg24 	22335.8 	0.212641  1  -1856.28  7159
Mg24 	22335.8 	0.443225  1  1557.57  3640
Mg24 	22335.8 	0.192917  1  4446.44  569
Mg24 	22335.8 	0.1652  1  3447.7  1708
Mg24 	22335.8 	0.145546  1  -63.9682  5252
Mg24 	22335.8 	0.251207  1  -3648.56  9128
Mg24 	22335.8 	0.285185  1  -4372.65  9892
Mg24 	22335.8 	0.272163  1  -271.143  5432
Mg24 	22335.8 	1.05137  1  -4285.48  9944
Mg24 	22335.8 	0.163713  1  2938.4  2104
Mg24 	22335.8 	0.203946  1  -4234.75  9592
Mg24 	22335.8 	0.136381  1  -468.691  5624
Mg24 	22335.8 	0.185394  1  -1827.28  7129
Mg24 	22335.8 	0.133967  1  4391.11  671
Mg24 	22335.8 	0.150664  1  -3531.31  9010
Mg24 	22335.8 	0.769699  1  -2426.06  8010
Mg24 	22335.8 	0.235398  1  -3727.44  9639
Mg24 	22335.8 	0.183929  1  3336.96  1696
Mg24 	22335.8 	0.162672  1  -806.515  6035
Mg24 	22335.8 	0.24182  1  -1237.06  6653
Mg24 	22335.8 	0.794441  1  -3120.46  8498
Mg24 	22335.8 	1.00364  1  -4290.57  9916
Mg24 	22335.8 	0.200355  1  -71.2049  5278
Mg24 	22335.8 	0.26127  1  4749.51  255
Mg24 	22335.8 	0.130997  1  -1401.5  6649
Mg24 	22335.8 	0.242012  1  -1964.4  7200
Mg24 	22335.8 	0.399603  1  2747.68  2346
Mg24 	22335.8 	0.147904  1  -1590.57  6921
Mg24 	22335.8 	0.12685  1  -4636.48  10101
Mg24 	22335.8 	0.141646  1  1322.96  3814
Mg24 	22335.8 	0.228301  1  -3193.03  8542
Mg24 	22335.8 	0.443474  1  3300.09  1767
Mg24 	22335.8 	0.129209  1  -2035.28  7387
Mg24 	22335.8 	2.89419  1  -1488.41  6646
Mg24 	22335.8 	0.379225  1  -3361.83  8716
Mg24 	22335.8 	0.153472  1  -223.927  5498
Mg24 	22335.8 	0.253054  1  -3337.83  8517
Mg24 	22335.8 	0.710448  1  -3794.2  9473
Mg24 	22335.8 	0.125797  1  -626.828  5912
Mg24 	22335.8 	0.32076  1  -1606.92  6919
Mg24 	22335.8 	0.895374  1  -2835.69  8008
Mg24 	22335.8 	0.145078  1  2567.62  2632
Mg24 	22335.8 	0.235421  1  -1377.96  6833
Mg24 	22335.8 	0.173338  1  1880  3262
Mg24 	22335.8 	0.146379  1  558.209  4753
Mg24 	22335.8 	0.413688  1  -2846.97  8328
Mg24 	22335.8 	2.46431  1  -4449.27  9972
Mg24 	22335.8 	0.140592  1  -288.951  5578
Mg24 	22335.8 	0.310284  1  -1140.33  6519
Mg24 	22335.8 	0.955717  1  -2245.2  7542
Mg24 	22335.8 	0.418815  1  2397.93  2785
Mg24 	22335.8 	0.199718  1  215.694  4995
Mg24 	22335.8 	0.333598  1  3687.2  1377
Mg24 	22335.8 	0.131753  1  -4312.18  9905
Mg24 	22335.8 	0.415546  1  1732.53  3536
Mg24 	22335.8 	0.145867  1  -244.735  5623
Mg24 	22335.8 	0.374226  1  2493.38  2748
Mg24 	22335.8 	0.126931  1  1518.81  3758
Mg24 	22335.8 	0.126272  1  2051.78  3022
Mg24 	22335.8 	0.245223  1  288.508  4968
Mg24 	22335.8 	0.181332  1  641.456  4572
Mg24 	22335.8 	0.349086  1  4747.23  254
Mg24 	22335.8 	0.225701  1  4739.84  267
Mg24 	22335.8 	0.871858  1  -4462.18  10194
Mg24 	22335.8 	0.202316  1  941.575  4333
Mg24 	22335.8 	0.132646  1  4596.79  436
Mg24 	22335.8 	0.923419  1  -4245.25  9653
Mg24 	22335.8 	0.14583  1  -1606.39  6842
Mg24 	22335.8 	0.358212  1  123.99  5101
Mg24 	22335.8 	0.308207  1  4141.21  915
Mg24 	22335.8 	0.386204  1  1464.46  3721
Mg24 	22335.8 	0.410111  1  3140.97  1963
Mg24 	22335.8 	0.151075  1  -2717.06  8130
Mg24 	22335.8 	0.610895  1  325.408  4840
Mg24 	22335.8 	0.164397  1  -3425.09  9105
Mg24 	22335.8 	0.199806  1  -4642.76  10405
Mg24 	22335.8 	0.833063  1  841.45  4331
Mg24 	22335.8 	0.15563  1  -4472.1  10071
Mg24 	22335.8 	0.939721  1  2962.05  2173
Mg24 	22335.8 	0.237219  1  -3300.1  8706
Mg24 	22335.8 	0.59349  1  282.008  4927
Mg24 	22335.8 	0.189588  1  2865.13  2270
Mg24 	22335.8 	0.162045  1  717.043  4465
Mg24 	22335.8 	0.379565  1  3561.3  1560
Mg24 	22335.8 	0.595787  1  -3832.69  9210
Mg24 	22335.8 	0.311502  1  -981.572  6255
Mg24 	22335.8 	0.16045  1  -4576.18  10086
Mg24 	22335.8 	0.230148  1  -294.757  5593
Mg24 	22335.8 	0.180662  1  3644.28  1386
Mg24 	22335.8 	0.194423  1  2777.82  2364
Mg24 	22335.8 	0.210071  1  3958.78  1046
Mg24 	22335.8 	0.179221  1  3616.63  1395
Mg24 	22335.8 	0.497092  1  3966.07  1104
Mg24 	22335.8 	0.129235  1  -291.777  5418
Mg24 	22335.8 	1.26856  1  4848.36  135
Mg24 	22335.8 	0.546518  1  -4350.65  10007
Mg24 	22335.8 	0.152599  1  908.237  4208
Mg24 	22335.8 	0.22245  1  4606.49  441
Mg24 	22335.8 	0.129659  1  792.589  4238
Mg24 	22335.8 	0.155544  1  -1161.98  6179
Mg24 	22335.8 	0.24661  1  2632.76  2400
Mg24 	22335.8 	0.898412  1  2607.04  2519
Mg24 	22335.8 	0.836127  1  4904.72  96
Mg24 	22335.8 	0.182524  1  2748.39  2351
Mg24 	22335.8 	0.320246  1  962.358  4227
Mg24 	22335.8 	0.158871  1  -3985.96  9633
Mg24 	22335.8 	0.128567  1  2827.26  2335
Mg24 	22335.8 	0.176602  1  4037.41  1004
Mg24 	22335.8 	0.357824  1  3922.31  1110
Mg24 	22335.8 	0.144078  1  -1437.74  6656
Mg24 	22335.8 	0.519623  1  -3754.75  9363
Mg24 	22335.8 	0.612473  1  3193.49  1912
Mg24 	22335.8 	0.226208  1  4994.57  8
Mg24 	22335.8 	0.19988  1  2249.07  2839
Mg24 	22335.8 	0.158881  1  -3771.19  9371
Mg24 	22335.8 	0.51614  1  2797.87  2340
Mg24 	22335.8 	0.252436  1  -4210.98  9598
Mg24 	22335.8 	0.219027  1  -87.8164  5347
Mg24 	22335.8 	0.327361  1  -4167.19  9692
Mg24 	22335.8 	0.763667  1  -762.862  6055
Mg24 	22335.8 	0.211431  1  4656.73  364
Mg24 	22335.8 	0.492453  1  -3683.1  9242
Mg24 	22335.8 	0.619258  1  -4185.61  9715
Mg24 	22335.8 	0.203868  1  -2905.77  8334
Mg24 	22335.8 	0.18382  1  -1409.94  6812
Mg24 	22335.8 	0.237344  1  1760.65  3442
Mg24 	22335.8 	0.229986  1  -464.029  5712
Mg24 	22335.8 	0.173241  1  3311.79  1793
Mg24 	22335.8 	0.199981  1  -1775.18  7059
Mg24 	22335.8 	0.25502  1  -3542.94  8983
Mg24 	22335.8 	0.685984  1  -3339.66  8895
Mg24 	22335.8 	0.17539  1  -3511.07  9004
Mg24 	22335.8 	0.261684  1  -4294.8  9671
Mg24 	22335.8 	0.368719  1  3610.41  1464
Mg24 	22335.8 	0.136381  1  2059.54  3014
Mg24 	22335.8 	0.182566  1  725.743  4548
Mg24 	22335.8 	0.149113  1  -4163.08  9567
Mg24 	22335.8 	0.133516  1  2207.96  2903
Mg24 	22335.8 	0.379199  1  869.021  4158
Mg24 	22335.8 	0.248064  1  3522.4  1518
Mg24 	22335.8 	0.273852  1  3164.67  1922
Mg24 	22335.8 	0.443179  1  3950.63  1038
Mg24 	22335.8 	0.270212  1  -2064.93  7460
Mg24 	22335.8 	0.661627  1  -4429.7  10092
Mg24 	22335.8 	1.50138  1  136.084  4998
Mg24 	22335.8 	0.479278  1  -2549.78  7920
Mg24 	22335.8 	0.199747  1  3913.75  1138
Mg24 	22335.8 	0.428981  1  -4002.92  9614
Mg24 	22335.8 	0.164911  1  -1725.02  7076
Mg24 	22335.8 	0.408247  1  3378.67  1666
Mg24 	22335.8 	0.243224  1  -3378.8  8961
Mg24 	22335.8 	0.145185  1  1326.82  3826
Mg24 	22335.8 	0.191219  1  2782.28  2315
Mg24 	22335.8 	0.308671  1  1618.04  3578
Mg24 	22335.8 	0.510198  1  4787.66  227
Mg24 	22335.8 	1.28185  1  -29.2109  5290
Mg24 	22335.8 	0.146536  1  -3452.26  9024
Mg24 	22335.8 	0.211268  1  1528.99  3656
Mg24 	22335.8 	0.228997  1  895.058  4332
Mg24 	22335.8 	0.222377  1  -3170.28  8440
Mg24 	22335.8 	0.143452  1  -2237.83  7507
Mg24 	22335.8 	0.328239  1  -1719.03  7080
Mg24 	22335.8 	0.176018  1  303.153  4759
Mg24 	22335.8 	0.148074  1  -2935.93  8280
Mg24 	22335.8 	0.330404  1  2143.32  2999
Mg24 	22335.8 	0.209131  1  -699.526  5987
Mg24 	22335.8 	0.384185  1  -3813.57  9226
Mg24 	22335.8 	0.956447  1  -4057.66  9772
Mg24 	22335.8 	1.04686  1  -4464.19  10124
Mg24 	22335.8 	0.301681  1  4795.31  224
Mg24 	22335.8 	0.230444  1  1655.4  3544
Mg24 	22335.8 	0.286912  1  364.727  4842
Mg24 	22335.8 	0.328672  1  3082.28  2015
Mg24 	22335.8 	0.863253  1  -4826.45  10476
Mg24 	22335.8 	0.256229  1  -2094.99  7403
Mg24 	22335.8 	0.133628  1  2433.82  2697
Mg24 	22335.8 	0.153343  1  3077.37  2069
Mg24 	22335.8 	1.91803  1  4366.27  641
Mg24 	22335.8 	0.325105  1  1346.13  3909
Mg24 	22335.8 	0.207778  1  89.4422  5172
Mg24 	22335.8 	0.221721  1  -1539.35  6917
Mg24 	22335.8 	0.127276  1  1702.8  3404
Mg24 	22335.8 	0.939199  1  -1777.84  6920
Mg24 	22335.8 	0.251632  1  -508.182  5699
Mg24 	22335.8 	0.241047  1  -4215.79  9781
Mg24 	22335.8 	0.12757  1  2385.66  2798
Mg24 	22335.8 	1.11839  1  -4755.77  10367
Mg24 	22335.8 	0.129418  1  864.887  4486
Mg24 	22335.8 	0.166369  1  -3491.21  8824
Mg24 	22335.8 	0.237531  1  2974.84  2180
Mg24 	22335.8 	1.1748  1  -3219.19  8937
Mg24 	22335.8 	0.169978  1  4619.84  412
Mg24 	22335.8 	0.146359  1  2107.18  2996
Mg24 	22335.8 	0.876538  1  -4410.21  10125
Mg24 	22335.8 	1.75545  1  -4019.92  9648
Mg24 	22335.8 	0.127565  1  -1273.66  6458
Mg24 	22335.8 	0.300676  1  -3631.31  9225
Mg24 	22335.8 	0.166225  1  -2308.47  7600
Mg24 	22335.8 	0.746943  1  -4110.52  9630
Mg24 	22335.8 	0.227727  1  -1466.2  6703
Mg24 	22335.8 	0.397511  1  -1005.6  6190
Mg24 	22335.8 	0.245193  1  -4558.57  10195
Mg24 	22335.8 	0.220185  1  -484.605  5861
Mg24 	22335.8 	0.230184  1  -3464.65  8968
Mg24 	22335.8 	0.126343  1  -3470.59  8836
Mg24 	22335.8 	0.529373  1  2746.02  2439
Mg24 	22335.8 	0.489967  1  24.731  5191
Mg24 	22335.8 	0.351587  1  3073.43  1981
Mg24 	22335.8 	0.241051  1  -3752.42  8965
Mg24 	22335.8 	0.130961  1  -1734.36  6935
Mg24 	22335.8 	0.621596  1  347.427  4786
Mg24 	22335.8 	0.976757  1  2378.37  2815
Mg24 	22335.8 	0.140456  1  847.754  4316
Mg24 	22335.8 	0.400389  1  833.437  4345
Mg24 	22335.8 	0.161822  1  -3883.08  9244
Mg24 	22335.8 	0.13324  1  -2184.93  7718
Mg24 	22335.8 	0.41196  1  -4971.1  10535
Mg24 	22335.8 	0.160594  1  851.954  4205
Mg24 	22335.8 	0.309637  1  1997.57  3201
Mg24 	22335.8 	0.159518  1  481.141  4737
Mg24 	22335.8 	0.349795  1  -4234.73  9535
Mg24 	22335.8 	0.264217  1  -3571.97  9001
Mg24 	22335.8 	0.233584  1  4775.87  238
Mg24 	22335.8 	1.25974  1  -3857.74  9337
Mg24 	22335.8 	0.347666  1  -4495.19  10057
Mg24 	22335.8 	0.286594  1  2894.14  2163
Mg24 	22335.8 	0.310309  1  -591.403  5847
Mg24 	22335.8 	0.301815  1  822.214  4270
Mg24 	22335.8 	0.130316  1  -3451.68  8947
Mg24 	22335.8 	0.137286  1  1236.54  4021
Mg24 	22335.8 	0.393835  1  3752.81  1269
Mg24 	22335.8 	0.174239  1  -1591.34  6830
Mg24 	22335.8 	0.302207  1  -98.0324  5400
Mg24 	22335.8 	0.185355  1  1140.95  3957
Mg24 	22335.8 	0.126537  1  3540.54  1525
Mg24 	22335.8 	0.284414  1  -3075.13  8308
Mg24 	22335.8 	0.132011  1  173.785  5024
Mg24 	22335.8 	1.47142  1  -4448.91  9823
Mg24 	22335.8 	0.129919  1  2195.06  3048
Mg24 	22335.8 	1.93019  1  -4346.64  9723
Mg24 	22335.8 	0.125538  1  -163.619  5481
Mg24 	22335.8 	0.576012  1  4820.3  189
Mg24 	22335.8 	0.168287  1  802.997  4328
Mg24 	22335.8 	0.211392  1  4897.99  110
Mg24 	22335.8 	0.250657  1  1623.74  3626
Mg24 	22335.8 	0.20373  1  2085.76  3036
Mg24 	22335.8 	0.426256  1  3303.26  1730
Mg24 	22335.8 	0.62282  1  -1762.82  7038
Mg24 	22335.8 	0.333348  1  249.263  5000
Mg24 	22335.8 	0.246228  1  4076.81  983
Mg24 	22335.8 	0.264939  1  -4079.96  9578
Mg24 	22335.8 	0.444817  1  1706.77  3394
Mg24 	22335.8 	0.158601  1  -1111.86  6326
Mg24 	22335.8 	0.26538  1  -2146.72  7566
Mg24 	22335.8 	0.240131  1  929.906  4292
Mg24 	22335.8 	0.164205  1  3436.07  1641
Mg24 	22335.8 	0.133014  1  -1688.75  7026
Mg24 	22335.8 	0.151891  1  -2027.53  7259
Mg24 	22335.8 	0.297531  1  -210.053  5527
Mg24 	22335.8 	0.604772  1  -4379.98  10201
Mg24 	22335.8 	0.172361  1  3149.8  1887
Mg24 	22335.8 	0.275551  1  3860.86  1131
Mg24 	22335.8 	7.69056  1  -3460.51  8869
Mg24 	22335.8 	0.415081  1  -1529.99  6819
Mg24 	22335.8 	0.631002  1  -4443.24  9976
Mg24 	22335.8 	0.300955  1  2099.59  3126
Mg24 	22335.8 	0.475644  1  -4150.03  9697
Mg24 	22335.8 	0.17024  1  -4106.79  9548
Mg24 	22335.8 	0.237355  1  2235.23  2862
Mg24 	22335.8 	0.304987  1  -3541.27  8821
Mg24 	22335.8 	0.247668  1  -1559.98  6753
Mg24 	22335.8 	0.128846  1  -4675.36  10362
Mg24 	22335.8 	0.279345  1  -4178.53  9864
Mg24 	22335.8 	0.150494  1  2402.52  2692
Mg24 	22335.8 	0.0661824  1  -4344.36  10004
Mg24 	22335.8 	0.648484  1  4525.13  462
Mg24 	22335.8 	0.956167  1  -3061.74  8528
Mg24 	22335.8 	0.432372  1  -4512.03  10165
Mg24 	22335.8 	0.135821  1  -2223.07  7580
Mg24 	22335.8 	0.201863  1  1412.68  3705
Mg24 	22335.8 	0.631995  1  -4147.24  9712
Mg24 	22335.8 	0.167231  1  1385.69  3785
Mg24 	22335.8 	0.191818  1  3902.32  1116
Mg24 	22335.8 	0.399957  1  1923.67  3271
Mg24 	22335.8 	0.216804  1  1889.65  3317
Mg24 	22335.8 	1.08063  1  834.179  4410
Mg24 	22335.8 	0.304454  1  -3715.34  9203
Mg24 	22335.8 	0.20203  1  -369.859  5596
Mg24 	22335.8 	2.35555  1  -4315.35  9851
Mg24 	22335.8 	0.164704  1  -4277.81  9655
Mg24 	22335.8 	0.15735  1  -4514.71  9977
Mg24 	22335.8 	0.758059  1  1435.59  3851
Mg24 	22335.8 	0.127517  1  168.96  5032
Mg24 	22335.8 	0.226928  1  1623.99  3461
Mg24 	22335.8 	0.231929  1  -3970.51  9379
Mg24 	22335.8 	0.641025  1  2050.57  3074
Mg24 	22335.8 	0.139959  1  532.21  4676
Mg24 	22335.8 	0.131955  1  3655.41  1396
Mg24 	22335.8 	0.73571  1  -4787.25  10354
Mg24 	22335.8 	0.325307  1  -2539.45  7818
Mg24 	22335.8 	1.39113  1  4008.8  1062
Mg24 	22335.8 	0.13518  1  -2783.1  8011
Mg24 	22335.8 	0.196174  1  -3518.01  8837
Mg24 	22335.8 	0.137095  1  -1994.01  7483
Mg24 	22335.8 	0.133108  1  1925.66  3216
Mg24 	22335.8 	0.147849  1  -1577.97  6916
Mg24 	22335.8 	0.238824  1  -4556.95  10036
Mg24 	22335.8 	0.93602  1  -244.328  5392
Mg24 	22335.8 	0.348181  1  371.941  4947
Mg24 	22335.8 	2.08775  1  -1445.55  6651
Mg24 	22335.8 	0.483802  1  1189.16  4099
Mg24 	22335.8 	0.494733  1  4098.23  971
Mg24 	22335.8 	0.262577  1  -4446.03  10032
Mg24 	22335.8 	0.275295  1  3525.18  1487
Mg24 	22335.8 	0.151325  1  1386.22  3759
Mg24 	22335.8 	0.142587  1  2533.88  2628
Mg24 	22335.8 	0.45068  1  -1096.79  6367
Mg24 	22335.8 	0.15307  1  3295.22  1788
Mg24 	22335.8 	0.401236  1  -1480.58  6811
Mg24 	22335.8 	0.538203  1  3950.15  1144
Mg24 	22335.8 	6.59581  1  654.699  4507
Mg24 	22335.8 	0.242455  1  -3723.98  9272
Mg24 	22335.8 	0.240414  1  2855.46  2241
Mg24 	22335.8 	0.198886  1  1256.58  3911
Mg24 	22335.8 	0.151842  1  1298.23  3830
Mg24 	22335.8 	0.375095  1  -547.635  5637
Mg24 	22335.8 	0.849324  1  -4714.49  10000
Mg24 	22335.8 	0.162386  1  1428.56  3714
Mg24 	22335.8 	0.15168  1  4116.69  886
Mg24 	22335.8 	1.41808  1  -4611.64  10135
Mg24 	22335.8 	0.151125  1  -966.276  6245
Mg24 	22335.8 	0.48126  1  -2938.67  8299
Mg24 	22335.8 	0.162148  1  214.937  4916
Mg24 	22335.8 	0.153494  1  1568.28  3531
Mg24 	22335.8 	0.128777  1  -1933.46  7212
Mg24 	22335.8 	0.610119  1  2377.34  2805
Mg24 	22335.8 	0.718609  1  1546.94  3623
Mg24 	22335.8 	0.70219  1  -993.252  6150
Mg24 	22335.8 	0.333942  1  -1297.74  6576
Mg24 	22335.8 	0.196376  1  1645.18  3437
Mg24 	22335.8 	0.376156  1  3575.2  1483
Mg24 	22335.8 	0.164928  1  3304.93  1790
Mg24 	22335.8 	0.402001  1  3746.66  1316
Mg24 	22335.8 	0.669626  1  4382.88  641
Mg24 	22335.8 	0.133388  1  2603.97  2547
Mg24 	22335.8 	0.201372  1  -4184.47  9564
Mg24 	22335.8 	0.126763  1  -3934.82  9242
Mg24 	22335.8 	0.167621  1  4658.68  371
Mg24 	22335.8 	0.222053  1  4304.58  684
Mg24 	22335.8 	0.135367  1  -1364.99  6480
Mg24 	22335.8 	0.330445  1  -3726.15  9142
Mg24 	22335.8 	0.180038  1  1398.53  3757
Mg24 	22335.8 	0.792165  1  1409.23  3756
Mg24 	22335.8 	0.127402  1  3992.57  1021
Mg24 	22335.8 	0.338115  1  -3534.26  8785
Mg24 	22335.8 	0.446111  1  3557.32  1512
Mg24 	22335.8 	0.232262  1  -3572.75  9148
Mg24 	22335.8 	0.183312  1  4039.3  1058
Mg24 	22335.8 	0.216787  1  1995.65  3183
Mg24 	22335.8 	0.22767  1  -4214.7  9814
Mg24 	22335.8 	0.18691  1  -41.3058  5329
Mg24 	22335.8 	0.430788  1  -4762.56  10513
Mg24 	22335.8 	0.14865  1  4432.58  617
Mg24 	22335.8 	0.291956  1  4758.23  239
Mg24 	22335.8 	0.38972  1  -4896.51  10507
Mg24 	22335.8 	0.688823  1  -4254.15  9871
Mg24 	22335.8 	0.299146  1  -3868.14  9416
Mg24 	22335.8 	0.286374  1  -1502.19  6779
Mg24 	22335.8 	0.138346  1  38.7471  5314
Mg24 	22335.8 	0.159545  1  -4003.82  9486
Mg24 	22335.8 	1.23468  1  -4556.16  10071
Mg24 	22335.8 	0.135997  1  4536.76  516
Mg24 	22335.8 	0.771613  1  2127.01  2986
Mg24 	22335.8 	2.90239  1  -3775.69  9307
Mg24 	22335.8 	1.19563  1  -2835.74  8314
Mg24 	22335.8 	0.408652  1  453.037  4719
Mg24 	22335.8 	0.139199  1  -2869.82  8184
Mg24 	22335.8 	0.297313  1  -2897.27  8342
Mg24 	22335.8 	0.140192  1  4784.35  250
Mg24 	22335.8 	0.854761  1  -4579.58  10271
Mg24 	22335.8 	0.377276  1  229.679  4948
Mg24 	22335.8 	0.221605  1  339.732  4923
Mg24 	22335.8 	0.150719  1  -914.073  6211
Mg24 	22335.8 	0.186371  1  1546.17  3537
Mg24 	22335.8 	0.181903  1  1701.22  3378
Mg24 	22335.8 	1.02485  1  -4239.83  9799
Mg24 	22335.8 	3.27278  1  4365.63  694
Mg24 	22335.8 	0.161788  1  -1568.57  6913
Mg24 	22335.8 	0.26186  1  -2597.99  7875
Mg24 	22335.8 	0.158296  1  4663.02  351
Mg24 	22335.8 	0.404455  1  -814.168  5963
Mg24 	22335.8 	0.155515  1  -806.584  5968
Mg24 	22335.8 	0.189395  1  2364.41  2733
Mg24 	22335.8 	0.213328  1  765.863  4571
Mg24 	22335.8 	0.164426  1  4904.76  108
Mg24 	22335.8 	0.31797  1  -3010.59  8201
Mg24 	22335.8 	0.650335  1  -4343.63  9992
Mg24 	22335.8 	0.275295  1  1903.55  3283
Mg24 	22335.8 	0.232204  1  1753.2  3347
Mg24 	22335.8 	0.227965  1  -3883.81  9307
Mg24 	22335.8 	0.145665  1  -3320.55  8628
Mg24 	22335.8 	0.399639  1  -3647.54  9039
Mg24 	22335.8 	1.07775  1  -4741.08  10363
Mg24 	22335.8 	2.13477  1  -4460.9  10172
Mg24 	22335.8 	0.364881  1  3161.54  1997
Mg24 	22335.8 	1.08326  1  -2987.64  8533
Mg24 	22335.8 	0.232587  1  2641.55  2507
Mg24 	22335.8 	0.129169  1  3580.23  1486
Mg24 	22335.8 	0.387792  1  564.912  4657
Mg24 	22335.8 	0.324977  1  -1686.73  6904
Mg24 	22335.8 	0.130627  1  768.04  4315
Mg24 	22335.8 	0.198805  1  3040.14  1947
Mg24 	22335.8 	0.132659  1  -531.93  5749
Mg24 	22335.8 	0.135143  1  4591.8  470
Mg24 	22335.8 	0.131482  1  -4173.03  9720
Mg24 	22335.8 	0.243434  1  4030.75  1011
Mg24 	22335.8 	1.0878  1  -1217.88  6545
Mg24 	22335.8 	1.99588  1  -4485.3  9890
Mg24 	22335.8 	0.180411  1  -788.086  6104
Mg24 	22335.8 	0.125815  1  3591.01  1439
Mg24 	22335.8 	0.185956  1  2962.23  2127
Mg24 	22335.8 	0.389823  1  988.74  4252
Mg24 	22335.8 	0.149004  1  1324.89  3898
Mg24 	22335.8 	0.450805  1  -3638.64  9160
Mg24 	22335.8 	0.136639  1  -3074.24  8410
