Mg24 	22335.8 	0.347503  1  -4358.08  9740
Mg24 	22335.8 	1.12602  1  1577.91  3579
Mg24 	22335.8 	0.351659  1  -106.833  5459
Mg24 	22335.8 	0.220258  1  -2090.77  7532
Mg24 	22335.8 	0.130088  1  -4644.85  10206
Mg24 	22335.8 	0.194255  1  -4829.3  10442
Mg24 	22335.8 	0.403741  1  4884.13  118
Mg24 	22335.8 	1.16708  1  3109.11  1979
Mg24 	22335.8 	0.279186  1  2265.02  2847
Mg24 	22335.8 	0.130889  1  -3870.65  9238
Mg24 	22335.8 	0.156732  1  -340.411  5559
Mg24 	22335.8 	0.175908  1  244.942  5073
Mg24 	22335.8 	0.303495  1  -2796.98  8177
Mg24 	22335.8 	0.138287  1  1488.62  3692
Mg24 	22335.8 	3.27561  1  -3545.18  9077
Mg24 	22335.8 	0.384218  1  -4724.79  10302
Mg24 	22335.8 	0.130115  1  620.513  4638
Mg24 	22335.8 	0.128001  1  -1885.73  7212
Mg24 	22335.8 	0.159559  1  -289.751  5472
Mg24 	22335.8 	0.181376  1  -1940.69  7373
Mg24 	22335.8 	0.27906  1  2622.79  2539
Mg24 	22335.8 	0.326285  1  -287.496  5340
Mg24 	22335.8 	0.138982  1  -3768.89  9218
Mg24 	22335.8 	0.174487  1  2748.89  2337
Mg24 	22335.8 	0.364494  1  -3417.98  8727
Mg24 	22335.8 	0.132359  1  -1631.96  6966
Mg24 	22335.8 	0.129586  1  3855.81  1197
Mg24 	22335.8 	0.167031  1  -2031.65  7462
Mg24 	22335.8 	0.157807  1  1258.21  3860
Mg24 	22335.8 	0.129816  1  3576.61  1494
Mg24 	22335.8 	0.144632  1  238.745  5003
Mg24 	22335.8 	0.184632  1  4383.98  641
Mg24 	22335.8 	0.146944  1  -4216.35  9686
Mg24 	22335.8 	0.318856  1  2799.04  2338
Mg24 	22335.8 	0.165049  1  3395.89  1646
Mg24 	22335.8 	0.192003  1  -75.4645  5388
Mg24 	22335.8 	0.274081  1  -2862.86  8316
Mg24 	22335.8 	0.246034  1  -4655.63  10168
Mg24 	22335.8 	0.229036  1  -4454.69  9915
Mg24 	22335.8 	0.479841  1  1365.21  3809
Mg24 	22335.8 	0.230321  1  -1652.87  6919
Mg24 	22335.8 	0.135571  1  2088.1  3086
Mg24 	22335.8 	0.151517  1  4352.83  706
Mg24 	22335.8 	0.241677  1  -343.559  5578
Mg24 	22335.8 	0.236184  1  1549.24  3675
Mg24 	22335.8 	1.68427  1  4525.67  489
Mg24 	22335.8 	0.142333  1  831.223  4398
Mg24 	22335.8 	0.216712  1  -2581.82  7981
Mg24 	22335.8 	0.249499  1  -2135.4  7497
Mg24 	22335.8 	0.28201  1  -1903.57  7204
Mg24 	22335.8 	0.126959  1  -334.396  5714
Mg24 	22335.8 	0.181825  1  4115.39  948
Mg24 	22335.8 	0.193054  1  -183.927  5532
Mg24 	22335.8 	0.265388  1  -2257.69  7693
Mg24 	22335.8 	0.280758  1  1078.71  4205
Mg24 	22335.8 	0.0973894  1  799.206  4475
Mg24 	22335.8 	0.224211  1  198.674  5012
Mg24 	22335.8 	0.141141  1  284.243  4888
Mg24 	22335.8 	0.291452  1  1007.26  4156
Mg24 	22335.8 	0.603238  1  -1722.2  7024
Mg24 	22335.8 	0.146891  1  4530.15  511
Mg24 	22335.8 	0.245928  1  1365.65  3882
Mg24 	22335.8 	0.179683  1  -2722.67  8244
Mg24 	22335.8 	1.04486  1  2578.72  2572
Mg24 	22335.8 	0.550428  1  638.03  4522
Mg24 	22335.8 	0.158423  1  -2848.78  8130
Mg24 	22335.8 	0.150405  1  4554.57  453
Mg24 	22335.8 	0.228336  1  4756.39  256
Mg24 	22335.8 	0.229177  1  875.436  4301
Mg24 	22335.8 	0.356681  1  2311.16  2783
Mg24 	22335.8 	0.238617  1  3000.74  2164
Mg24 	22335.8 	0.590042  1  2591.85  2517
Mg24 	22335.8 	0.127375  1  -1503.29  6925
Mg24 	22335.8 	0.276953  1  2000.85  3122
Mg24 	22335.8 	8.61288  1  274.577  5010
Mg24 	22335.8 	0.161919  1  -3970.55  9364
Mg24 	22335.8 	0.16006  1  -214.845  5555
Mg24 	22335.8 	1.32752  1  3566.45  1551
Mg24 	22335.8 	0.125884  1  -1465.26  6625
Mg24 	22335.8 	0.229203  1  -4626.44  10127
Mg24 	22335.8 	0.197587  1  1361.96  3857
Mg24 	22335.8 	0.263071  1  -2284.64  7711
Mg24 	22335.8 	0.268056  1  588.188  4560
Mg24 	22335.8 	0.133093  1  1800.75  3415
Mg24 	22335.8 	0.189481  1  -191.173  5348
Mg24 	22335.8 	0.27842  1  4411.89  657
Mg24 	22335.8 	0.330066  1  -219.245  5421
Mg24 	22335.8 	0.157452  1  -546.787  5969
Mg24 	22335.8 	0.323402  1  3343.49  1835
Mg24 	22335.8 	0.161489  1  1003.15  4303
Mg24 	22335.8 	0.176089  1  -2389.27  7965
Mg24 	22335.8 	0.258417  1  3677.51  1361
Mg24 	22335.8 	0.17263  1  908.45  4352
Mg24 	22335.8 	0.382207  1  -3079.91  8481
Mg24 	22335.8 	0.633427  1  -2299.11  7713
Mg24 	22335.8 	0.301573  1  -3435.58  8942
Mg24 	22335.8 	0.231074  1  990.966  4234
Mg24 	22335.8 	0.174371  1  1479.82  3761
Mg24 	22335.8 	0.558974  1  -490.177  5738
Mg24 	22335.8 	0.151891  1  -3198.61  8686
Mg24 	22335.8 	0.64468  1  -2983.05  8566
Mg24 	22335.8 	0.248707  1  2283.53  2751
Mg24 	22335.8 	0.310613  1  -2242.29  7795
Mg24 	22335.8 	0.354396  1  -3139.5  8446
Mg24 	22335.8 	0.138784  1  4731.21  292
Mg24 	22335.8 	0.971229  1  3604.1  1485
Mg24 	22335.8 	0.303761  1  -37.8375  5225
Mg24 	22335.8 	0.145743  1  -4161.19  9634
Mg24 	22335.8 	0.211307  1  -4671.33  10163
Mg24 	22335.8 	0.226162  1  1785.34  3334
Mg24 	22335.8 	0.475981  1  3579.18  1524
Mg24 	22335.8 	0.15709  1  -3826.91  9375
Mg24 	22335.8 	0.627397  1  -1259.61  6787
Mg24 	22335.8 	0.138856  1  1765.98  3327
Mg24 	22335.8 	2.20231  1  277.51  4941
Mg24 	22335.8 	0.145416  1  -3099.2  8472
Mg24 	22335.8 	0.748606  1  -3201.85  8581
Mg24 	22335.8 	0.193266  1  1832.15  3293
Mg24 	22335.8 	0.31329  1  780.285  4573
Mg24 	22335.8 	0.224517  1  -3745.97  9267
Mg24 	22335.8 	0.197813  1  1641  3558
Mg24 	22335.8 	0.164983  1  -2522.19  7880
Mg24 	22335.8 	0.273422  1  4447.63  615
Mg24 	22335.8 	0.1998  1  4410.8  606
Mg24 	22335.8 	0.1617  1  -4507.78  10056
Mg24 	22335.8 	0.216191  1  -1987.14  7326
Mg24 	22335.8 	0.165313  1  4328.84  727
Mg24 	22335.8 	0.22613  1  4017.12  1038
Mg24 	22335.8 	0.368402  1  447.358  4865
Mg24 	22335.8 	0.262974  1  -4332.53  9891
Mg24 	22335.8 	0.192871  1  263.866  5000
Mg24 	22335.8 	0.476383  1  -3886.56  9307
Mg24 	22335.8 	0.371215  1  2103.3  3078
Mg24 	22335.8 	0.160275  1  2764.23  2378
Mg24 	22335.8 	0.849981  1  1720.08  3511
Mg24 	22335.8 	0.135966  1  4505.68  514
Mg24 	22335.8 	0.13667  1  1284.77  3910
Mg24 	22335.8 	0.149878  1  -810.371  6147
Mg24 	22335.8 	0.225652  1  763.483  4403
Mg24 	22335.8 	0.170274  1  -1740.78  7076
Mg24 	22335.8 	0.127671  1  -1344.59  6651
Mg24 	22335.8 	0.298266  1  -3796.59  9318
Mg24 	22335.8 	0.25635  1  4582.42  443
Mg24 	22335.8 	0.386003  1  1614.04  3596
Mg24 	22335.8 	0.153502  1  4675.51  346
Mg24 	22335.8 	0.198773  1  3325.58  1660
Mg24 	22335.8 	0.300706  1  -1693.39  7013
Mg24 	22335.8 	0.300735  1  467.657  4659
Mg24 	22335.8 	0.299472  1  -1664.31  6874
Mg24 	22335.8 	0.371407  1  67.9402  5244
Mg24 	22335.8 	0.181044  1  3176.58  1876
Mg24 	22335.8 	0.136631  1  4490.32  548
Mg24 	22335.8 	0.176701  1  3069.18  2092
Mg24 	22335.8 	0.179472  1  3113.95  2015
Mg24 	22335.8 	0.221862  1  -1311.27  6580
Mg24 	22335.8 	0.154169  1  1955.61  3256
Mg24 	22335.8 	0.208121  1  3489.93  1622
Mg24 	22335.8 	0.136965  1  -3187.12  8606
Mg24 	22335.8 	0.132743  1  -2915.53  8415
Mg24 	22335.8 	0.222954  1  -1185.73  6536
Mg24 	22335.8 	0.133157  1  -3533.18  8925
Mg24 	22335.8 	0.296607  1  -4623.05  10184
Mg24 	22335.8 	0.202094  1  4733.49  303
Mg24 	22335.8 	0.228449  1  -4604.73  10231
Mg24 	22335.8 	0.172486  1  -2138.29  7466
Mg24 	22335.8 	0.391598  1  -2808.58  8212
Mg24 	22335.8 	0.149436  1  4416.21  641
Mg24 	22335.8 	0.154272  1  -966.984  6280
Mg24 	22335.8 	0.159153  1  3533.72  1456
Mg24 	22335.8 	0.325538  1  -3835.14  9402
Mg24 	22335.8 	0.133852  1  379.786  4785
Mg24 	22335.8 	0.736374  1  3915.68  1124
Mg24 	22335.8 	0.141165  1  3785.21  1299
Mg24 	22335.8 	0.129272  1  -395.451  5673
Mg24 	22335.8 	0.14271  1  -3563.57  9057
Mg24 	22335.8 	0.584756  1  1016.06  4251
Mg24 	22335.8 	1.04101  1  1459.02  3732
Mg24 	22335.8 	0.149484  1  -292.812  5553
Mg24 	22335.8 	0.173289  1  -706.912  5963
Mg24 	22335.8 	0.273091  1  3236.74  1867
Mg24 	22335.8 	0.137854  1  273.765  5001
Mg24 	22335.8 	0.35291  1  -3595.98  8986
Mg24 	22335.8 	0.215006  1  -2743.52  8346
Mg24 	22335.8 	0.158593  1  -333.235  5539
Mg24 	22335.8 	0.145262  1  2192.57  2976
Mg24 	22335.8 	0.126971  1  270.94  4943
Mg24 	22335.8 	0.241629  1  3406.84  1713
Mg24 	22335.8 	0.186339  1  1469.57  3751
Mg24 	22335.8 	0.169097  1  2258.76  2846
Mg24 	22335.8 	0.150148  1  560.962  4674
Mg24 	22335.8 	0.328976  1  -2756.1  8083
Mg24 	22335.8 	0.484598  1  -4581.02  9862
Mg24 	22335.8 	0.133316  1  3141.23  2060
Mg24 	22335.8 	0.330149  1  -2688.75  8182
Mg24 	22335.8 	0.216445  1  1809.47  3391
Mg24 	22335.8 	0.179522  1  3980.46  1066
Mg24 	22335.8 	0.225948  1  -887.688  6246
Mg24 	22335.8 	0.203593  1  3921.15  1154
Mg24 	22335.8 	0.159861  1  4055.7  994
Mg24 	22335.8 	0.207382  1  1442.01  3634
Mg24 	22335.8 	0.464756  1  1340.42  3898
Mg24 	22335.8 	0.289783  1  -1810.31  7251
Mg24 	22335.8 	0.152709  1  -4023.12  9444
Mg24 	22335.8 	0.433086  1  3554.23  1489
Mg24 	22335.8 	0.300573  1  3475.54  1549
Mg24 	22335.8 	0.243048  1  -716.493  5834
Mg24 	22335.8 	0.386952  1  -2567.34  7881
Mg24 	22335.8 	0.205949  1  4874.03  123
Mg24 	22335.8 	0.571093  1  3239.25  1898
Mg24 	22335.8 	0.127037  1  1422.81  3775
Mg24 	22335.8 	0.308464  1  -3872.58  9411
Mg24 	22335.8 	0.191485  1  496.167  4874
Mg24 	22335.8 	0.18311  1  -3907.95  9509
Mg24 	22335.8 	0.133636  1  -3399.38  8897
Mg24 	22335.8 	0.193933  1  2955.81  2159
Mg24 	22335.8 	0.243461  1  -4832.97  10281
Mg24 	22335.8 	0.138384  1  4776.22  204
Mg24 	22335.8 	0.165047  1  -3423.03  8816
Mg24 	22335.8 	0.338865  1  -4976.06  10456
Mg24 	22335.8 	0.225239  1  4799.29  204
Mg24 	22335.8 	0.856379  1  1567.78  3635
Mg24 	22335.8 	0.150201  1  -3395.58  8796
Mg24 	22335.8 	0.546252  1  -2612.62  8058
Mg24 	22335.8 	0.301473  1  504.895  4743
Mg24 	22335.8 	0.162621  1  1949.67  3200
Mg24 	22335.8 	0.146859  1  -3119.96  8617
Mg24 	22335.8 	0.22409  1  -1920.11  7363
Mg24 	22335.8 	0.166606  1  -3051.14  8620
Mg24 	22335.8 	0.192292  1  2146.86  2958
Mg24 	22335.8 	0.901204  1  2150.82  2987
Mg24 	22335.8 	0.17196  1  -2786.57  8259
Mg24 	22335.8 	0.143197  1  2586.06  2550
Mg24 	22335.8 	0.275138  1  755.273  4502
Mg24 	22335.8 	0.392228  1  125.547  5163
Mg24 	22335.8 	0.137119  1  303.609  4888
Mg24 	22335.8 	0.323086  1  2064.34  3055
Mg24 	22335.8 	0.331476  1  -4688.05  10340
Mg24 	22335.8 	0.482045  1  4223.45  806
Mg24 	22335.8 	0.187895  1  4104.58  909
Mg24 	22335.8 	0.226158  1  4433.96  618
Mg24 	22335.8 	0.130776  1  -554.262  5737
Mg24 	22335.8 	0.16853  1  -2446.02  7767
Mg24 	22335.8 	0.263109  1  1739.96  3368
Mg24 	22335.8 	0.300068  1  -1491.58  6704
Mg24 	22335.8 	0.176538  1  -20.9597  5288
Mg24 	22335.8 	0.12636  1  -1394.94  6722
Mg24 	22335.8 	0.158933  1  262.603  4958
Mg24 	22335.8 	0.137943  1  3168.43  1840
Mg24 	22335.8 	1.16831  1  3091.75  1906
Mg24 	22335.8 	0.202959  1  -1287.51  6641
Mg24 	22335.8 	0.478278  1  2293.62  2888
Mg24 	22335.8 	0.576723  1  -4031.02  9362
Mg24 	22335.8 	0.220208  1  1862.02  3350
Mg24 	22335.8 	0.28776  1  -217.075  5509
Mg24 	22335.8 	0.152721  1  -2192.63  7711
Mg24 	22335.8 	0.244002  1  1110.25  4138
Mg24 	22335.8 	0.189827  1  3640.4  1372
Mg24 	22335.8 	0.168712  1  1331.73  3739
Mg24 	22335.8 	0.225999  1  -3669.84  9207
Mg24 	22335.8 	0.134028  1  236.385  4919
Mg24 	22335.8 	0.194619  1  -1200.65  6543
Mg24 	22335.8 	0.255316  1  2923.57  2258
Mg24 	22335.8 	0.145093  1  1028.87  4252
Mg24 	22335.8 	0.176021  1  -3704.63  9148
Mg24 	22335.8 	0.570693  1  793.189  4449
Mg24 	22335.8 	0.15003  1  4044.32  962
Mg24 	22335.8 	0.274336  1  -669.648  6131
Mg24 	22335.8 	0.0504798  1  583.787  4699
Mg24 	22335.8 	0.142733  1  -1589.19  7007
Mg24 	22335.8 	0.285416  1  3135.55  1964
Mg24 	22335.8 	0.44383  1  -1748.89  7180
Mg24 	22335.8 	0.175234  1  490.831  4574
Mg24 	22335.8 	0.915723  1  -3317.04  8702
Mg24 	22335.8 	0.141484  1  295.796  4953
Mg24 	22335.8 	0.19469  1  -2014.48  7242
Mg24 	22335.8 	0.148286  1  -4998.97  10740
Mg24 	22335.8 	0.417925  1  3316.8  1689
Mg24 	22335.8 	0.157309  1  -841.644  6126
Mg24 	22335.8 	0.895756  1  4342.15  704
Mg24 	22335.8 	0.160724  1  629.531  4600
Mg24 	22335.8 	0.457844  1  -606.768  5884
Mg24 	22335.8 	0.153638  1  4036.29  1031
Mg24 	22335.8 	0.410032  1  -3927.79  9389
Mg24 	22335.8 	0.281922  1  2561.55  2549
Mg24 	22335.8 	0.16744  1  -2478.58  7811
Mg24 	22335.8 	0.140114  1  -1190.01  6621
Mg24 	22335.8 	0.180303  1  1421.84  3630
Mg24 	22335.8 	0.201121  1  1216.44  4038
Mg24 	22335.8 	0.211905  1  1868.69  3341
Mg24 	22335.8 	0.287839  1  -2768.49  8255
Mg24 	22335.8 	0.402186  1  1491.34  3663
Mg24 	22335.8 	0.565036  1  3085.44  2088
Mg24 	22335.8 	0.126743  1  828.46  4540
Mg24 	22335.8 	0.376918  1  -3810.35  9331
Mg24 	22335.8 	0.140355  1  918.906  4267
Mg24 	22335.8 	0.153883  1  -2983.59  8527
Mg24 	22335.8 	0.208333  1  -4857.24  10312
Mg24 	22335.8 	0.197356  1  2518.59  2594
Mg24 	22335.8 	0.159936  1  924.395  4320
Mg24 	22335.8 	0.709579  1  -4512.37  9982
Mg24 	22335.8 	0.179954  1  5.98106  5275
Mg24 	22335.8 	0.497683  1  -2321.8  7730
Mg24 	22335.8 	0.13474  1  2790.91  2291
Mg24 	22335.8 	1.138  1  -1317.89  6696
Mg24 	22335.8 	0.273306  1  3535.57  1512
Mg24 	22335.8 	0.140849  1  -3691.28  9085
Mg24 	22335.8 	0.135289  1  -46.7729  5224
Mg24 	22335.8 	0.149942  1  -4347.34  9728
Mg24 	22335.8 	0.151701  1  4808.95  190
Mg24 	22335.8 	0.506928  1  -904.337  6278
Mg24 	22335.8 	0.131438  1  2563.5  2565
Mg24 	22335.8 	0.17879  1  -3257.3  8720
Mg24 	22335.8 	0.249677  1  -1529.17  6841
Mg24 	22335.8 	0.278582  1  761.32  4350
Mg24 	22335.8 	0.164541  1  2768.18  2309
Mg24 	22335.8 	0.398819  1  1406.45  3763
Mg24 	22335.8 	0.171421  1  -4083.93  9394
Mg24 	22335.8 	0.815652  1  -2389.62  7831
Mg24 	22335.8 	0.48682  1  -3562.02  9059
Mg24 	22335.8 	0.49738  1  571.226  4822
Mg24 	22335.8 	0.176666  1  928.481  4320
Mg24 	22335.8 	0.525949  1  -2823.9  8144
Mg24 	22335.8 	0.27159  1  2190.74  2918
Mg24 	22335.8 	0.18557  1  -2128.91  7518
Mg24 	22335.8 	0.284752  1  -4320.13  9915
Mg24 	22335.8 	0.137385  1  4377.38  659
Mg24 	22335.8 	0.364713  1  -3472.71  8986
Mg24 	22335.8 	0.213293  1  1947.21  3308
Mg24 	22335.8 	0.136066  1  1931.82  3206
Mg24 	22335.8 	0.285337  1  4552.13  477
Mg24 	22335.8 	0.462101  1  -4311.71  9785
Mg24 	22335.8 	0.164491  1  2530.96  2582
Mg24 	22335.8 	0.127987  1  1357.62  3827
Mg24 	22335.8 	0.283234  1  -3717.8  9257
Mg24 	22335.8 	0.182787  1  -216.697  5603
Mg24 	22335.8 	0.22111  1  -4526.36  9946
Mg24 	22335.8 	0.290019  1  -1739.11  7028
Mg24 	22335.8 	0.346572  1  1963.08  3234
Mg24 	22335.8 	0.234861  1  4405.96  615
Mg24 	22335.8 	0.181548  1  -3582.03  8938
Mg24 	22335.8 	0.364586  1  -198.733  5428
Mg24 	22335.8 	0.158951  1  729.263  4470
Mg24 	22335.8 	0.163489  1  435.554  4817
Mg24 	22335.8 	0.196225  1  1312.63  3886
Mg24 	22335.8 	0.205471  1  758.134  4380
Mg24 	22335.8 	0.136459  1  1323.34  3806
Mg24 	22335.8 	0.360324  1  -3182.97  8525
Mg24 	22335.8 	0.418685  1  4319.94  738
Mg24 	22335.8 	0.141075  1  -2656.81  8009
Mg24 	22335.8 	0.225068  1  3614.76  1408
Mg24 	22335.8 	0.145684  1  -2346.1  7609
Mg24 	22335.8 	0.274185  1  4134.42  853
Mg24 	22335.8 	0.126548  1  -4.89248  5332
Mg24 	22335.8 	0.158299  1  1476.85  3747
Mg24 	22335.8 	0.216414  1  -2649.98  7953
Mg24 	22335.8 	0.164794  1  2140.42  2956
Mg24 	22335.8 	0.194051  1  4408.67  642
Mg24 	22335.8 	0.563954  1  -2739.09  8240
Mg24 	22335.8 	0.434  1  3645.26  1418
Mg24 	22335.8 	0.157496  1  -300.603  5455
Mg24 	22335.8 	0.206456  1  -3181.82  8705
Mg24 	22335.8 	0.570454  1  2640.61  2426
Mg24 	22335.8 	0.291374  1  297.45  4995
Mg24 	22335.8 	0.68193  1  -2083.61  7494
Mg24 	22335.8 	0.492339  1  -4445.88  9996
Mg24 	22335.8 	0.240697  1  -3754.78  9274
Mg24 	22335.8 	0.146972  1  2520.65  2648
Mg24 	22335.8 	0.177646  1  1567.25  3607
Mg24 	22335.8 	0.271977  1  -3795.25  9327
Mg24 	22335.8 	0.425719  1  -3524.51  9003
Mg24 	22335.8 	0.486463  1  -1071.03  6438
Mg24 	22335.8 	0.188304  1  -701.932  5995
Mg24 	22335.8 	0.306968  1  -3064.09  8485
Mg24 	22335.8 	0.416576  1  -320.091  5589
Mg24 	22335.8 	0.417937  1  -847.828  6153
Mg24 	22335.8 	0.126189  1  -2123.74  7259
Mg24 	22335.8 	0.264391  1  -2161.28  7341
Mg24 	22335.8 	0.266414  1  -1227.77  6655
Mg24 	22335.8 	0.746065  1  585.173  4511
Mg24 	22335.8 	0.452021  1  4780.94  231
Mg24 	22335.8 	0.187341  1  -4903.57  10373
Mg24 	22335.8 	0.137422  1  1433.57  3809
Mg24 	22335.8 	0.13236  1  2981.45  2166
Mg24 	22335.8 	0.170253  1  1032.63  4065
Mg24 	22335.8 	0.561597  1  1865.9  3344
Mg24 	22335.8 	0.133762  1  -447.704  5789
Mg24 	22335.8 	0.212495  1  1162.77  4076
Mg24 	22335.8 	0.129882  1  -1283.57  6528
Mg24 	22335.8 	0.146763  1  -1312  6576
Mg24 	22335.8 	0.135881  1  713.175  4478
Mg24 	22335.8 	0.286777  1  -2931.96  8326
Mg24 	22335.8 	0.367285  1  -2390.55  7670
Mg24 	22335.8 	0.35951  1  2149.77  3047
Mg24 	22335.8 	0.199717  1  3070.56  2073
Mg24 	22335.8 	0.214983  1  -1553.99  6951
Mg24 	22335.8 	0.395854  1  -606.388  5815
Mg24 	22335.8 	0.132109  1  -577.243  6001
Mg24 	22335.8 	0.191435  1  3121.07  1944
Mg24 	22335.8 	0.635789  1  2978.64  2130
Mg24 	22335.8 	0.140207  1  -3155.48  8644
Mg24 	22335.8 	0.142023  1  -4890.27  10530
Mg24 	22335.8 	0.300187  1  -1406.1  6810
Mg24 	22335.8 	0.165392  1  -2569.06  8100
Mg24 	22335.8 	0.185859  1  -4233.86  9563
Mg24 	22335.8 	0.252944  1  522.825  4706
Mg24 	22335.8 	0.338799  1  -4212.82  9757
Mg24 	22335.8 	0.128378  1  1492.18  3687
Mg24 	22335.8 	0.907597  1  1504.9  3731
Mg24 	22335.8 	0.196549  1  1097.62  4166
Mg24 	22335.8 	0.174285  1  -1555.21  6959
Mg24 	22335.8 	0.265726  1  -4135.35  9699
Mg24 	22335.8 	0.296605  1  130.597  5195
Mg24 	22335.8 	0.131647  1  -2677.14  7977
Mg24 	22335.8 	0.678019  1  -358.999  5708
Mg24 	22335.8 	0.214382  1  -49.5117  5331
Mg24 	22335.8 	0.180458  1  3485  1633
Mg24 	22335.8 	1.48952  1  -1425.98  6805
Mg24 	22335.8 	0.283867  1  -2679.35  7997
Mg24 	22335.8 	0.265883  1  -4103.22  9639
Mg24 	22335.8 	0.74244  1  -1815.9  7215
Mg24 	22335.8 	0.170525  1  3824.23  1273
Mg24 	22335.8 	0.193116  1  -1126.99  6408
Mg24 	22335.8 	0.152471  1  4240.68  809
Mg24 	22335.8 	0.367894  1  2502.81  2706
Mg24 	22335.8 	0.644132  1  2209.92  2967
Mg24 	22335.8 	0.13237  1  -3347.87  8818
Mg24 	22335.8 	0.135805  1  -1078.76  6349
Mg24 	22335.8 	0.188895  1  1756.45  3431
Mg24 	22335.8 	0.647942  1  -4982.1  10337
Mg24 	22335.8 	0.544771  1  3409.01  1742
Mg24 	22335.8 	0.13717  1  64.9666  5184
Mg24 	22335.8 	0.142966  1  4910.58  99
Mg24 	22335.8 	0.184791  1  156.015  5060
Mg24 	22335.8 	0.13473  1  -217.301  5570
Mg24 	22335.8 	0.154127  1  3023.85  2060
Mg24 	22335.8 	0.265589  1  -981.756  6369
Mg24 	22335.8 	0.19511  1  -1714.75  7190
Mg24 	22335.8 	0.144027  1  2051.51  3161
Mg24 	22335.8 	0.158395  1  3621.71  1448
Mg24 	22335.8 	0.263909  1  -2264.39  7553
Mg24 	22335.8 	0.136654  1  473.866  4696
Mg24 	22335.8 	0.22939  1  -4754.99  10142
Mg24 	22335.8 	0.663255  1  -4440.56  9962
Mg24 	22335.8 	0.144915  1  2930.63  2167
Mg24 	22335.8 	0.188195  1  -4138.5  9496
Mg24 	22335.8 	0.326853  1  -795.51  6109
Mg24 	22335.8 	0.378576  1  395.668  4959
Mg24 	22335.8 	0.209693  1  1678.75  3509
Mg24 	22335.8 	0.175607  1  -1946.39  7292
Mg24 	22335.8 	0.374649  1  3225.31  1845
Mg24 	22335.8 	0.129583  1  -1544.39  6975
Mg24 	22335.8 	0.164037  1  -4893.8  10179
Mg24 	22335.8 	0.543144  1  -4776.89  10378
Mg24 	22335.8 	0.605382  1  2361.16  2814
Mg24 	22335.8 	0.242259  1  -1186.11  6528
Mg24 	22335.8 	0.139241  1  4243.96  782
Mg24 	22335.8 	0.169567  1  -3090.91  8396
Mg24 	22335.8 	0.150955  1  2819.79  2253
Mg24 	22335.8 	0.161397  1  476.495  4814
Mg24 	22335.8 	0.158408  1  -2255.87  7605
Mg24 	22335.8 	0.797363  1  -415.366  5652
Mg24 	22335.8 	0.382168  1  -593.666  5981
Mg24 	22335.8 	0.374099  1  2275.18  2812
Mg24 	22335.8 	0.136779  1  1756.06  3473
Mg24 	22335.8 	0.322839  1  -110.409  5303
Mg24 	22335.8 	0.283468  1  -306.791  5642
Mg24 	22335.8 	0.143562  1  3855.37  1188
Mg24 	22335.8 	0.282174  1  -2980.82  8363
Mg24 	22335.8 	0.199576  1  537.608  4833
Mg24 	22335.8 	0.241805  1  1279.13  3916
Mg24 	22335.8 	0.170975  1  -201.982  5514
Mg24 	22335.8 	0.127078  1  2615.3  2543
Mg24 	22335.8 	0.43011  1  -1663.25  7175
Mg24 	22335.8 	0.162507  1  1512.25  3755
Mg24 	22335.8 	0.169534  1  3369.12  1699
Mg24 	22335.8 	0.351573  1  909.638  4337
Mg24 	22335.8 	0.132006  1  -1131.1  6444
Mg24 	22335.8 	0.193669  1  3368.98  1775
Mg24 	22335.8 	0.193022  1  2451.37  2729
Mg24 	22335.8 	1.53686  1  -1142.59  6570
Mg24 	22335.8 	0.306616  1  3592.81  1471
Mg24 	22335.8 	0.18247  1  3940.39  1110
Mg24 	22335.8 	0.128324  1  1818.23  3401
Mg24 	22335.8 	0.14065  1  3130.85  1976
Mg24 	22335.8 	0.46864  1  370.482  4930
Mg24 	22335.8 	0.244951  1  1323.66  3955
Mg24 	22335.8 	0.293272  1  3161.53  1958
Mg24 	22335.8 	0.254625  1  4050.43  991
Mg24 	22335.8 	0.492932  1  -3915.46  9243
Mg24 	22335.8 	0.711978  1  4489.69  551
Mg24 	22335.8 	0.611932  1  -162.332  5364
Mg24 	22335.8 	0.139797  1  -1674.22  7084
Mg24 	22335.8 	0.165199  1  -2846.39  8293
Mg24 	22335.8 	0.137483  1  -1921.25  7372
Mg24 	22335.8 	0.492094  1  458.011  4620
Mg24 	22335.8 	0.188632  1  -2150.35  7337
Mg24 	22335.8 	0.16787  1  2386.01  2683
Mg24 	22335.8 	0.183952  1  -3066.02  8508
Mg24 	22335.8 	0.181503  1  -2932.05  8265
Mg24 	22335.8 	0.13463  1  48.799  5082
Mg24 	22335.8 	0.145922  1  -4903.62  10193
Mg24 	22335.8 	0.160367  1  3779.3  1337
Mg24 	22335.8 	0.366026  1  -1660.51  6874
Mg24 	22335.8 	0.139681  1  1949.15  3179
Mg24 	22335.8 	0.180469  1  2532.14  2643
Mg24 	22335.8 	0.152752  1  3332.17  1651
Mg24 	22335.8 	0.253651  1  -3091.42  8359
Mg24 	22335.8 	0.236333  1  4113.54  933
Mg24 	22335.8 	0.171032  1  4472.97  575
Mg24 	22335.8 	0.146022  1  -3729.95  9299
Mg24 	22335.8 	0.236721  1  -4691.37  10322
Mg24 	22335.8 	0.179771  1  932.932  4234
Mg24 	22335.8 	0.0623785  1  150.073  5082
Mg24 	22335.8 	0.170803  1  4740.49  270
Mg24 	22335.8 	0.261784  1  -1340.38  6766
Mg24 	22335.8 	0.211221  1  3128.76  1907
Mg24 	22335.8 	0.416384  1  2444.1  2694
Mg24 	22335.8 	0.13136  1  3238.65  1879
Mg24 	22335.8 	1.40217  1  -1145.65  6443
Mg24 	22335.8 	0.331572  1  1625.68  3645
Mg24 	22335.8 	0.129315  1  119.979  5259
Mg24 	22335.8 	0.140133  1  4248.47  795
Mg24 	22335.8 	1.00947  1  3146.13  1965
Mg24 	22335.8 	0.201411  1  -2786.39  8270
Mg24 	22335.8 	0.939137  1  -2828.44  8151
Mg24 	22335.8 	0.132013  1  -3147.27  8675
Mg24 	22335.8 	0.149149  1  2120.09  3017
Mg24 	22335.8 	0.213376  1  3858.42  1201
Mg24 	22335.8 	0.149007  1  2592.38  2570
Mg24 	22335.8 	0.140155  1  1554.24  3702
Mg24 	22335.8 	0.220293  1  4585.94  442
Mg24 	22335.8 	0.299037  1  4394.41  675
Mg24 	22335.8 	0.183262  1  -1559.66  6828
Mg24 	22335.8 	0.351617  1  -4429.88  9951
Mg24 	22335.8 	0.28983  1  2297.36  2832
Mg24 	22335.8 	0.461561  1  -1059.55  6331
Mg24 	22335.8 	0.126685  1  -710.044  5926
Mg24 	22335.8 	0.154443  1  1007.84  4243
Mg24 	22335.8 	0.171046  1  -1564.79  6925
Mg24 	22335.8 	1.50547  1  1314.04  3853
Mg24 	22335.8 	0.13935  1  4999.62  2
Mg24 	22335.8 	0.139871  1  -4675.75  10281
Mg24 	22335.8 	0.37315  1  3634.27  1402
Mg24 	22335.8 	0.27305  1  1052.55  4197
Mg24 	22335.8 	0.126185  1  -1860.11  7271
Mg24 	22335.8 	0.763527  1  -2725.68  8050
Mg24 	22335.8 	0.16705  1  -1479.77  6814
Mg24 	22335.8 	0.47811  1  -3421.19  8984
Mg24 	22335.8 	0.895629  1  1864.23  3313
Mg24 	22335.8 	0.157335  1  -3980.25  9384
Mg24 	22335.8 	0.1479  1  -3142.58  8642
Mg24 	22335.8 	0.823241  1  2388.27  2730
Mg24 	22335.8 	0.486304  1  -3486.27  8978
Mg24 	22335.8 	0.328068  1  4323.91  694
Mg24 	22335.8 	0.391397  1  -4514.35  9982
Mg24 	22335.8 	0.135627  1  -2174.29  7464
Mg24 	22335.8 	0.301426  1  451.286  4766
Mg24 	22335.8 	0.13118  1  -3810.89  9232
Mg24 	22335.8 	0.131279  1  4837.98  178
Mg24 	22335.8 	0.163653  1  -1893.42  7209
Mg24 	22335.8 	0.242057  1  -2463.71  7919
Mg24 	22335.8 	0.139267  1  3812.12  1229
Mg24 	22335.8 	0.29163  1  -3267.9  8812
Mg24 	22335.8 	0.141601  1  -4165.72  9677
Mg24 	22335.8 	0.35043  1  3385.96  1726
Mg24 	22335.8 	0.148964  1  -623.676  5921
Mg24 	22335.8 	0.127394  1  4989.21  14
Mg24 	22335.8 	2.16659  1  -3324.29  8832
Mg24 	22335.8 	0.162479  1  -4882.51  9983
Mg24 	22335.8 	0.257079  1  -784.703  6063
Mg24 	22335.8 	0.409271  1  508.973  4629
Mg24 	22335.8 	0.391016  1  3387.19  1571
Mg24 	22335.8 	0.156671  1  1318.68  3894
Mg24 	22335.8 	0.311939  1  -2679.34  8097
Mg24 	22335.8 	0.150177  1  2735.21  2339
Mg24 	22335.8 	0.159288  1  -4106.76  9492
Mg24 	22335.8 	0.136988  1  1979.67  3132
Mg24 	22335.8 	0.161229  1  1858.62  3353
Mg24 	22335.8 	0.140445  1  -1673.17  7038
Mg24 	22335.8 	0.1419  1  3054.09  2063
Mg24 	22335.8 	1.14507  1  -4987.54  10447
Mg24 	22335.8 	0.127995  1  -2602.51  8078
Mg24 	22335.8 	0.160643  1  1472.35  3712
Mg24 	22335.8 	0.471482  1  -1136.07  6501
Mg24 	22335.8 	0.2361  1  -3716.84  9174
Mg24 	22335.8 	0.127715  1  983.348  4304
Mg24 	22335.8 	0.418122  1  1919.8  3247
Mg24 	22335.8 	0.692248  1  -4567.77  9973
Mg24 	22335.8 	0.261634  1  -4655.87  10053
Mg24 	22335.8 	0.130558  1  -3666.26  9040
Mg24 	22335.8 	0.150106  1  1717.24  3449
Mg24 	22335.8 	0.231572  1  2080.74  3124
Mg24 	22335.8 	0.313911  1  -433.345  5660
Mg24 	22335.8 	0.164337  1  113.612  5062
Mg24 	22335.8 	0.197625  1  -250.259  5496
Mg24 	22335.8 	0.175065  1  242.417  5048
Mg24 	22335.8 	0.128434  1  -4672.27  10249
Mg24 	22335.8 	0.330133  1  -3954.56  9401
Mg24 	22335.8 	0.136931  1  -1118.44  6500
Mg24 	22335.8 	0.164465  1  1056.95  4152
Mg24 	22335.8 	0.125671  1  619.146  4582
Mg24 	22335.8 	0.238442  1  2711.52  2426
Mg24 	22335.8 	0.144735  1  -3612.08  9049
Mg24 	22335.8 	0.1985  1  -1050.5  6318
Mg24 	22335.8 	0.12964  1  4266.88  769
Mg24 	22335.8 	0.1982  1  2774.82  2392
Mg24 	22335.8 	0.926384  1  944.269  4306
Mg24 	22335.8 	0.178254  1  -3324.59  8778
Mg24 	22335.8 	0.143421  1  180.94  5018
Mg24 	22335.8 	0.197228  1  -3889.84  9332
Mg24 	22335.8 	0.61389  1  1473.21  3777
Mg24 	22335.8 	0.238787  1  -767.219  6146
Mg24 	22335.8 	0.518665  1  -4827.63  10175
Mg24 	22335.8 	0.126498  1  4432.35  623
Mg24 	22335.8 	0.252636  1  1571.81  3582
Mg24 	22335.8 	0.158276  1  491.428  4732
Mg24 	22335.8 	0.545975  1  -2917.42  8369
Mg24 	22335.8 	0.129816  1  90.3149  5267
Mg24 	22335.8 	0.131628  1  -1021.22  6505
Mg24 	22335.8 	0.222991  1  2169.83  3033
Mg24 	22335.8 	0.126849  1  404.551  4858
Mg24 	22335.8 	0.136885  1  4304.28  731
Mg24 	22335.8 	0.264215  1  4322.97  709
Mg24 	22335.8 	0.320709  1  2004.07  3270
Mg24 	22335.8 	0.182257  1  2027  3121
Mg24 	22335.8 	0.158775  1  -2159.13  7451
Mg24 	22335.8 	0.133632  1  4798.56  198
Mg24 	22335.8 	0.129244  1  3022.02  2101
Mg24 	22335.8 	0.822864  1  1791.13  3444
Mg24 	22335.8 	0.177452  1  1719.54  3472
Mg24 	22335.8 	0.17413  1  3462.85  1567
Mg24 	22335.8 	0.321028  1  -3355.87  8775
Mg24 	22335.8 	0.137947  1  -1009.5  6349
Mg24 	22335.8 	0.198698  1  -1022.96  6421
Mg24 	22335.8 	0.309908  1  -605.736  5846
Mg24 	22335.8 	0.252546  1  3879.03  1228
Mg24 	22335.8 	0.151652  1  3676.38  1386
Mg24 	22335.8 	0.616181  1  3766.6  1363
Mg24 	22335.8 	0.145413  1  1152.53  4055
Mg24 	22335.8 	0.253363  1  2341.92  2811
Mg24 	22335.8 	0.178097  1  467.977  4636
Mg24 	22335.8 	0.224741  1  3087.8  2069
Mg24 	22335.8 	0.176726  1  3398.81  1682
Mg24 	22335.8 	0.201322  1  663.731  4474
Mg24 	22335.8 	0.224719  1  1530.63  3665
Mg24 	22335.8 	0.175529  1  3837.57  1223
Mg24 	22335.8 	0.174329  1  -3859.7  9386
Mg24 	22335.8 	0.223768  1  -4628.78  10283
Mg24 	22335.8 	0.303589  1  1145.35  4056
Mg24 	22335.8 	0.388167  1  -4160.84  9493
Mg24 	22335.8 	0.183266  1  2629.42  2516
Mg24 	22335.8 	0.354877  1  -959.739  6132
Mg24 	22335.8 	0.168884  1  2589.45  2597
Mg24 	22335.8 	0.234386  1  -3624.95  8960
Mg24 	22335.8 	0.182981  1  -4551.1  9995
Mg24 	22335.8 	0.131269  1  3472.85  1589
Mg24 	22335.8 	0.126291  1  -4937.52  10434
Mg24 	22335.8 	0.150372  1  1304.54  3847
Mg24 	22335.8 	0.813354  1  -868.879  6033
Mg24 	22335.8 	0.376852  1  -2722.76  8083
Mg24 	22335.8 	0.633668  1  -1351.6  6620
Mg24 	22335.8 	0.186589  1  -291.497  5596
Mg24 	22335.8 	0.160927  1  -3601.41  9101
Mg24 	22335.8 	0.144928  1  -1768.94  7157
Mg24 	22335.8 	0.454731  1  3744.94  1343
Mg24 	22335.8 	0.13497  1  -301.198  5670
Mg24 	22335.8 	0.187648  1  -161.358  5398
Mg24 	22335.8 	0.137239  1  -326.334  5634
Mg24 	22335.8 	0.431326  1  2113.11  3027
Mg24 	22335.8 	0.201012  1  634.755  4649
Mg24 	22335.8 	0.13367  1  3382.61  1656
Mg24 	22335.8 	0.178024  1  -1344.86  6570
Mg24 	22335.8 	0.163609  1  -910.003  6295
Mg24 	22335.8 	0.12985  1  3248.49  1868
Mg24 	22335.8 	0.628684  1  -2369.98  7855
Mg24 	22335.8 	0.231763  1  -3785.72  9176
Mg24 	22335.8 	1.08962  1  407.988  4880
Mg24 	22335.8 	0.654931  1  791.479  4438
Mg24 	22335.8 	0.129771  1  -2742.75  8270
Mg24 	22335.8 	0.174212  1  1.39292  5249
Mg24 	22335.8 	0.239301  1  4502.2  507
Mg24 	22335.8 	0.135297  1  3994.5  1048
Mg24 	22335.8 	0.129989  1  -4648.85  10212
Mg24 	22335.8 	0.1565  1  -4470.13  10121
Mg24 	22335.8 	0.152963  1  -1579.45  6857
Mg24 	22335.8 	0.126543  1  4866.89  130
Mg24 	22335.8 	0.193418  1  -1924.83  7264
Mg24 	22335.8 	0.243683  1  507.246  4667
Mg24 	22335.8 	0.268067  1  3260.13  1830
Mg24 	22335.8 	0.304576  1  1630.47  3582
Mg24 	22335.8 	0.167708  1  3463.7  1669
Mg24 	22335.8 	0.605107  1  -3771.29  9333
Mg24 	22335.8 	0.142364  1  -4033.49  9375
Mg24 	22335.8 	0.173782  1  -4937.36  10156
Mg24 	22335.8 	0.1513  1  -2870.07  8272
Mg24 	22335.8 	0.628578  1  2928.47  2101
Mg24 	22335.8 	0.321163  1  4640.45  361
Mg24 	22335.8 	0.133158  1  3055.13  2016
Mg24 	22335.8 	0.127658  1  3.68832  5316
Mg24 	22335.8 	0.12876  1  3788.24  1241
Mg24 	22335.8 	0.13751  1  -4336.29  9845
Mg24 	22335.8 	0.299358  1  1511.74  3615
Mg24 	22335.8 	2.28652  1  2882.76  2244
Mg24 	22335.8 	0.559301  1  1258.92  3951
Mg24 	22335.8 	0.141421  1  2055.63  3023
Mg24 	22335.8 	0.310454  1  1396.3  3835
Mg24 	22335.8 	0.232717  1  -251.711  5641
Mg24 	22335.8 	0.224126  1  1987.84  3198
Mg24 	22335.8 	0.395142  1  -689.296  5928
Mg24 	22335.8 	0.143336  1  2642.88  2446
Mg24 	22335.8 	0.293638  1  -2472.3  7843
Mg24 	22335.8 	0.774118  1  -4640.34  10214
Mg24 	22335.8 	0.300808  1  4310.74  741
Mg24 	22335.8 	0.163443  1  -1888.79  7090
Mg24 	22335.8 	0.268096  1  1617.9  3596
Mg24 	22335.8 	0.137176  1  -2067.12  7608
Mg24 	22335.8 	0.187501  1  4700.79  305
Mg24 	22335.8 	0.659635  1  1803.45  3347
Mg24 	22335.8 	0.187496  1  4429.22  590
Mg24 	22335.8 	0.297672  1  -2347.57  7628
Mg24 	22335.8 	0.143359  1  -4500.25  10130
Mg24 	22335.8 	0.171381  1  873.716  4340
Mg24 	22335.8 	4.47136  1  3235.65  1875
Mg24 	22335.8 	0.232071  1  -2607.29  7975
Mg24 	22335.8 	0.204344  1  956.717  4368
Mg24 	22335.8 	0.137872  1  -1196.3  6627
Mg24 	22335.8 	0.156843  1  -3949.41  9534
Mg24 	22335.8 	0.364684  1  3125.8  2037
Mg24 	22335.8 	0.360086  1  1488.13  3738
Mg24 	22335.8 	0.14075  1  -3370.57  8625
Mg24 	22335.8 	0.31016  1  3666.19  1407
Mg24 	22335.8 	0.417486  1  -3520.87  8822
Mg24 	22335.8 	0.262396  1  3545.19  1526
Mg24 	22335.8 	0.222624  1  -276.007  5435
Mg24 	22335.8 	0.137343  1  3635.91  1454
Mg24 	22335.8 	0.143319  1  459.566  4832
Mg24 	22335.8 	0.171227  1  -2703.87  7952
Mg24 	22335.8 	0.157051  1  1774.25  3469
Mg24 	22335.8 	0.340646  1  -4009.54  9471
Mg24 	22335.8 	0.147332  1  -583.488  5849
Mg24 	22335.8 	0.167568  1  2149.08  3101
Mg24 	22335.8 	0.284251  1  -3891.96  9401
Mg24 	22335.8 	0.167624  1  1756.82  3418
Mg24 	22335.8 	0.129553  1  -2793.95  8348
