Mg24 	22335.8 	0.362499  1  -2170.08  7532
Mg24 	22335.8 	0.164295  1  1802.1  3356
Mg24 	22335.8 	0.145004  1  -1919.29  7382
Mg24 	22335.8 	0.482383  1  2976.1  2134
Mg24 	22335.8 	0.335701  1  -4381.6  10017
Mg24 	22335.8 	0.334689  1  -614.388  5903
Mg24 	22335.8 	0.394638  1  -831.844  6156
Mg24 	22335.8 	0.141804  1  288.313  5014
Mg24 	22335.8 	0.25458  1  -3235.89  8629
Mg24 	22335.8 	0.134855  1  3037.47  2074
Mg24 	22335.8 	0.181036  1  217.96  4994
Mg24 	22335.8 	0.17509  1  2977.4  2163
Mg24 	22335.8 	0.523476  1  4645.71  341
Mg24 	22335.8 	0.18266  1  232.207  4973
Mg24 	22335.8 	0.211753  1  3438.76  1642
Mg24 	22335.8 	0.316632  1  1443.43  3698
Mg24 	22335.8 	0.12687  1  3519.03  1580
Mg24 	22335.8 	0.156499  1  2987.24  2083
Mg24 	22335.8 	0.957738  1  9.68592  5270
Mg24 	22335.8 	0.132562  1  -1668.62  6956
Mg24 	22335.8 	0.150345  1  413.324  4905
Mg24 	22335.8 	0.354461  1  546.793  4726
Mg24 	22335.8 	0.488559  1  -643.897  5870
Mg24 	22335.8 	0.168988  1  -1631.43  6962
Mg24 	22335.8 	0.384632  1  1127.05  4121
Mg24 	22335.8 	0.22223  1  -2288.79  7852
Mg24 	22335.8 	0.446984  1  -4289.14  9697
Mg24 	22335.8 	0.157505  1  -3022.44  8399
Mg24 	22335.8 	1.60522  1  4070.48  968
Mg24 	22335.8 	0.160533  1  -593.431  5919
Mg24 	22335.8 	0.152932  1  266.028  5049
Mg24 	22335.8 	0.153573  1  134.992  5149
Mg24 	22335.8 	0.142498  1  -178.995  5390
Mg24 	22335.8 	0.210626  1  1920.97  3322
Mg24 	22335.8 	0.134858  1  -3701.96  9198
Mg24 	22335.8 	0.142224  1  -2726.05  8112
Mg24 	22335.8 	0.213761  1  272.669  4931
Mg24 	22335.8 	0.188615  1  -38.6027  5213
Mg24 	22335.8 	0.131806  1  -3684.5  9177
Mg24 	22335.8 	0.993138  1  1432.13  3744
Mg24 	22335.8 	0.271324  1  -3777.87  9296
Mg24 	22335.8 	0.246392  1  4647.55  368
Mg24 	22335.8 	0.663951  1  4368  652
Mg24 	22335.8 	0.520407  1  1284.56  3894
Mg24 	22335.8 	0.140105  1  1717.31  3472
Mg24 	22335.8 	0.140524  1  -39.2625  5292
Mg24 	22335.8 	0.433144  1  3149.9  1929
Mg24 	22335.8 	0.201743  1  -423.666  5731
Mg24 	22335.8 	0.287768  1  -661.621  6056
Mg24 	22335.8 	0.193046  1  2767.7  2422
Mg24 	22335.8 	0.327021  1  2220.73  2982
Mg24 	22335.8 	0.316037  1  2324.11  2798
Mg24 	22335.8 	0.215265  1  1048.17  4130
Mg24 	22335.8 	0.174172  1  277.97  4950
Mg24 	22335.8 	0.187177  1  1466.7  3694
Mg24 	22335.8 	0.331383  1  4261.94  775
Mg24 	22335.8 	0.262711  1  4563.78  479
Mg24 	22335.8 	0.435156  1  -1938.55  7210
Mg24 	22335.8 	0.158908  1  -1477.18  7081
Mg24 	22335.8 	0.173206  1  -3847.56  9386
Mg24 	22335.8 	0.146075  1  -840.353  6232
Mg24 	22335.8 	0.15355  1  -3293.36  8860
Mg24 	22335.8 	0.141878  1  2421.41  2753
Mg24 	22335.8 	0.223768  1  1325.12  3846
Mg24 	22335.8 	0.160805  1  3182.83  1956
Mg24 	22335.8 	0.133528  1  -1869.43  7210
Mg24 	22335.8 	0.185831  1  -1093.54  6457
Mg24 	22335.8 	0.556733  1  -1969.79  7200
Mg24 	22335.8 	0.132599  1  -2258.85  7520
Mg24 	22335.8 	1.01806  1  -92.2469  5398
Mg24 	22335.8 	0.785757  1  -294.573  5652
Mg24 	22335.8 	0.210181  1  2831.11  2312
Mg24 	22335.8 	0.265106  1  -4074.35  9498
Mg24 	22335.8 	0.542648  1  3504.94  1617
Mg24 	22335.8 	0.737817  1  -3955.5  9461
Mg24 	22335.8 	0.239388  1  -2427.32  7739
Mg24 	22335.8 	0.471626  1  4544.83  506
Mg24 	22335.8 	0.136749  1  -2540.09  7782
Mg24 	22335.8 	0.218196  1  2323.15  2834
Mg24 	22335.8 	0.159498  1  3654.14  1381
Mg24 	22335.8 	0.143931  1  2694.75  2406
Mg24 	22335.8 	0.125888  1  3574.98  1478
Mg24 	22335.8 	0.648767  1  4242.63  787
Mg24 	22335.8 	0.196535  1  -3810.71  9213
Mg24 	22335.8 	0.165584  1  -4317.03  9585
Mg24 	22335.8 	0.132717  1  -3503.69  8909
Mg24 	22335.8 	0.229236  1  1904.84  3332
Mg24 	22335.8 	0.147679  1  3994.84  1047
Mg24 	22335.8 	0.14821  1  -1794.31  7085
Mg24 	22335.8 	0.134829  1  3352.26  1702
Mg24 	22335.8 	0.305729  1  2502.2  2567
Mg24 	22335.8 	0.160683  1  3894.8  1182
Mg24 	22335.8 	0.204733  1  -2320.18  7809
Mg24 	22335.8 	0.156351  1  -1876.35  7289
Mg24 	22335.8 	0.317263  1  1244.19  3938
Mg24 	22335.8 	0.13827  1  1864.58  3251
Mg24 	22335.8 	0.147792  1  -115.075  5348
Mg24 	22335.8 	0.147858  1  -3615.57  8984
Mg24 	22335.8 	0.205536  1  2523.5  2589
Mg24 	22335.8 	0.139815  1  4727.3  309
Mg24 	22335.8 	0.237862  1  -3032.29  8340
Mg24 	22335.8 	0.14308  1  4267.37  764
Mg24 	22335.8 	0.217422  1  1349.61  3946
Mg24 	22335.8 	0.158944  1  -1760.6  7304
Mg24 	22335.8 	0.141751  1  2907.03  2230
Mg24 	22335.8 	0.784751  1  -3842.92  9453
Mg24 	22335.8 	0.150276  1  -3521.85  9147
Mg24 	22335.8 	0.190884  1  -3617.84  9103
Mg24 	22335.8 	0.579767  1  -3462.84  9109
Mg24 	22335.8 	0.35277  1  -3031.73  8643
Mg24 	22335.8 	1.19033  1  3076.73  2054
Mg24 	22335.8 	0.137441  1  -943.229  6284
Mg24 	22335.8 	0.130694  1  -408.229  5628
Mg24 	22335.8 	0.212808  1  3932.86  1116
Mg24 	22335.8 	0.159721  1  -1911.75  7227
Mg24 	22335.8 	0.449606  1  1334.01  3828
Mg24 	22335.8 	0.187755  1  -3284.01  8696
Mg24 	22335.8 	0.261507  1  3460.3  1660
Mg24 	22335.8 	0.375867  1  -1337.21  6658
Mg24 	22335.8 	0.168958  1  -410.573  5769
Mg24 	22335.8 	0.182776  1  4294.6  735
Mg24 	22335.8 	0.12822  1  -1031.36  6250
Mg24 	22335.8 	0.509379  1  -4389.02  9986
Mg24 	22335.8 	0.141349  1  -3728.58  9259
Mg24 	22335.8 	0.223949  1  570.327  4458
Mg24 	22335.8 	0.903272  1  132.865  4897
Mg24 	22335.8 	1.07376  1  -1246.95  6607
Mg24 	22335.8 	1.10848  1  2580.66  2597
Mg24 	22335.8 	0.14678  1  -1870.18  7076
Mg24 	22335.8 	0.349195  1  -2409.59  7660
Mg24 	22335.8 	0.148802  1  -1363.46  6758
Mg24 	22335.8 	0.148832  1  -1717.33  7130
Mg24 	22335.8 	0.16754  1  2414.8  2783
Mg24 	22335.8 	0.20768  1  -3031.97  8496
Mg24 	22335.8 	0.16026  1  3716.23  1330
Mg24 	22335.8 	0.694943  1  732.243  4462
Mg24 	22335.8 	0.288365  1  3923.92  1092
Mg24 	22335.8 	0.261166  1  1325.22  3814
Mg24 	22335.8 	0.125897  1  -4640.81  10125
Mg24 	22335.8 	0.253355  1  3186.65  1837
Mg24 	22335.8 	0.63677  1  948.179  4314
Mg24 	22335.8 	0.837517  1  -4796.9  10350
Mg24 	22335.8 	0.43498  1  -1087.55  6421
Mg24 	22335.8 	3.22707  1  4881.2  131
Mg24 	22335.8 	0.212581  1  3635.12  1449
Mg24 	22335.8 	0.192043  1  -2109.6  7574
Mg24 	22335.8 	0.454329  1  714.038  4567
Mg24 	22335.8 	0.256527  1  3794.16  1285
Mg24 	22335.8 	0.157426  1  133.302  5057
Mg24 	22335.8 	0.180343  1  3369.48  1738
Mg24 	22335.8 	1.04905  1  -2551.16  7933
Mg24 	22335.8 	0.181294  1  883.329  4352
Mg24 	22335.8 	0.276353  1  1425.25  3684
Mg24 	22335.8 	0.16009  1  -3582.64  8990
Mg24 	22335.8 	0.616737  1  -3549.45  8975
Mg24 	22335.8 	0.354481  1  1976.8  3261
Mg24 	22335.8 	0.206026  1  -4754.94  10193
Mg24 	22335.8 	0.127124  1  1564.9  3653
Mg24 	22335.8 	0.186085  1  -4742.38  10364
Mg24 	22335.8 	0.836406  1  843.709  4381
Mg24 	22335.8 	0.211319  1  -1926.18  7366
Mg24 	22335.8 	0.307725  1  -990.741  6331
Mg24 	22335.8 	0.363101  1  1020.66  4256
Mg24 	22335.8 	0.162622  1  -2159.88  7623
Mg24 	22335.8 	0.157064  1  -459.062  5749
Mg24 	22335.8 	0.135216  1  3280.63  1840
Mg24 	22335.8 	0.48888  1  658.68  4657
Mg24 	22335.8 	0.822399  1  -3685.7  9062
Mg24 	22335.8 	0.170738  1  -5.90429  5273
Mg24 	22335.8 	0.244949  1  -1553.16  6975
Mg24 	22335.8 	0.23616  1  -2986.78  8270
Mg24 	22335.8 	0.132605  1  -4953.9  10338
Mg24 	22335.8 	0.147737  1  3193.11  1922
Mg24 	22335.8 	0.204078  1  -2089.98  7349
Mg24 	22335.8 	0.282915  1  3317.09  1741
Mg24 	22335.8 	1.08978  1  3899.46  1173
Mg24 	22335.8 	0.335812  1  2404.1  2656
Mg24 	22335.8 	0.227831  1  4084.97  1008
Mg24 	22335.8 	1.34868  1  -3972.62  9329
Mg24 	22335.8 	0.137818  1  -1353.16  6725
Mg24 	22335.8 	0.850616  1  4735.45  291
Mg24 	22335.8 	0.236191  1  313.844  4855
Mg24 	22335.8 	0.127172  1  -1858.06  7239
Mg24 	22335.8 	0.906578  1  754.864  4487
Mg24 	22335.8 	0.556698  1  2163.41  3038
Mg24 	22335.8 	0.200789  1  2010.81  3156
Mg24 	22335.8 	0.130508  1  -1784.26  6980
Mg24 	22335.8 	0.35214  1  -3049.81  8396
Mg24 	22335.8 	0.137361  1  -4886.7  10262
Mg24 	22335.8 	0.361002  1  -3619.01  9011
Mg24 	22335.8 	0.240526  1  -110.714  5266
Mg24 	22335.8 	0.392111  1  1149.95  4063
Mg24 	22335.8 	0.233279  1  911.544  4247
Mg24 	22335.8 	0.259046  1  -4254.68  10069
Mg24 	22335.8 	0.208051  1  2229.41  2830
Mg24 	22335.8 	0.159189  1  -68.6999  5239
Mg24 	22335.8 	0.135066  1  2223.11  2818
Mg24 	22335.8 	0.488072  1  -1933.54  7375
Mg24 	22335.8 	0.225072  1  2371.01  2746
Mg24 	22335.8 	0.485627  1  -4629.52  10016
Mg24 	22335.8 	0.141525  1  -1622.67  7006
Mg24 	22335.8 	0.297834  1  3824.27  1201
Mg24 	22335.8 	0.148687  1  842.46  4368
Mg24 	22335.8 	0.164772  1  26.3384  5175
Mg24 	22335.8 	0.822708  1  392.897  4949
Mg24 	22335.8 	0.625946  1  -2777.92  8207
Mg24 	22335.8 	0.286615  1  3108.49  2000
Mg24 	22335.8 	0.427284  1  2063.5  3122
Mg24 	22335.8 	0.658801  1  -1739.4  7053
Mg24 	22335.8 	0.165539  1  -4588.7  10179
Mg24 	22335.8 	0.174262  1  -4624.86  10086
Mg24 	22335.8 	0.250159  1  -4955.72  10437
Mg24 	22335.8 	0.270777  1  4107.51  907
Mg24 	22335.8 	0.137208  1  1787.64  3364
Mg24 	22335.8 	0.269055  1  -2043.79  7428
Mg24 	22335.8 	0.138202  1  -128.191  5415
Mg24 	22335.8 	0.184968  1  1576.47  3580
Mg24 	22335.8 	0.168536  1  -1445.23  6859
Mg24 	22335.8 	0.236303  1  -733.389  5987
Mg24 	22335.8 	0.25768  1  2962.7  2225
Mg24 	22335.8 	0.139833  1  -2524.19  7972
Mg24 	22335.8 	0.172484  1  3129.93  1946
Mg24 	22335.8 	0.137481  1  1406.98  3682
Mg24 	22335.8 	0.132727  1  -3003.52  8395
Mg24 	22335.8 	0.210118  1  -4948.84  10564
Mg24 	22335.8 	0.135577  1  -2514.81  8118
Mg24 	22335.8 	0.180819  1  -70.9225  5391
Mg24 	22335.8 	0.951426  1  -1046.92  6407
Mg24 	22335.8 	0.233614  1  2812.06  2267
Mg24 	22335.8 	0.136591  1  -3961.11  9262
Mg24 	22335.8 	0.205503  1  -3989.28  9533
Mg24 	22335.8 	0.20249  1  1988.09  3226
Mg24 	22335.8 	0.130035  1  2526.86  2586
Mg24 	22335.8 	0.151842  1  4323.74  738
Mg24 	22335.8 	0.466723  1  920.087  4183
Mg24 	22335.8 	0.254715  1  1287.82  3934
Mg24 	22335.8 	0.147267  1  484.978  4750
Mg24 	22335.8 	0.290829  1  3336.02  1751
Mg24 	22335.8 	0.212987  1  3179.41  1939
Mg24 	22335.8 	0.148302  1  -895.196  6314
Mg24 	22335.8 	0.131838  1  929.032  4373
Mg24 	22335.8 	1.86767  1  -4009.66  9490
Mg24 	22335.8 	0.141868  1  2566.4  2473
Mg24 	22335.8 	0.365896  1  -3369.35  8733
Mg24 	22335.8 	0.716751  1  -1179.88  6547
Mg24 	22335.8 	0.41063  1  3111.15  1937
Mg24 	22335.8 	0.191467  1  -1967.92  7269
Mg24 	22335.8 	0.261652  1  4687.58  348
Mg24 	22335.8 	0.136935  1  -3322.63  8592
Mg24 	22335.8 	0.249091  1  -465.497  5733
Mg24 	22335.8 	0.148245  1  -61.8568  5275
Mg24 	22335.8 	0.134893  1  2199.95  3032
Mg24 	22335.8 	0.318479  1  -4682.82  10205
Mg24 	22335.8 	0.64769  1  3930.83  1114
Mg24 	22335.8 	0.125705  1  4840.49  165
Mg24 	22335.8 	0.148092  1  1182.58  4045
Mg24 	22335.8 	0.160024  1  927.816  4288
Mg24 	22335.8 	1.15474  1  -4873.95  10343
Mg24 	22335.8 	0.137501  1  -4103.75  9715
Mg24 	22335.8 	0.170092  1  -2996.65  8508
Mg24 	22335.8 	0.15035  1  -2271.44  7550
Mg24 	22335.8 	0.269668  1  3225.85  1955
Mg24 	22335.8 	0.210756  1  3921.51  1137
Mg24 	22335.8 	0.162799  1  3343.15  1768
Mg24 	22335.8 	0.205175  1  2968.4  2138
Mg24 	22335.8 	0.295502  1  4058.13  996
Mg24 	22335.8 	0.157386  1  -867.258  6198
Mg24 	22335.8 	0.143932  1  1757.97  3353
Mg24 	22335.8 	0.237753  1  4323.62  701
Mg24 	22335.8 	0.16042  1  3749.74  1315
Mg24 	22335.8 	1.24559  1  -385.411  5722
Mg24 	22335.8 	0.374429  1  3201.26  1876
Mg24 	22335.8 	0.132138  1  1336.94  3919
Mg24 	22335.8 	0.258676  1  -3392.53  8926
Mg24 	22335.8 	0.182091  1  4608.92  378
Mg24 	22335.8 	0.271153  1  -3321.62  8878
Mg24 	22335.8 	0.211158  1  -787.888  6169
Mg24 	22335.8 	0.513248  1  2504.96  2584
Mg24 	22335.8 	0.144291  1  2939.89  2141
Mg24 	22335.8 	0.194648  1  -4696.68  10129
Mg24 	22335.8 	0.16495  1  -2888.96  8320
Mg24 	22335.8 	0.688586  1  -2848.89  8302
Mg24 	22335.8 	0.636581  1  4826.25  173
Mg24 	22335.8 	0.126142  1  2962.45  2221
Mg24 	22335.8 	0.193148  1  -4061.8  9525
Mg24 	22335.8 	0.183678  1  -3707.9  9190
Mg24 	22335.8 	0.193241  1  -176.224  5428
Mg24 	22335.8 	0.400643  1  -861.891  6164
Mg24 	22335.8 	0.174908  1  -517.87  5654
Mg24 	22335.8 	0.167899  1  -4160.04  9680
Mg24 	22335.8 	0.261819  1  170.443  5080
Mg24 	22335.8 	0.377074  1  -4026.84  9380
Mg24 	22335.8 	0.189528  1  4513.71  514
Mg24 	22335.8 	0.186321  1  3327.57  1793
Mg24 	22335.8 	0.199647  1  1634.08  3490
Mg24 	22335.8 	0.227857  1  -3111.64  8468
Mg24 	22335.8 	0.149003  1  -4181  9588
Mg24 	22335.8 	0.163211  1  -1339.41  6719
Mg24 	22335.8 	0.199705  1  3922.78  1149
Mg24 	22335.8 	0.199174  1  -3847.77  9343
Mg24 	22335.8 	0.139526  1  233.005  5072
Mg24 	22335.8 	0.217681  1  3310.5  1811
Mg24 	22335.8 	0.220005  1  -2465.19  7958
Mg24 	22335.8 	0.163037  1  2311.07  2829
Mg24 	22335.8 	0.450174  1  -116.351  5449
Mg24 	22335.8 	0.189582  1  1110.85  4099
Mg24 	22335.8 	0.19044  1  -2598.75  7875
Mg24 	22335.8 	0.209244  1  24.3856  5152
Mg24 	22335.8 	0.195262  1  4806.24  192
Mg24 	22335.8 	0.193988  1  1733.43  3595
Mg24 	22335.8 	0.128169  1  4180.16  858
Mg24 	22335.8 	0.166556  1  4224.22  853
Mg24 	22335.8 	0.805812  1  -943.063  6289
Mg24 	22335.8 	0.152771  1  1494.76  3769
Mg24 	22335.8 	0.13417  1  2267.71  2780
Mg24 	22335.8 	0.175864  1  4332.78  720
Mg24 	22335.8 	0.169899  1  3297.83  1788
Mg24 	22335.8 	0.241068  1  72.2821  5198
Mg24 	22335.8 	0.241079  1  2974.25  2168
Mg24 	22335.8 	0.194078  1  695.396  4604
Mg24 	22335.8 	0.215157  1  -1797.67  7195
Mg24 	22335.8 	0.363226  1  3103.54  2023
Mg24 	22335.8 	0.175027  1  -1918.65  7292
Mg24 	22335.8 	0.158661  1  1978.71  3186
Mg24 	22335.8 	0.369602  1  3599.88  1526
Mg24 	22335.8 	0.15973  1  -445.153  5627
Mg24 	22335.8 	0.141503  1  -520.997  5614
Mg24 	22335.8 	0.31232  1  -1596.36  6736
Mg24 	22335.8 	0.163251  1  4430.09  559
Mg24 	22335.8 	0.259048  1  2510.49  2670
Mg24 	22335.8 	0.482278  1  1126.72  3968
Mg24 	22335.8 	0.195381  1  -1654.85  7005
Mg24 	22335.8 	0.148566  1  1128.09  4158
Mg24 	22335.8 	0.187346  1  -2608.37  8076
Mg24 	22335.8 	0.157611  1  1597.14  3659
Mg24 	22335.8 	0.301236  1  4123.01  894
Mg24 	22335.8 	0.191672  1  3087.7  2030
Mg24 	22335.8 	0.155513  1  -3948.02  9364
Mg24 	22335.8 	0.248932  1  -1607.49  6967
Mg24 	22335.8 	0.309501  1  -1537.28  6959
Mg24 	22335.8 	0.133894  1  649.349  4630
Mg24 	22335.8 	0.263699  1  3595.58  1446
Mg24 	22335.8 	0.132844  1  -638.209  5871
Mg24 	22335.8 	0.13199  1  -125.172  5380
Mg24 	22335.8 	0.167434  1  -3924.79  9385
Mg24 	22335.8 	0.150653  1  4296.57  750
Mg24 	22335.8 	0.220342  1  -4302.52  9733
Mg24 	22335.8 	0.387294  1  -3430.49  8978
Mg24 	22335.8 	0.149312  1  4757.54  236
Mg24 	22335.8 	0.201933  1  -2733.21  8134
Mg24 	22335.8 	0.477364  1  3414.69  1675
Mg24 	22335.8 	0.291392  1  4887.33  135
Mg24 	22335.8 	0.129889  1  -4306.89  9767
Mg24 	22335.8 	0.253334  1  -4354.05  9769
Mg24 	22335.8 	0.173524  1  879.716  4343
Mg24 	22335.8 	0.164282  1  2930.33  2202
Mg24 	22335.8 	0.141745  1  -1846.79  7153
Mg24 	22335.8 	0.192092  1  2064.41  3051
Mg24 	22335.8 	0.214146  1  -865.645  6195
Mg24 	22335.8 	0.238469  1  2776.59  2322
Mg24 	22335.8 	0.148853  1  -4909.67  10512
Mg24 	22335.8 	0.142998  1  3068.09  2054
Mg24 	22335.8 	0.127991  1  -813.497  6126
Mg24 	22335.8 	0.12757  1  -3584.94  8920
Mg24 	22335.8 	0.160556  1  1370.92  3820
Mg24 	22335.8 	0.129221  1  -2229.14  7607
Mg24 	22335.8 	0.306564  1  1606.71  3624
Mg24 	22335.8 	0.39114  1  -2705.22  8212
Mg24 	22335.8 	0.40664  1  -800.407  5965
Mg24 	22335.8 	0.347372  1  24.1345  5196
Mg24 	22335.8 	0.141926  1  4361.92  641
Mg24 	22335.8 	0.278655  1  4225.81  773
Mg24 	22335.8 	0.510007  1  309.973  4895
Mg24 	22335.8 	4.35272  1  -1348.07  6533
Mg24 	22335.8 	0.629391  1  -4195.59  9636
Mg24 	22335.8 	0.212464  1  647.653  4617
Mg24 	22335.8 	0.270602  1  1387.77  3800
Mg24 	22335.8 	0.147587  1  -3645.97  9143
Mg24 	22335.8 	0.127439  1  -301.992  5635
Mg24 	22335.8 	0.29882  1  -4565.3  9955
Mg24 	22335.8 	0.326047  1  4984.35  28
Mg24 	22335.8 	0.43921  1  -1578.56  7073
Mg24 	22335.8 	0.500571  1  3547.68  1475
Mg24 	22335.8 	0.164288  1  3398.27  1718
Mg24 	22335.8 	0.33203  1  1391.54  3743
Mg24 	22335.8 	0.218394  1  -3810.12  9215
Mg24 	22335.8 	0.216375  1  372.316  4875
Mg24 	22335.8 	0.252206  1  4161.36  843
Mg24 	22335.8 	0.455055  1  -979.037  6247
Mg24 	22335.8 	0.308776  1  3575.32  1478
Mg24 	22335.8 	0.337488  1  -4347.22  9874
Mg24 	22335.8 	1.72745  1  -1693.92  7108
Mg24 	22335.8 	0.293324  1  -389.596  5746
Mg24 	22335.8 	0.308117  1  -2002.59  7281
Mg24 	22335.8 	0.139764  1  4219.05  800
Mg24 	22335.8 	0.282523  1  852.459  4272
Mg24 	22335.8 	1.05097  1  -499.695  5656
Mg24 	22335.8 	0.17519  1  2584.83  2522
Mg24 	22335.8 	0.146119  1  4003.54  1056
Mg24 	22335.8 	0.299103  1  394.386  4801
Mg24 	22335.8 	0.182184  1  2615.75  2524
Mg24 	22335.8 	0.18418  1  114.891  5010
Mg24 	22335.8 	0.720324  1  4381.97  623
Mg24 	22335.8 	0.173104  1  -3272.48  8796
Mg24 	22335.8 	0.156331  1  -33.7436  5247
Mg24 	22335.8 	0.139365  1  -4789.89  10332
Mg24 	22335.8 	0.177196  1  -1808.15  7204
Mg24 	22335.8 	0.136726  1  -1156.91  6499
Mg24 	22335.8 	0.155413  1  3583.09  1467
Mg24 	22335.8 	0.271344  1  -17.6931  5335
Mg24 	22335.8 	0.194872  1  4023.67  1082
Mg24 	22335.8 	0.192962  1  -341.689  5481
Mg24 	22335.8 	0.312963  1  -1737.88  7053
Mg24 	22335.8 	0.143989  1  2212.95  2904
Mg24 	22335.8 	0.357032  1  -2990.62  8500
Mg24 	22335.8 	0.307699  1  -4206.69  9783
Mg24 	22335.8 	0.166965  1  1666.69  3540
Mg24 	22335.8 	0.172502  1  -3963.58  9523
Mg24 	22335.8 	0.140684  1  -2546.71  8022
Mg24 	22335.8 	0.169502  1  1257.88  3884
Mg24 	22335.8 	0.165523  1  3433.93  1710
Mg24 	22335.8 	0.144519  1  -2619.23  7933
Mg24 	22335.8 	0.135126  1  -4867.16  10316
Mg24 	22335.8 	0.556623  1  -1766.48  7123
Mg24 	22335.8 	0.200465  1  -3543.43  9019
Mg24 	22335.8 	0.179115  1  -2941.79  8149
Mg24 	22335.8 	1.22851  1  -3305.95  8622
Mg24 	22335.8 	0.17646  1  -1376.77  6703
Mg24 	22335.8 	0.16341  1  -2639.9  8163
Mg24 	22335.8 	0.541026  1  -1364.58  6541
Mg24 	22335.8 	0.566158  1  -2900.71  8360
Mg24 	22335.8 	0.170421  1  116.28  5185
Mg24 	22335.8 	0.161541  1  -2478.24  7911
Mg24 	22335.8 	0.439317  1  2760.26  2408
Mg24 	22335.8 	0.323534  1  4895.67  117
Mg24 	22335.8 	0.388297  1  -4577.41  9856
Mg24 	22335.8 	0.132891  1  1409.51  3744
Mg24 	22335.8 	0.154017  1  144.339  5043
Mg24 	22335.8 	0.136836  1  -1266.09  6589
Mg24 	22335.8 	0.19401  1  -4353.3  9710
Mg24 	22335.8 	0.479339  1  4253.8  782
Mg24 	22335.8 	0.270134  1  1752.79  3320
Mg24 	22335.8 	0.150969  1  -2238.79  7576
Mg24 	22335.8 	0.284967  1  2403.62  2656
Mg24 	22335.8 	0.131828  1  -4061.66  9595
Mg24 	22335.8 	0.129055  1  2960.67  2203
Mg24 	22335.8 	0.332949  1  -3708.15  9281
Mg24 	22335.8 	0.153737  1  -1583.47  6876
Mg24 	22335.8 	0.274117  1  -3206.82  8592
Mg24 	22335.8 	0.230348  1  -4162.46  9728
Mg24 	22335.8 	0.796928  1  3802.03  1294
Mg24 	22335.8 	0.1829  1  -721.008  5942
Mg24 	22335.8 	0.189456  1  -1590.67  6956
Mg24 	22335.8 	0.203838  1  3723.31  1263
Mg24 	22335.8 	0.494865  1  702.275  4530
Mg24 	22335.8 	0.139437  1  -3940.34  9516
Mg24 	22335.8 	0.146057  1  4257.27  828
Mg24 	22335.8 	0.149478  1  4070.24  1011
Mg24 	22335.8 	0.209146  1  -4975.53  10467
Mg24 	22335.8 	0.198964  1  -3238.79  8736
Mg24 	22335.8 	0.447314  1  1329.01  3779
Mg24 	22335.8 	0.161867  1  -1929.13  7160
Mg24 	22335.8 	0.896008  1  -193.973  5341
Mg24 	22335.8 	0.247995  1  -2925.76  8338
Mg24 	22335.8 	0.328452  1  869.458  4365
Mg24 	22335.8 	0.144808  1  4613.46  393
Mg24 	22335.8 	0.590906  1  3059.2  1990
Mg24 	22335.8 	0.429054  1  -2849.2  8304
Mg24 	22335.8 	0.295736  1  1436.6  3762
Mg24 	22335.8 	0.435558  1  -1962.04  7275
Mg24 	22335.8 	0.1453  1  323.368  5047
Mg24 	22335.8 	0.221451  1  2667.75  2503
Mg24 	22335.8 	0.578497  1  870.065  4263
Mg24 	22335.8 	0.142266  1  1312.33  4000
Mg24 	22335.8 	0.202124  1  -1994.55  7276
Mg24 	22335.8 	0.237398  1  1469.05  3716
Mg24 	22335.8 	0.153638  1  -4255.41  9705
Mg24 	22335.8 	0.217728  1  -1216.03  6617
Mg24 	22335.8 	0.308857  1  4130.73  901
Mg24 	22335.8 	0.144691  1  -2715.15  8151
Mg24 	22335.8 	1.41101  1  -1118.12  6329
Mg24 	22335.8 	0.438345  1  -1607.22  6959
Mg24 	22335.8 	0.137972  1  -3321.46  8835
Mg24 	22335.8 	1.66315  1  -3712.04  9099
Mg24 	22335.8 	1.3748  1  -365.195  5597
Mg24 	22335.8 	0.194674  1  -4810.95  10404
Mg24 	22335.8 	0.408835  1  -2209.4  7573
Mg24 	22335.8 	0.150249  1  -2218.61  7747
Mg24 	22335.8 	0.229221  1  -2031.31  7410
Mg24 	22335.8 	0.16648  1  -3931.24  9325
Mg24 	22335.8 	0.130338  1  -2849.45  8233
Mg24 	22335.8 	0.297796  1  906.108  4372
Mg24 	22335.8 	0.355318  1  -468.336  5695
Mg24 	22335.8 	0.128915  1  -2193.76  7564
Mg24 	22335.8 	0.166847  1  2156.75  2983
Mg24 	22335.8 	0.159447  1  4935.66  57
Mg24 	22335.8 	0.308158  1  3442.7  1666
Mg24 	22335.8 	0.22194  1  -2816.58  8265
Mg24 	22335.8 	0.246118  1  -2079.86  7389
Mg24 	22335.8 	0.137361  1  2265.02  2940
Mg24 	22335.8 	0.283463  1  -540.723  5805
Mg24 	22335.8 	0.126168  1  -3400.31  8590
Mg24 	22335.8 	0.128482  1  -1778.57  7182
Mg24 	22335.8 	0.159368  1  2550.34  2526
Mg24 	22335.8 	0.22725  1  3170.71  1968
Mg24 	22335.8 	0.148963  1  4110.22  988
Mg24 	22335.8 	0.130195  1  1175.93  4058
Mg24 	22335.8 	0.938792  1  -1313.34  6665
Mg24 	22335.8 	0.2115  1  4508.45  519
Mg24 	22335.8 	0.135073  1  4926.43  77
Mg24 	22335.8 	0.181096  1  -4689.81  10154
Mg24 	22335.8 	0.455931  1  -1176.91  6430
Mg24 	22335.8 	0.184547  1  370.385  4755
Mg24 	22335.8 	0.173415  1  -2403.11  7977
Mg24 	22335.8 	0.125488  1  -4558.62  10001
Mg24 	22335.8 	0.295845  1  -4142.53  9629
Mg24 	22335.8 	0.140184  1  -2149.77  7576
Mg24 	22335.8 	0.160147  1  1606.13  3594
Mg24 	22335.8 	0.612795  1  2431.72  2712
Mg24 	22335.8 	0.238034  1  3377.17  1659
Mg24 	22335.8 	0.280173  1  845.454  4414
Mg24 	22335.8 	0.144254  1  4962.33  36
Mg24 	22335.8 	0.20433  1  -4210.44  9546
Mg24 	22335.8 	0.282523  1  1227.47  4059
Mg24 	22335.8 	0.216264  1  -3594.82  9040
Mg24 	22335.8 	0.165222  1  -441.766  5839
Mg24 	22335.8 	0.165985  1  3364.25  1729
Mg24 	22335.8 	0.273397  1  523.773  4691
Mg24 	22335.8 	0.338218  1  -2885.15  8326
Mg24 	22335.8 	0.14491  1  1193.89  4055
Mg24 	22335.8 	0.15785  1  2354.56  2675
Mg24 	22335.8 	0.13554  1  1643.58  3636
Mg24 	22335.8 	0.236804  1  2546.73  2666
Mg24 	22335.8 	0.169883  1  -4739.14  10100
Mg24 	22335.8 	0.228287  1  -959.725  6237
Mg24 	22335.8 	0.160335  1  -2413.22  7738
Mg24 	22335.8 	0.537403  1  1638.97  3522
Mg24 	22335.8 	1.0475  1  -1958.82  7360
Mg24 	22335.8 	0.215568  1  2844.31  2307
Mg24 	22335.8 	0.453429  1  -368.594  5727
Mg24 	22335.8 	0.588967  1  -2155.24  7467
Mg24 	22335.8 	0.138822  1  -3915.54  9461
Mg24 	22335.8 	0.282121  1  -4785.82  10392
Mg24 	22335.8 	0.396641  1  4820.65  193
Mg24 	22335.8 	0.605958  1  -4068.03  9505
Mg24 	22335.8 	0.370284  1  -2074.86  7395
Mg24 	22335.8 	0.247809  1  1933.94  3226
Mg24 	22335.8 	0.152129  1  2721.46  2396
Mg24 	22335.8 	0.618908  1  1267.7  3806
Mg24 	22335.8 	0.235845  1  2746.32  2409
Mg24 	22335.8 	0.141837  1  -3638.37  9186
Mg24 	22335.8 	0.148346  1  -2526.84  7965
Mg24 	22335.8 	0.281205  1  -688.661  6029
Mg24 	22335.8 	0.158082  1  -4281.03  9676
Mg24 	22335.8 	0.575572  1  -3781.7  9193
Mg24 	22335.8 	0.13308  1  2384.96  2778
Mg24 	22335.8 	0.623381  1  4066.97  977
Mg24 	22335.8 	0.302275  1  -742.178  5840
Mg24 	22335.8 	0.126093  1  4207.72  870
Mg24 	22335.8 	0.130962  1  1450.9  3845
Mg24 	22335.8 	0.271315  1  678.756  4494
Mg24 	22335.8 	0.642801  1  1563.07  3604
Mg24 	22335.8 	0.179028  1  1514.54  3746
Mg24 	22335.8 	0.475136  1  -2408.83  7816
Mg24 	22335.8 	0.348147  1  3879.95  1210
Mg24 	22335.8 	0.135539  1  -1783.38  7144
Mg24 	22335.8 	0.132373  1  1298.67  3941
Mg24 	22335.8 	0.162116  1  -3907.98  9326
Mg24 	22335.8 	0.139529  1  1537.17  3706
Mg24 	22335.8 	0.137173  1  2140.71  3074
Mg24 	22335.8 	0.241022  1  -2464.69  7886
Mg24 	22335.8 	0.173317  1  3916.79  1199
Mg24 	22335.8 	0.454454  1  -3406.67  8782
Mg24 	22335.8 	0.207035  1  -1237.35  6572
Mg24 	22335.8 	0.254358  1  -4137.8  9481
Mg24 	22335.8 	0.170763  1  -2058.74  7387
Mg24 	22335.8 	0.184479  1  -3786.58  9151
Mg24 	22335.8 	0.990404  1  -2838.16  8303
Mg24 	22335.8 	0.724816  1  3730.67  1278
Mg24 	22335.8 	0.572302  1  -2811.44  8243
Mg24 	22335.8 	0.147282  1  -3196.16  8758
Mg24 	22335.8 	0.264286  1  4865.31  146
Mg24 	22335.8 	0.283704  1  -3922.97  9522
Mg24 	22335.8 	0.192006  1  4136.92  887
Mg24 	22335.8 	0.178272  1  3193.83  1836
Mg24 	22335.8 	0.264504  1  4610.16  407
Mg24 	22335.8 	0.125548  1  -3220.06  8786
Mg24 	22335.8 	0.136595  1  165.832  5209
Mg24 	22335.8 	0.137978  1  4183  859
Mg24 	22335.8 	0.279646  1  -4229.37  9510
Mg24 	22335.8 	0.18241  1  -3753.95  9200
Mg24 	22335.8 	0.196385  1  -4412.61  10010
Mg24 	22335.8 	0.138835  1  -2172.95  7622
Mg24 	22335.8 	0.274097  1  1811.23  3326
Mg24 	22335.8 	0.133323  1  341.661  4895
Mg24 	22335.8 	0.127055  1  -3041.8  8638
Mg24 	22335.8 	0.349578  1  -1342.86  6780
Mg24 	22335.8 	0.169082  1  1047.65  4166
Mg24 	22335.8 	0.457225  1  -4695.24  10420
Mg24 	22335.8 	0.189653  1  1604.12  3565
Mg24 	22335.8 	0.1377  1  -3431.18  8877
Mg24 	22335.8 	0.160025  1  2168.65  3019
Mg24 	22335.8 	0.161557  1  2203.11  2981
Mg24 	22335.8 	0.316985  1  -4856.91  10450
Mg24 	22335.8 	0.169016  1  119.171  5108
Mg24 	22335.8 	0.410861  1  -1501.2  6839
Mg24 	22335.8 	0.2589  1  -1865.22  7137
Mg24 	22335.8 	0.222305  1  -2184.18  7686
Mg24 	22335.8 	0.276882  1  -1824.97  7130
Mg24 	22335.8 	0.199025  1  1724.28  3525
Mg24 	22335.8 	0.138004  1  2431.77  2700
Mg24 	22335.8 	0.152483  1  -14.2561  5285
Mg24 	22335.8 	0.157258  1  1121.84  4136
Mg24 	22335.8 	0.989319  1  3157.29  1913
Mg24 	22335.8 	2.39057  1  448.4  4795
Mg24 	22335.8 	0.378633  1  -4285.95  9981
Mg24 	22335.8 	0.511522  1  2162.09  3063
Mg24 	22335.8 	0.130816  1  -3844.62  9197
Mg24 	22335.8 	0.142195  1  890.812  4310
Mg24 	22335.8 	0.57459  1  -2386.93  7825
Mg24 	22335.8 	0.454322  1  -1352.28  6692
Mg24 	22335.8 	0.186209  1  588.05  4599
Mg24 	22335.8 	0.163272  1  -4846.65  10385
Mg24 	22335.8 	0.149307  1  1043.17  4129
Mg24 	22335.8 	0.452505  1  -4937.63  10423
Mg24 	22335.8 	0.210086  1  755.908  4443
Mg24 	22335.8 	0.584482  1  -1991.35  7221
Mg24 	22335.8 	0.142201  1  4623.56  423
Mg24 	22335.8 	0.346503  1  901.176  4335
Mg24 	22335.8 	0.861046  1  4690.98  317
Mg24 	22335.8 	0.128327  1  -4862.76  10512
Mg24 	22335.8 	0.171367  1  1246.83  3786
Mg24 	22335.8 	0.224402  1  -2708.09  8116
Mg24 	22335.8 	0.387157  1  -2656.65  7993
Mg24 	22335.8 	0.298776  1  4574.4  443
Mg24 	22335.8 	0.306257  1  -3884.05  9554
Mg24 	22335.8 	0.249475  1  4795.86  225
Mg24 	22335.8 	0.53585  1  -2510.5  7720
Mg24 	22335.8 	0.143206  1  4660.67  402
Mg24 	22335.8 	0.127881  1  3697.93  1315
Mg24 	22335.8 	0.175145  1  -1781.51  7113
Mg24 	22335.8 	0.256807  1  -2045.38  7390
Mg24 	22335.8 	0.147481  1  3318.27  1839
Mg24 	22335.8 	0.190996  1  1299.95  3975
Mg24 	22335.8 	1.31607  1  -1404.09  6885
Mg24 	22335.8 	0.303174  1  -403.621  5751
Mg24 	22335.8 	0.210693  1  -2021.92  7448
Mg24 	22335.8 	0.122486  1  -1074.83  6469
Mg24 	22335.8 	0.140066  1  1808.51  3340
Mg24 	22335.8 	0.127295  1  -4707.37  10145
Mg24 	22335.8 	0.140352  1  -2030.27  7413
Mg24 	22335.8 	0.503522  1  -1634.47  6970
Mg24 	22335.8 	1.39636  1  -2790.25  8209
Mg24 	22335.8 	0.149765  1  2637.57  2440
Mg24 	22335.8 	0.210776  1  1369.47  3800
Mg24 	22335.8 	0.163146  1  2973.77  2028
Mg24 	22335.8 	0.352532  1  -2556.62  8116
Mg24 	22335.8 	0.524047  1  -1380.34  6741
Mg24 	22335.8 	0.179694  1  1597.47  3536
Mg24 	22335.8 	0.447113  1  4338.59  678
Mg24 	22335.8 	0.20504  1  1176.55  3993
Mg24 	22335.8 	0.615713  1  4150.95  922
Mg24 	22335.8 	0.135808  1  -101.13  5450
Mg24 	22335.8 	0.14566  1  -799.222  6093
Mg24 	22335.8 	0.271688  1  -1628.01  6936
Mg24 	22335.8 	0.180932  1  -4608.34  10060
Mg24 	22335.8 	0.651195  1  1677.1  3398
Mg24 	22335.8 	0.18683  1  3183.26  1857
Mg24 	22335.8 	0.212371  1  942.882  4329
Mg24 	22335.8 	0.282996  1  -2302.46  7737
Mg24 	22335.8 	0.29656  1  638.626  4715
Mg24 	22335.8 	0.144667  1  4040.36  1015
Mg24 	22335.8 	0.257731  1  1023.89  4172
Mg24 	22335.8 	0.588223  1  -1461.51  6638
Mg24 	22335.8 	0.185606  1  -776.96  6130
Mg24 	22335.8 	0.234061  1  2789.02  2320
Mg24 	22335.8 	4.68196  1  2187.02  2893
Mg24 	22335.8 	0.151992  1  426.855  4792
Mg24 	22335.8 	0.240961  1  103.333  5202
Mg24 	22335.8 	0.160233  1  -1735.92  7045
Mg24 	22335.8 	0.143009  1  -2442.69  7771
Mg24 	22335.8 	0.5267  1  -922.665  6218
Mg24 	22335.8 	0.339016  1  4583.92  421
Mg24 	22335.8 	0.471577  1  -2100.01  7461
Mg24 	22335.8 	0.24547  1  -4816.35  10285
Mg24 	22335.8 	0.138577  1  -811.69  6257
Mg24 	22335.8 	1.40474  1  4509.68  516
Mg24 	22335.8 	0.145292  1  -3746.9  9170
Mg24 	22335.8 	0.159118  1  -2131.24  7442
Mg24 	22335.8 	0.186502  1  4475.02  557
Mg24 	22335.8 	0.189798  1  2489  2566
Mg24 	22335.8 	0.253244  1  292.906  4827
Mg24 	22335.8 	0.133793  1  -3390.58  8695
Mg24 	22335.8 	0.175417  1  4108.84  911
Mg24 	22335.8 	0.141114  1  -1627.02  6979
Mg24 	22335.8 	0.16538  1  -2516.72  7824
Mg24 	22335.8 	0.512428  1  205.972  5091
Mg24 	22335.8 	0.15607  1  -1774.52  7172
Mg24 	22335.8 	0.173072  1  4831.7  165
Mg24 	22335.8 	0.177062  1  -3558.77  9183
Mg24 	22335.8 	0.185898  1  3314.11  1792
Mg24 	22335.8 	0.267249  1  176.367  5090
Mg24 	22335.8 	0.1375  1  -347.726  5617
Mg24 	22335.8 	0.137735  1  3224.17  1920
Mg24 	22335.8 	0.242185  1  2852.52  2341
Mg24 	22335.8 	0.19051  1  4137  917
Mg24 	22335.8 	0.398122  1  4072.11  1018
Mg24 	22335.8 	0.251592  1  -587.11  5980
Mg24 	22335.8 	0.338555  1  -1709.69  7002
Mg24 	22335.8 	0.173613  1  133.505  5151
Mg24 	22335.8 	0.19793  1  -4237.61  9587
Mg24 	22335.8 	0.130356  1  -2516.02  7917
Mg24 	22335.8 	0.467189  1  2885.66  2226
Mg24 	22335.8 	0.399042  1  512.041  4736
Mg24 	22335.8 	0.189899  1  307.331  4883
Mg24 	22335.8 	0.172317  1  -655.528  5968
Mg24 	22335.8 	0.284171  1  -329.245  5547
Mg24 	22335.8 	0.224792  1  895.28  4285
Mg24 	22335.8 	0.165437  1  -4000.5  9422
Mg24 	22335.8 	0.272788  1  -1512.87  6703
Mg24 	22335.8 	0.131583  1  -2952.05  8589
Mg24 	22335.8 	0.169379  1  3187.94  1904
Mg24 	22335.8 	0.176541  1  -2268.32  7772
Mg24 	22335.8 	0.180743  1  2074.75  3104
Mg24 	22335.8 	0.36039  1  -327.063  5577
Mg24 	22335.8 	0.162543  1  -3489.83  8851
Mg24 	22335.8 	0.223368  1  -1293.58  6626
Mg24 	22335.8 	1.43951  1  4652.57  327
Mg24 	22335.8 	0.167442  1  -2217.11  7642
Mg24 	22335.8 	0.162755  1  336.591  4929
Mg24 	22335.8 	0.781993  1  2123.03  3077
Mg24 	22335.8 	0.12931  1  4394.85  636
Mg24 	22335.8 	0.282935  1  -3777.94  9112
Mg24 	22335.8 	0.12969  1  2190.49  2983
Mg24 	22335.8 	0.214718  1  1524.81  3686
Mg24 	22335.8 	0.342367  1  -3522.12  8973
Mg24 	22335.8 	0.127331  1  -976.326  6401
Mg24 	22335.8 	0.154802  1  2888.73  2243
Mg24 	22335.8 	0.214882  1  3803.32  1224
Mg24 	22335.8 	0.206016  1  3147.84  1952
Mg24 	22335.8 	2.84799  1  -2262.99  7592
Mg24 	22335.8 	0.205974  1  4327.06  726
Mg24 	22335.8 	0.162728  1  905.335  4314
Mg24 	22335.8 	0.184614  1  -4236.26  9661
Mg24 	22335.8 	0.374341  1  -1996.06  7385
Mg24 	22335.8 	0.460465  1  3489.34  1577
Mg24 	22335.8 	0.517688  1  2110.34  2953
Mg24 	22335.8 	0.127662  1  -2665  8125
Mg24 	22335.8 	0.451873  1  -3963.72  9484
Mg24 	22335.8 	0.156935  1  2244.54  2921
Mg24 	22335.8 	0.197964  1  3102.28  2036
Mg24 	22335.8 	0.230254  1  2987.61  2169
Mg24 	22335.8 	0.147104  1  -1101.38  6370
Mg24 	22335.8 	0.133319  1  3807.4  1214
Mg24 	22335.8 	0.130265  1  4523.19  508
Mg24 	22335.8 	0.163914  1  2577.15  2588
Mg24 	22335.8 	0.378458  1  -1383.54  6737
Mg24 	22335.8 	0.127212  1  -4670.22  10113
Mg24 	22335.8 	0.134569  1  2714.05  2450
Mg24 	22335.8 	0.151677  1  3400.64  1697
Mg24 	22335.8 	0.724114  1  -2615.17  8148
Mg24 	22335.8 	0.131966  1  3826.23  1184
Mg24 	22335.8 	0.24216  1  -1759.69  7001
Mg24 	22335.8 	0.147684  1  -2517.97  7969
Mg24 	22335.8 	0.128912  1  -1562.56  6926
Mg24 	22335.8 	0.462987  1  3257.75  1854
Mg24 	22335.8 	0.142915  1  -4064.75  9567
Mg24 	22335.8 	0.198144  1  -356.901  5648
Mg24 	22335.8 	0.172523  1  3847.62  1178
Mg24 	22335.8 	0.0928981  1  -2731.16  8259
Mg24 	22335.8 	0.151131  1  -3399.75  8823
Mg24 	22335.8 	0.279281  1  2302.18  2867
Mg24 	22335.8 	0.60552  1  -4158.77  9496
Mg24 	22335.8 	0.276663  1  -3457.17  8937
Mg24 	22335.8 	0.155937  1  -1845.72  7277
Mg24 	22335.8 	0.160894  1  342.029  4900
Mg24 	22335.8 	0.159229  1  -1316.81  6783
Mg24 	22335.8 	0.305278  1  -1342.64  6771
Mg24 	22335.8 	0.209351  1  -4625.1  10146
Mg24 	22335.8 	0.132278  1  3090.46  1956
Mg24 	22335.8 	0.177857  1  4519.43  494
Mg24 	22335.8 	0.408323  1  1150.39  4009
Mg24 	22335.8 	0.245413  1  452.465  4867
Mg24 	22335.8 	2.45254  1  2957.18  2186
Mg24 	22335.8 	1.28493  1  -4110.24  9659
Mg24 	22335.8 	0.387877  1  -4918.84  10368
Mg24 	22335.8 	0.132545  1  -3102.98  8600
Mg24 	22335.8 	0.1297  1  -4343.94  9840
Mg24 	22335.8 	0.190913  1  -4515.31  9822
Mg24 	22335.8 	0.129801  1  4218.15  893
Mg24 	22335.8 	0.246614  1  -4184.26  9597
Mg24 	22335.8 	0.168849  1  832.964  4244
Mg24 	22335.8 	0.225482  1  4132.1  925
Mg24 	22335.8 	0.158677  1  357.235  4879
Mg24 	22335.8 	0.853455  1  2917.06  2143
Mg24 	22335.8 	0.126814  1  -1678.91  6906
Mg24 	22335.8 	0.447512  1  -1536.23  6884
Mg24 	22335.8 	2.35134  1  -2636.34  8163
Mg24 	22335.8 	0.131  1  2663.81  2549
Mg24 	22335.8 	0.132296  1  -2726.52  8288
