Si28 	26053.2 	0.386864  1  -1052.57  6355
Si28 	26053.2 	1.04674  1  1193.24  4106
Si28 	26053.2 	0.144195  1  2930.67  2207
Si28 	26053.2 	0.187737  1  1581.87  3622
Si28 	26053.2 	0.328097  1  3548.77  1450
Si28 	26053.2 	0.31764  1  2658.59  2473
Si28 	26053.2 	0.419506  1  3687.77  1406
Si28 	26053.2 	0.230849  1  596.665  4637
Si28 	26053.2 	0.437354  1  4065.95  1004
Si28 	26053.2 	0.17398  1  3114.55  1963
Si28 	26053.2 	1.06897  1  -2140.41  7446
Si28 	26053.2 	0.120701  1  -3630.59  9002
Si28 	26053.2 	0.161031  1  4689.54  338
Si28 	26053.2 	0.149575  1  -191.894  5651
Si28 	26053.2 	0.630924  1  -2202.33  7536
Si28 	26053.2 	0.112485  1  -4020.79  9485
Si28 	26053.2 	0.156606  1  4116.9  891
Si28 	26053.2 	0.129561  1  1509.38  3606
Si28 	26053.2 	0.299232  1  -888.483  6182
Si28 	26053.2 	0.162565  1  3979.73  1045
Si28 	26053.2 	0.331295  1  -3195.35  8564
Si28 	26053.2 	0.619801  1  -1323.61  6590
Si28 	26053.2 	0.18484  1  -2710.49  8120
Si28 	26053.2 	0.144677  1  2913.57  2191
Si28 	26053.2 	0.163284  1  -2945.01  8384
Si28 	26053.2 	0.469989  1  -2924.02  8395
Si28 	26053.2 	0.19047  1  3336.77  1792
Si28 	26053.2 	0.219225  1  -2590.34  7991
Si28 	26053.2 	0.833155  1  1162.85  3980
Si28 	26053.2 	0.150773  1  3602.71  1482
Si28 	26053.2 	0.158422  1  -2576.09  8003
Si28 	26053.2 	0.127833  1  2066.46  3089
Si28 	26053.2 	0.174033  1  -2386.85  7716
Si28 	26053.2 	0.160924  1  -3684.26  9143
Si28 	26053.2 	0.113706  1  4534.37  466
Si28 	26053.2 	1.3293  1  3106.79  1940
Si28 	26053.2 	0.169801  1  4260.4  742
Si28 	26053.2 	0.16019  1  -3179.8  8497
Si28 	26053.2 	0.462584  1  1221.43  4023
Si28 	26053.2 	0.176535  1  -1114.29  6439
Si28 	26053.2 	0.150456  1  589.889  4579
Si28 	26053.2 	0.110688  1  -4346  9926
Si28 	26053.2 	0.257683  1  -3888.77  9350
Si28 	26053.2 	0.602819  1  2615.2  2470
Si28 	26053.2 	0.122705  1  -2019.06  7354
Si28 	26053.2 	0.133475  1  -4685.56  10155
Si28 	26053.2 	0.116192  1  -3880.83  9260
Si28 	26053.2 	0.728993  1  -1359.92  6623
Si28 	26053.2 	0.281608  1  4257.95  804
Si28 	26053.2 	0.153257  1  3516.36  1549
Si28 	26053.2 	0.161446  1  893.097  4441
Si28 	26053.2 	0.227988  1  -2221.36  7601
Si28 	26053.2 	0.452474  1  2190.27  3004
Si28 	26053.2 	0.139892  1  -4480.54  9909
Si28 	26053.2 	0.123792  1  -4372.39  9940
Si28 	26053.2 	0.217796  1  4404.38  621
Si28 	26053.2 	0.146543  1  -3791.85  9199
Si28 	26053.2 	0.292865  1  870.678  4361
Si28 	26053.2 	0.21941  1  2559.97  2610
Si28 	26053.2 	0.121626  1  -1658.04  7045
Si28 	26053.2 	0.283791  1  -3440.56  8831
Si28 	26053.2 	0.207667  1  -3705.81  8937
Si28 	26053.2 	0.234904  1  2174.28  2999
Si28 	26053.2 	0.149262  1  -3533.55  8881
Si28 	26053.2 	0.113502  1  -64.3969  5263
Si28 	26053.2 	0.231885  1  1688.41  3512
Si28 	26053.2 	0.477894  1  -4201.31  9856
Si28 	26053.2 	0.154409  1  -4721.64  10286
Si28 	26053.2 	0.153861  1  -1387.48  6740
Si28 	26053.2 	0.11321  1  3701.01  1379
Si28 	26053.2 	0.148389  1  1273.61  3922
Si28 	26053.2 	0.137653  1  -3456.55  8882
Si28 	26053.2 	0.141466  1  -3665.53  9169
Si28 	26053.2 	0.169337  1  -2039.52  7419
Si28 	26053.2 	0.157983  1  839.405  4416
Si28 	26053.2 	0.109006  1  -4179.46  9803
Si28 	26053.2 	0.108502  1  4184.32  872
Si28 	26053.2 	0.137837  1  -800.401  6064
Si28 	26053.2 	0.127775  1  3466.35  1580
Si28 	26053.2 	0.334241  1  4564.41  443
Si28 	26053.2 	0.109905  1  4320  728
Si28 	26053.2 	0.110615  1  1563.25  3650
Si28 	26053.2 	0.253202  1  4314.66  717
Si28 	26053.2 	0.396375  1  -2259.83  7600
Si28 	26053.2 	0.183882  1  4235.27  829
Si28 	26053.2 	0.169061  1  4083.07  957
Si28 	26053.2 	0.150402  1  -2137.51  7451
Si28 	26053.2 	0.587692  1  -401.627  5683
Si28 	26053.2 	0.218851  1  1893.91  3147
Si28 	26053.2 	0.552495  1  -2525.34  7786
Si28 	26053.2 	0.136319  1  -2175.99  7477
Si28 	26053.2 	0.132539  1  -385.091  5860
Si28 	26053.2 	0.186828  1  -1673.76  7088
Si28 	26053.2 	0.406437  1  3307.15  1739
Si28 	26053.2 	0.518962  1  -423.679  5793
Si28 	26053.2 	0.701312  1  -3313.7  8610
Si28 	26053.2 	0.126996  1  3779.48  1337
Si28 	26053.2 	0.117867  1  4658.61  352
Si28 	26053.2 	0.273409  1  -2192.95  7691
Si28 	26053.2 	0.121182  1  3886.86  1207
Si28 	26053.2 	0.184608  1  3096.32  1999
Si28 	26053.2 	0.421017  1  3705.88  1388
Si28 	26053.2 	0.191798  1  -1709.42  7141
Si28 	26053.2 	0.107822  1  -717.292  6024
Si28 	26053.2 	0.191573  1  -779.91  6124
Si28 	26053.2 	0.2232  1  -4086.33  9571
Si28 	26053.2 	0.340381  1  -1383.51  6757
Si28 	26053.2 	0.122375  1  -4807.11  10161
Si28 	26053.2 	0.11116  1  1710.45  3408
Si28 	26053.2 	0.441281  1  1707.92  3641
Si28 	26053.2 	0.179533  1  4787.76  196
Si28 	26053.2 	0.241632  1  3388.29  1678
Si28 	26053.2 	0.787086  1  -3193.1  8632
Si28 	26053.2 	0.305636  1  -4829.65  10230
Si28 	26053.2 	0.233173  1  -181.025  5545
Si28 	26053.2 	0.139274  1  2411.52  2751
Si28 	26053.2 	1.31131  1  -2116.88  7695
Si28 	26053.2 	0.121343  1  4698.25  345
Si28 	26053.2 	0.294332  1  4748.91  266
Si28 	26053.2 	0.139217  1  -3294.09  8840
Si28 	26053.2 	0.457241  1  2000.37  3128
Si28 	26053.2 	0.314627  1  -2950.35  8126
Si28 	26053.2 	0.14022  1  -1368.77  6676
Si28 	26053.2 	0.282569  1  -3854.32  9344
Si28 	26053.2 	0.122959  1  -1658.86  6875
Si28 	26053.2 	0.11454  1  392.85  4794
Si28 	26053.2 	0.652781  1  431.596  4809
Si28 	26053.2 	0.113635  1  4327.21  745
Si28 	26053.2 	0.150908  1  -1717.39  7021
Si28 	26053.2 	0.24803  1  -4062.75  9454
Si28 	26053.2 	0.191768  1  2995.34  2123
Si28 	26053.2 	0.169626  1  -1689.19  7073
Si28 	26053.2 	0.174595  1  778.601  4481
Si28 	26053.2 	0.141394  1  1158.08  4038
Si28 	26053.2 	0.515767  1  532.307  4572
Si28 	26053.2 	0.266094  1  392.448  4932
Si28 	26053.2 	0.134813  1  -4662.68  10195
Si28 	26053.2 	0.432127  1  1983.74  3234
Si28 	26053.2 	0.218726  1  679.976  4465
Si28 	26053.2 	0.109835  1  -4627.35  10000
Si28 	26053.2 	0.184419  1  -132.03  5314
Si28 	26053.2 	0.176553  1  -2230.37  7645
Si28 	26053.2 	0.108075  1  2222.4  2983
Si28 	26053.2 	0.112243  1  1941.91  3262
Si28 	26053.2 	0.129545  1  4207.51  836
Si28 	26053.2 	0.409927  1  -4753.64  10237
Si28 	26053.2 	0.159983  1  2645.63  2524
Si28 	26053.2 	0.176888  1  -4812.7  10318
Si28 	26053.2 	0.121951  1  -1794.74  7226
Si28 	26053.2 	0.17736  1  3635.75  1392
Si28 	26053.2 	0.241506  1  2638.28  2449
Si28 	26053.2 	0.112043  1  -3569.46  9042
Si28 	26053.2 	0.249749  1  -3104.06  8615
Si28 	26053.2 	0.397244  1  -3490.01  8889
Si28 	26053.2 	0.150989  1  -4311.19  9758
Si28 	26053.2 	0.199592  1  4240.51  812
Si28 	26053.2 	1.38686  1  3721.08  1366
Si28 	26053.2 	0.108938  1  -667.668  5990
Si28 	26053.2 	0.209925  1  -4594.25  10221
Si28 	26053.2 	0.531359  1  -1498.14  6915
Si28 	26053.2 	0.160847  1  1656.87  3450
Si28 	26053.2 	0.176628  1  2289.95  2831
Si28 	26053.2 	0.188002  1  -2844.89  8172
Si28 	26053.2 	0.21508  1  -39.5836  5260
Si28 	26053.2 	0.164774  1  -4237.18  9702
Si28 	26053.2 	0.157821  1  -798.743  6053
Si28 	26053.2 	0.137647  1  -393.488  5589
Si28 	26053.2 	0.126317  1  -1161.93  6338
Si28 	26053.2 	0.140942  1  -1439.89  6780
Si28 	26053.2 	0.197098  1  -4633.62  10183
Si28 	26053.2 	0.165225  1  -2508.95  7897
Si28 	26053.2 	0.309425  1  -3043.1  8528
Si28 	26053.2 	0.217945  1  966.863  4317
Si28 	26053.2 	0.169178  1  -2553.7  7856
Si28 	26053.2 	0.125946  1  4572.48  450
Si28 	26053.2 	0.14547  1  -1592.41  6846
Si28 	26053.2 	0.160976  1  2806.5  2341
Si28 	26053.2 	0.283186  1  118.221  5113
Si28 	26053.2 	0.231007  1  1737.51  3470
Si28 	26053.2 	0.157218  1  -3940.06  9427
Si28 	26053.2 	0.331745  1  -1619.2  6766
Si28 	26053.2 	0.118449  1  -4442.42  9981
Si28 	26053.2 	0.325258  1  1200.7  4000
Si28 	26053.2 	0.522175  1  4863.85  147
Si28 	26053.2 	0.152416  1  2855.99  2263
Si28 	26053.2 	0.298607  1  3479.31  1594
Si28 	26053.2 	0.172912  1  2885.27  2272
Si28 	26053.2 	0.265927  1  612.225  4522
Si28 	26053.2 	0.131208  1  4973.77  31
Si28 	26053.2 	0.11541  1  -1564.53  6863
Si28 	26053.2 	0.23518  1  -4444.79  9909
Si28 	26053.2 	0.241989  1  4527.54  490
Si28 	26053.2 	0.265249  1  -22.1731  5280
Si28 	26053.2 	0.218714  1  -1935.11  7286
Si28 	26053.2 	0.535573  1  1853.91  3333
Si28 	26053.2 	0.446879  1  -2149.55  7445
Si28 	26053.2 	0.11704  1  -2268.12  7582
Si28 	26053.2 	0.163242  1  -2787.82  8114
Si28 	26053.2 	0.154873  1  -1868.42  7285
Si28 	26053.2 	0.190102  1  1178.88  3977
Si28 	26053.2 	0.163697  1  -251.768  5521
Si28 	26053.2 	0.182974  1  2225.46  2948
Si28 	26053.2 	0.113199  1  -1049.34  6317
Si28 	26053.2 	0.117615  1  -22.4866  5218
Si28 	26053.2 	0.132748  1  1259.8  3885
Si28 	26053.2 	0.176373  1  276.516  4973
Si28 	26053.2 	0.303699  1  -1653.07  6974
Si28 	26053.2 	0.16041  1  2865.13  2365
Si28 	26053.2 	0.152976  1  4297.78  755
Si28 	26053.2 	0.110323  1  3882.23  1188
Si28 	26053.2 	0.996331  1  133.373  5033
Si28 	26053.2 	0.162616  1  -1347.53  6780
Si28 	26053.2 	0.231485  1  1278.11  3974
Si28 	26053.2 	0.221596  1  476.056  4820
Si28 	26053.2 	0.194586  1  -2266.3  7619
Si28 	26053.2 	0.296948  1  -4664.17  10118
Si28 	26053.2 	0.174107  1  -755.954  6096
Si28 	26053.2 	0.107586  1  -3751.17  9201
Si28 	26053.2 	0.135891  1  -3503.08  8922
Si28 	26053.2 	0.187326  1  4848.84  157
Si28 	26053.2 	0.240766  1  -3833.74  9115
Si28 	26053.2 	0.441072  1  -1858.43  7363
Si28 	26053.2 	0.144045  1  -2769.91  8263
Si28 	26053.2 	0.265137  1  -2885.98  8372
Si28 	26053.2 	0.311034  1  1684.45  3549
Si28 	26053.2 	0.110162  1  -1116.42  6515
Si28 	26053.2 	0.167716  1  2050.7  3051
Si28 	26053.2 	0.248067  1  -4867.13  10442
Si28 	26053.2 	0.109048  1  3897.47  1188
Si28 	26053.2 	0.850562  1  4014.29  1063
Si28 	26053.2 	0.580404  1  1563.56  3629
Si28 	26053.2 	0.148673  1  3328.56  1849
Si28 	26053.2 	0.305784  1  -148.582  5361
Si28 	26053.2 	0.112976  1  2388.31  2815
Si28 	26053.2 	0.119906  1  4759.03  256
Si28 	26053.2 	0.124566  1  -668.616  5919
Si28 	26053.2 	0.16537  1  -4679.72  10035
Si28 	26053.2 	0.181852  1  -889.254  6218
Si28 	26053.2 	0.241231  1  -877.222  6163
Si28 	26053.2 	0.273436  1  1397.59  3735
Si28 	26053.2 	0.140056  1  -4590.21  10132
Si28 	26053.2 	0.118495  1  -4729.35  10202
Si28 	26053.2 	0.237779  1  2374.89  2735
Si28 	26053.2 	0.160603  1  2339.36  2819
Si28 	26053.2 	0.168899  1  -3799.65  9207
Si28 	26053.2 	0.297287  1  -3683.98  9115
Si28 	26053.2 	1.84182  1  -1152.33  6419
Si28 	26053.2 	0.13771  1  1487.38  3719
Si28 	26053.2 	0.152695  1  -441.4  5771
Si28 	26053.2 	0.269294  1  4932.02  91
Si28 	26053.2 	0.159236  1  -4751.72  10436
Si28 	26053.2 	0.410542  1  3810.29  1212
Si28 	26053.2 	0.172183  1  4187.76  848
Si28 	26053.2 	0.153568  1  -3005.04  8418
Si28 	26053.2 	0.156265  1  4321.99  721
Si28 	26053.2 	0.120565  1  -4786.07  10323
Si28 	26053.2 	0.17901  1  2813.11  2349
Si28 	26053.2 	0.133026  1  786.2  4436
Si28 	26053.2 	0.110727  1  1646.16  3575
Si28 	26053.2 	0.119456  1  -2132.21  7385
Si28 	26053.2 	0.142706  1  4896.93  114
Si28 	26053.2 	0.44556  1  -178.645  5615
Si28 	26053.2 	0.116801  1  -3115.84  8715
Si28 	26053.2 	0.136544  1  3599.51  1528
Si28 	26053.2 	0.181369  1  459.379  4877
Si28 	26053.2 	0.531248  1  1586.14  3586
Si28 	26053.2 	0.124325  1  2454.93  2724
Si28 	26053.2 	0.14818  1  -4547.84  10195
Si28 	26053.2 	0.951722  1  3848.06  1207
Si28 	26053.2 	0.179801  1  -33.4603  5230
Si28 	26053.2 	0.242453  1  2436.35  2706
Si28 	26053.2 	0.120538  1  3567.52  1508
Si28 	26053.2 	0.115115  1  -4597.69  10253
Si28 	26053.2 	0.134945  1  473.457  4772
Si28 	26053.2 	0.151883  1  564.941  4663
Si28 	26053.2 	0.214406  1  2326.43  2787
Si28 	26053.2 	0.178216  1  3968.58  1043
Si28 	26053.2 	0.59505  1  -4033.79  9407
Si28 	26053.2 	0.363783  1  4345.29  679
Si28 	26053.2 	0.110995  1  1912.87  3197
Si28 	26053.2 	1.09579  1  -1402.9  6726
Si28 	26053.2 	1.30815  1  4423.2  611
Si28 	26053.2 	0.237735  1  4237.33  846
Si28 	26053.2 	0.193464  1  -1031.76  6453
Si28 	26053.2 	0.14599  1  4681.67  360
Si28 	26053.2 	0.111538  1  4509.03  555
Si28 	26053.2 	0.216461  1  -68.623  5361
Si28 	26053.2 	0.163247  1  -559.206  5782
Si28 	26053.2 	0.885491  1  168.783  5060
Si28 	26053.2 	0.155535  1  -1205.28  6572
Si28 	26053.2 	0.107815  1  -3217.64  8710
Si28 	26053.2 	0.16523  1  1586.03  3517
Si28 	26053.2 	0.313061  1  2251.73  2930
Si28 	26053.2 	0.130148  1  920.538  4315
Si28 	26053.2 	0.271477  1  3419.47  1599
Si28 	26053.2 	0.160631  1  4883.11  132
Si28 	26053.2 	0.477744  1  -2434.23  7975
Si28 	26053.2 	0.94553  1  1840.75  3378
Si28 	26053.2 	0.14243  1  1132.62  4111
Si28 	26053.2 	0.352185  1  -646.463  5938
Si28 	26053.2 	0.15233  1  3520.07  1559
Si28 	26053.2 	0.286348  1  -2273.21  7697
Si28 	26053.2 	0.193482  1  -4864.49  10604
Si28 	26053.2 	0.136888  1  4816.21  200
Si28 	26053.2 	0.137444  1  -2937.3  8551
Si28 	26053.2 	0.152329  1  -1098.81  6466
Si28 	26053.2 	0.320309  1  3919.32  1119
Si28 	26053.2 	0.168694  1  -1899.83  7269
Si28 	26053.2 	0.162498  1  704.395  4463
Si28 	26053.2 	0.118954  1  -1499.08  6737
Si28 	26053.2 	0.142937  1  2529.75  2584
Si28 	26053.2 	0.18426  1  2255.7  2801
Si28 	26053.2 	0.461769  1  267.057  5103
Si28 	26053.2 	0.17095  1  -2946.53  8270
Si28 	26053.2 	0.31454  1  4908.59  100
Si28 	26053.2 	0.121762  1  4028.31  1062
Si28 	26053.2 	0.535385  1  -4541.31  10038
Si28 	26053.2 	0.178438  1  -4341.41  9986
Si28 	26053.2 	0.35495  1  -4909.14  10487
Si28 	26053.2 	0.26561  1  -419.427  5672
Si28 	26053.2 	0.253948  1  -1027.22  6399
Si28 	26053.2 	0.314171  1  -3888.88  9174
Si28 	26053.2 	0.319041  1  3782.5  1262
Si28 	26053.2 	0.406494  1  -2597.81  7955
Si28 	26053.2 	0.122221  1  4513.58  558
Si28 	26053.2 	0.135114  1  4459.94  591
Si28 	26053.2 	0.665659  1  2577.65  2567
Si28 	26053.2 	0.129058  1  -4933.52  10499
Si28 	26053.2 	0.220326  1  1838.95  3241
Si28 	26053.2 	0.123776  1  2231.47  2942
Si28 	26053.2 	0.12337  1  224.132  4940
Si28 	26053.2 	0.17424  1  433.146  4657
Si28 	26053.2 	0.344308  1  246.495  5080
Si28 	26053.2 	0.202006  1  3135.57  1950
Si28 	26053.2 	0.195043  1  2488.96  2743
Si28 	26053.2 	0.189519  1  1010.51  4168
Si28 	26053.2 	0.14458  1  4317.22  722
Si28 	26053.2 	0.411547  1  1039.79  4294
Si28 	26053.2 	0.14656  1  -4220.59  9802
Si28 	26053.2 	0.780421  1  -3400.01  8935
Si28 	26053.2 	0.308109  1  4834.82  178
Si28 	26053.2 	0.129007  1  737.806  4492
Si28 	26053.2 	0.181475  1  -2263.08  7768
Si28 	26053.2 	0.23892  1  2464.14  2806
Si28 	26053.2 	0.154543  1  -909.626  6119
Si28 	26053.2 	0.309641  1  -1386.12  6735
Si28 	26053.2 	0.11122  1  -4896.7  10473
Si28 	26053.2 	0.127387  1  -2639.62  8175
Si28 	26053.2 	0.193497  1  3888.55  1146
Si28 	26053.2 	0.183256  1  -3492.92  8767
Si28 	26053.2 	0.239832  1  341.637  4869
Si28 	26053.2 	0.229098  1  -410.119  5647
Si28 	26053.2 	0.29741  1  -4688.54  10127
Si28 	26053.2 	0.212041  1  4694.81  277
Si28 	26053.2 	0.152367  1  -56.2254  5261
Si28 	26053.2 	0.455259  1  4849.59  147
Si28 	26053.2 	0.135245  1  -1942.82  7354
Si28 	26053.2 	0.193337  1  -3235.47  8737
Si28 	26053.2 	0.237691  1  2099.18  3083
Si28 	26053.2 	0.108531  1  2594.21  2498
Si28 	26053.2 	0.149011  1  -155.009  5482
Si28 	26053.2 	0.561806  1  -4066.12  9682
Si28 	26053.2 	0.161824  1  -726.603  6244
Si28 	26053.2 	0.159042  1  -3019.69  8311
Si28 	26053.2 	0.132548  1  1620.92  3552
Si28 	26053.2 	0.133018  1  897.527  4250
Si28 	26053.2 	0.120759  1  -4075.59  9489
Si28 	26053.2 	0.26721  1  -4017.46  9446
Si28 	26053.2 	0.161683  1  3754.9  1313
Si28 	26053.2 	0.153121  1  -2577.18  7956
Si28 	26053.2 	0.126044  1  -3169.99  8792
Si28 	26053.2 	0.183872  1  3571.74  1487
Si28 	26053.2 	0.133886  1  -3419.04  8787
Si28 	26053.2 	0.116143  1  2261.26  2852
Si28 	26053.2 	0.40623  1  110.14  5124
Si28 	26053.2 	0.114544  1  -1445  6932
Si28 	26053.2 	0.599599  1  -3518.76  9128
Si28 	26053.2 	0.11577  1  980.128  4251
Si28 	26053.2 	0.205369  1  4250.53  787
Si28 	26053.2 	0.224393  1  -848.643  6094
Si28 	26053.2 	0.174664  1  4015.92  1012
Si28 	26053.2 	0.25408  1  964.909  4202
Si28 	26053.2 	0.117448  1  -1086.17  6322
Si28 	26053.2 	0.138806  1  2420.26  2755
Si28 	26053.2 	0.293021  1  -3153.54  8511
Si28 	26053.2 	0.139229  1  901.773  4320
Si28 	26053.2 	0.422691  1  -3133.52  8647
Si28 	26053.2 	0.273111  1  -4127.49  9713
Si28 	26053.2 	0.20578  1  -4878.41  10390
Si28 	26053.2 	0.231607  1  -4572.4  10143
Si28 	26053.2 	0.130909  1  2164.69  3025
Si28 	26053.2 	0.594007  1  -3353.23  8783
Si28 	26053.2 	0.161841  1  -4706.53  10200
Si28 	26053.2 	0.154937  1  -1413.36  6639
Si28 	26053.2 	0.3669  1  -2180.98  7488
Si28 	26053.2 	0.184103  1  344.896  4956
Si28 	26053.2 	0.137423  1  2757.8  2363
Si28 	26053.2 	0.147683  1  -2298.96  7755
Si28 	26053.2 	0.112876  1  -1642.2  6913
Si28 	26053.2 	0.226548  1  -1623.64  6847
Si28 	26053.2 	0.193508  1  -1371.02  6611
Si28 	26053.2 	0.192446  1  3854.03  1161
Si28 	26053.2 	0.277435  1  3019.88  2101
Si28 	26053.2 	0.634712  1  -3669  9151
Si28 	26053.2 	0.187519  1  1127.51  3954
Si28 	26053.2 	0.224745  1  2713.19  2560
Si28 	26053.2 	0.214478  1  -3856.43  9453
Si28 	26053.2 	0.135685  1  -1474.77  6887
Si28 	26053.2 	0.11983  1  1797.75  3311
Si28 	26053.2 	0.146992  1  -1888.81  7055
Si28 	26053.2 	0.229472  1  -1526.51  6985
Si28 	26053.2 	0.24159  1  2078.74  3078
Si28 	26053.2 	0.131774  1  2456.48  2720
Si28 	26053.2 	0.125713  1  -4615.17  10035
Si28 	26053.2 	0.162175  1  1482.36  3717
Si28 	26053.2 	0.202886  1  -324.692  5641
Si28 	26053.2 	0.320959  1  4294.39  736
Si28 	26053.2 	0.124848  1  538.703  4678
Si28 	26053.2 	0.336901  1  -1602.94  7038
Si28 	26053.2 	0.161708  1  1853.66  3365
Si28 	26053.2 	0.518968  1  -3817.45  9240
Si28 	26053.2 	0.192486  1  -3578.06  9150
Si28 	26053.2 	0.549151  1  -4163.93  9669
Si28 	26053.2 	0.109375  1  4354.51  645
Si28 	26053.2 	0.282517  1  -1209.91  6558
Si28 	26053.2 	0.118138  1  4256.29  791
Si28 	26053.2 	0.384387  1  -160.333  5442
Si28 	26053.2 	0.12544  1  -1444.58  6866
Si28 	26053.2 	0.142867  1  1274.28  3929
Si28 	26053.2 	0.1361  1  3861.85  1256
Si28 	26053.2 	0.201703  1  4775.18  232
Si28 	26053.2 	0.219393  1  1074.8  4114
Si28 	26053.2 	0.222759  1  -1819.95  7106
Si28 	26053.2 	0.118895  1  -4512.72  9973
Si28 	26053.2 	0.225817  1  4928.83  80
Si28 	26053.2 	0.390908  1  1678.74  3476
Si28 	26053.2 	1.07219  1  -3975.18  9438
Si28 	26053.2 	0.136187  1  -4608.43  10186
Si28 	26053.2 	0.9454  1  4496.58  482
Si28 	26053.2 	1.04595  1  -1248.24  6660
Si28 	26053.2 	0.492623  1  4137.15  961
Si28 	26053.2 	0.125815  1  -2039.06  7423
Si28 	26053.2 	0.149758  1  2043.09  2986
Si28 	26053.2 	0.146079  1  -2904  8355
Si28 	26053.2 	0.172873  1  -39.6221  5233
Si28 	26053.2 	0.125998  1  4285.48  798
Si28 	26053.2 	0.241131  1  4976.45  22
Si28 	26053.2 	0.207014  1  -4583.76  10053
Si28 	26053.2 	0.213438  1  -4300.15  9790
Si28 	26053.2 	0.205325  1  -2976.72  8435
Si28 	26053.2 	0.110827  1  4225.51  778
Si28 	26053.2 	0.110827  1  -3950.12  9554
Si28 	26053.2 	0.138889  1  -3647.3  9085
Si28 	26053.2 	0.175593  1  727.711  4510
Si28 	26053.2 	0.84416  1  4003.88  1099
Si28 	26053.2 	0.151584  1  -664.295  5995
Si28 	26053.2 	0.599844  1  -3345.45  8780
Si28 	26053.2 	0.385364  1  3235.17  1804
Si28 	26053.2 	0.124211  1  -4497.4  9932
Si28 	26053.2 	0.304179  1  -4575.15  10019
Si28 	26053.2 	0.142895  1  -3050.05  8639
Si28 	26053.2 	0.240443  1  3908.28  1124
Si28 	26053.2 	0.144135  1  1078.56  4063
Si28 	26053.2 	0.108635  1  -1411.66  6656
Si28 	26053.2 	0.231867  1  -3194.52  8603
Si28 	26053.2 	0.114228  1  440.029  4790
Si28 	26053.2 	0.108634  1  287.086  4957
Si28 	26053.2 	0.117375  1  -1948.15  7357
Si28 	26053.2 	0.234516  1  -1327.58  6665
Si28 	26053.2 	0.270752  1  915.187  4313
Si28 	26053.2 	0.119574  1  -146.145  5363
Si28 	26053.2 	0.478226  1  -2262.39  7520
Si28 	26053.2 	0.128112  1  -4782.5  10398
Si28 	26053.2 	0.145139  1  -4290.79  9846
Si28 	26053.2 	0.663634  1  4291.5  757
Si28 	26053.2 	0.172129  1  1253.57  3912
Si28 	26053.2 	0.111844  1  2248.16  2933
Si28 	26053.2 	0.182496  1  -601.351  5979
Si28 	26053.2 	0.202607  1  -4443.78  9983
Si28 	26053.2 	0.705209  1  83.3645  5087
Si28 	26053.2 	0.107821  1  4371.65  674
Si28 	26053.2 	0.108833  1  1018.81  4324
Si28 	26053.2 	0.872202  1  2736.45  2519
Si28 	26053.2 	0.131851  1  1174.52  4086
Si28 	26053.2 	0.176333  1  1605.23  3570
Si28 	26053.2 	0.256941  1  1322.83  3920
Si28 	26053.2 	0.329217  1  -1879.1  7366
Si28 	26053.2 	0.201313  1  -1114.9  6286
Si28 	26053.2 	0.137744  1  1175.96  4064
Si28 	26053.2 	0.52847  1  -3942.77  9394
Si28 	26053.2 	0.179208  1  2168.27  3017
Si28 	26053.2 	0.118059  1  4455.82  601
Si28 	26053.2 	0.783374  1  567.768  4799
Si28 	26053.2 	0.44748  1  478.582  4856
Si28 	26053.2 	0.251921  1  -939.181  6326
Si28 	26053.2 	0.288535  1  -2908.9  8401
Si28 	26053.2 	0.118071  1  1314.21  3860
Si28 	26053.2 	0.181876  1  -53.8554  5517
Si28 	26053.2 	0.12511  1  -1128.01  6399
Si28 	26053.2 	0.139986  1  4059.35  1023
Si28 	26053.2 	0.353369  1  -1800.74  7204
Si28 	26053.2 	0.269523  1  480.493  4815
Si28 	26053.2 	0.218957  1  -1850.28  7243
Si28 	26053.2 	0.109817  1  -3831.07  9290
Si28 	26053.2 	0.316352  1  -3454.56  8756
Si28 	26053.2 	0.304779  1  -4450.04  9948
Si28 	26053.2 	0.185483  1  -364.662  5555
Si28 	26053.2 	1.64873  1  1867.56  3197
Si28 	26053.2 	0.111965  1  -3980.73  9546
Si28 	26053.2 	0.233902  1  -1097.62  6367
Si28 	26053.2 	0.145358  1  2155.69  2966
Si28 	26053.2 	0.191667  1  -3897.35  9370
Si28 	26053.2 	0.111019  1  -56.8905  5287
Si28 	26053.2 	0.178978  1  -3988.86  9341
Si28 	26053.2 	0.203055  1  3762.68  1287
Si28 	26053.2 	0.30636  1  -1129.7  6491
Si28 	26053.2 	0.123933  1  1691.42  3399
Si28 	26053.2 	0.117232  1  1721.4  3498
Si28 	26053.2 	0.512099  1  -2514.79  7969
Si28 	26053.2 	0.169405  1  4615.71  408
Si28 	26053.2 	0.204573  1  3145.88  1952
Si28 	26053.2 	0.376147  1  -1604.97  6882
Si28 	26053.2 	0.324934  1  -1731.51  6939
Si28 	26053.2 	0.205964  1  2270.18  2894
Si28 	26053.2 	0.322245  1  1328.9  3996
Si28 	26053.2 	0.279295  1  -2592.14  8006
Si28 	26053.2 	0.232153  1  -4939.93  10469
Si28 	26053.2 	0.177095  1  565.305  4657
Si28 	26053.2 	0.132147  1  -3922.56  9360
Si28 	26053.2 	0.189275  1  -2658.57  8087
Si28 	26053.2 	0.187085  1  2767  2439
Si28 	26053.2 	0.180276  1  3592.43  1474
Si28 	26053.2 	0.336618  1  -4859.29  10270
Si28 	26053.2 	0.238975  1  1373.51  3889
Si28 	26053.2 	0.128182  1  2454.32  2632
Si28 	26053.2 	0.13256  1  -3168.69  8463
Si28 	26053.2 	0.21642  1  987.442  4236
Si28 	26053.2 	0.330592  1  4295.89  717
Si28 	26053.2 	0.135004  1  -4259.19  9614
Si28 	26053.2 	0.118362  1  -644.956  5833
Si28 	26053.2 	0.158032  1  -3105.23  8613
Si28 	26053.2 	0.292738  1  -3724.96  9337
Si28 	26053.2 	0.131881  1  -3522.92  9131
Si28 	26053.2 	0.194393  1  -1698.27  7071
Si28 	26053.2 	0.296916  1  815.133  4460
Si28 	26053.2 	0.450946  1  1546.57  3644
Si28 	26053.2 	0.132953  1  -1403.93  6851
Si28 	26053.2 	0.39627  1  3117.74  2026
Si28 	26053.2 	0.245738  1  -4310.94  9792
Si28 	26053.2 	0.112718  1  -746.637  5955
Si28 	26053.2 	0.477625  1  -3424.07  8794
Si28 	26053.2 	0.269697  1  3534.99  1556
Si28 	26053.2 	0.13167  1  -3937.25  9189
Si28 	26053.2 	0.1311  1  -2538.84  7865
Si28 	26053.2 	0.230608  1  1509.56  3783
Si28 	26053.2 	0.151962  1  420.051  4802
Si28 	26053.2 	0.143141  1  3139.5  1996
Si28 	26053.2 	0.144743  1  112.128  5161
Si28 	26053.2 	0.162537  1  -4029.18  9375
Si28 	26053.2 	0.226763  1  1507.42  3692
Si28 	26053.2 	0.189048  1  -4448.84  9969
Si28 	26053.2 	0.395897  1  -153.93  5238
Si28 	26053.2 	0.11772  1  3418.92  1620
Si28 	26053.2 	0.271863  1  3007.43  2083
Si28 	26053.2 	0.132746  1  303.924  5027
Si28 	26053.2 	0.140687  1  4643.55  370
Si28 	26053.2 	0.119573  1  -3511.57  8972
Si28 	26053.2 	0.128799  1  -4599.12  10009
Si28 	26053.2 	0.177281  1  90.8213  5018
Si28 	26053.2 	0.120189  1  -584.077  5819
Si28 	26053.2 	0.135859  1  2645.52  2456
Si28 	26053.2 	0.317622  1  126.544  5207
Si28 	26053.2 	0.153064  1  3083.32  2077
Si28 	26053.2 	0.163306  1  -3654.19  8945
Si28 	26053.2 	0.22225  1  4856.05  141
Si28 	26053.2 	0.320849  1  2067.7  3062
Si28 	26053.2 	0.191209  1  800.572  4418
Si28 	26053.2 	0.207454  1  4838.02  155
Si28 	26053.2 	0.136573  1  -3005.57  8474
Si28 	26053.2 	0.196584  1  -27.014  5339
Si28 	26053.2 	0.197716  1  -3446.03  8968
Si28 	26053.2 	0.483946  1  2000.07  3202
Si28 	26053.2 	0.174256  1  343.571  4846
Si28 	26053.2 	0.127728  1  -2612.55  7957
Si28 	26053.2 	0.202831  1  -1862.17  7214
Si28 	26053.2 	0.416804  1  -4385.15  9959
Si28 	26053.2 	0.159128  1  1162.86  4008
Si28 	26053.2 	0.143964  1  -1059.45  6379
Si28 	26053.2 	0.116637  1  -3339.5  8807
Si28 	26053.2 	0.185956  1  -2366.18  7704
Si28 	26053.2 	0.131718  1  4751.19  273
Si28 	26053.2 	0.11582  1  299.022  4773
Si28 	26053.2 	0.111213  1  190.931  4979
Si28 	26053.2 	0.351566  1  -1414.7  6839
Si28 	26053.2 	0.116572  1  -4944.42  10392
Si28 	26053.2 	0.11468  1  -781.518  6116
Si28 	26053.2 	0.260337  1  2660.46  2479
Si28 	26053.2 	0.163878  1  -3767.4  9355
Si28 	26053.2 	0.145499  1  4035.88  1030
Si28 	26053.2 	0.126112  1  2153.84  2970
Si28 	26053.2 	0.176777  1  -4996.8  10528
Si28 	26053.2 	0.165245  1  4727.04  270
Si28 	26053.2 	0.132193  1  2770.23  2277
Si28 	26053.2 	0.559671  1  -4376.73  9908
