Si28 	26053.2 	0.414597  1  1903.27  3191
Si28 	26053.2 	0.141517  1  1086.76  4188
Si28 	26053.2 	0.115947  1  -730.534  6150
Si28 	26053.2 	0.296671  1  -1067.44  6516
Si28 	26053.2 	0.111984  1  276.604  4877
Si28 	26053.2 	0.120437  1  2180.22  2980
Si28 	26053.2 	0.684306  1  2459.96  2649
Si28 	26053.2 	0.286063  1  2574.26  2540
Si28 	26053.2 	0.424294  1  1001.96  4269
Si28 	26053.2 	0.233772  1  3058.65  2020
Si28 	26053.2 	0.245341  1  1515.15  3630
Si28 	26053.2 	0.163597  1  3421.53  1739
Si28 	26053.2 	0.456175  1  4297.65  748
Si28 	26053.2 	0.161295  1  2921.78  2153
Si28 	26053.2 	0.130305  1  2467.25  2543
Si28 	26053.2 	0.114859  1  17.7114  5205
Si28 	26053.2 	0.163942  1  4350.59  685
Si28 	26053.2 	0.10782  1  4403.68  627
Si28 	26053.2 	1.38576  1  2705.28  2443
Si28 	26053.2 	0.111784  1  4203.77  835
Si28 	26053.2 	0.142689  1  400.879  4822
Si28 	26053.2 	0.210256  1  4966.2  44
Si28 	26053.2 	0.109511  1  -312.263  5687
Si28 	26053.2 	0.20228  1  2794.71  2334
Si28 	26053.2 	0.430863  1  689.519  4451
Si28 	26053.2 	0.226079  1  2431.1  2739
Si28 	26053.2 	0.358405  1  233.729  4908
Si28 	26053.2 	0.249221  1  132.854  5014
Si28 	26053.2 	0.212553  1  3593.27  1511
Si28 	26053.2 	0.134299  1  644.423  4469
Si28 	26053.2 	0.108459  1  1222.17  4028
Si28 	26053.2 	0.126912  1  1275.11  3854
Si28 	26053.2 	0.190736  1  4270.34  773
Si28 	26053.2 	0.122794  1  3371.19  1714
Si28 	26053.2 	0.452479  1  1475.67  3743
Si28 	26053.2 	0.179092  1  4250.75  791
Si28 	26053.2 	0.182143  1  4143.35  883
Si28 	26053.2 	0.189337  1  4854.9  141
Si28 	26053.2 	0.148335  1  4712.41  289
Si28 	26053.2 	4.70582  1  2963.41  2016
Si28 	26053.2 	0.347219  1  4121.29  887
Si28 	26053.2 	0.116628  1  1809.64  3396
Si28 	26053.2 	0.225207  1  -101.456  5519
Si28 	26053.2 	0.108927  1  4501.4  510
Si28 	26053.2 	0.480246  1  2313.75  2857
Si28 	26053.2 	0.287953  1  2542.02  2578
Si28 	26053.2 	0.417863  1  4051.4  987
Si28 	26053.2 	0.118663  1  4728.7  304
Si28 	26053.2 	0.177053  1  1213.27  3936
Si28 	26053.2 	0.330655  1  3833.48  1177
Si28 	26053.2 	0.109457  1  2354.16  2829
Si28 	26053.2 	0.118269  1  1717.27  3431
Si28 	26053.2 	0.108725  1  1268.5  3895
Si28 	26053.2 	0.196497  1  312.34  5102
Si28 	26053.2 	0.715786  1  4334.1  724
Si28 	26053.2 	0.123856  1  665.481  4582
Si28 	26053.2 	0.201708  1  1715.35  3434
Si28 	26053.2 	0.140189  1  2104.97  3057
Si28 	26053.2 	0.113848  1  546.278  4719
Si28 	26053.2 	0.328667  1  1813.4  3329
Si28 	26053.2 	0.124618  1  2015.84  3142
Si28 	26053.2 	0.126551  1  4398.57  617
Si28 	26053.2 	0.422303  1  -158.406  5362
Si28 	26053.2 	2.56574  1  755.588  4498
Si28 	26053.2 	0.251104  1  3688.97  1376
Si28 	26053.2 	0.15184  1  2073.6  2994
Si28 	26053.2 	0.186444  1  1376.45  3871
Si28 	26053.2 	0.3446  1  1395.1  3740
Si28 	26053.2 	0.15523  1  2369.39  2662
Si28 	26053.2 	0.111985  1  108.688  5039
Si28 	26053.2 	0.110887  1  3054.97  2072
Si28 	26053.2 	0.390456  1  1667.4  3531
Si28 	26053.2 	0.238186  1  2783.78  2271
Si28 	26053.2 	0.109524  1  4809.72  212
Si28 	26053.2 	0.178493  1  2537.42  2583
Si28 	26053.2 	0.143506  1  666.499  4649
Si28 	26053.2 	0.122044  1  162.033  5195
Si28 	26053.2 	0.112311  1  1045.75  4037
Si28 	26053.2 	0.199731  1  -547.617  5777
Si28 	26053.2 	0.226975  1  -171.065  5357
Si28 	26053.2 	0.108659  1  2057.76  3051
Si28 	26053.2 	0.116839  1  4091.4  984
Si28 	26053.2 	0.209012  1  3879.49  1161
Si28 	26053.2 	0.238317  1  387.143  4871
Si28 	26053.2 	0.121282  1  4345.84  680
Si28 	26053.2 	0.431038  1  3839.89  1247
Si28 	26053.2 	0.193017  1  2028.13  3110
Si28 	26053.2 	0.109233  1  4672.44  348
Si28 	26053.2 	0.107672  1  791.26  4400
Si28 	26053.2 	0.235992  1  4668.51  349
Si28 	26053.2 	0.11713  1  2881.93  2205
Si28 	26053.2 	0.132193  1  1241.38  3993
Si28 	26053.2 	0.117006  1  248.293  4943
Si28 	26053.2 	0.511622  1  232.067  5088
Si28 	26053.2 	0.148828  1  1300.11  3797
Si28 	26053.2 	0.260706  1  4609.86  416
Si28 	26053.2 	0.250078  1  4736.93  281
Si28 	26053.2 	0.173278  1  435.373  4696
Si28 	26053.2 	0.205262  1  3538.33  1540
Si28 	26053.2 	0.969136  1  3354.36  1736
Si28 	26053.2 	0.185108  1  2541.61  2496
Si28 	26053.2 	1.0013  1  2512.32  2529
Si28 	26053.2 	0.19523  1  3659.18  1436
Si28 	26053.2 	0.212014  1  1274.47  3833
Si28 	26053.2 	0.150055  1  286.222  5029
Si28 	26053.2 	0.127431  1  961.018  4246
Si28 	26053.2 	0.341775  1  1725.64  3329
Si28 	26053.2 	0.505292  1  2550.29  2564
Si28 	26053.2 	0.124584  1  4494.78  565
Si28 	26053.2 	0.157816  1  4865.22  136
Si28 	26053.2 	0.157272  1  709.948  4440
Si28 	26053.2 	0.111462  1  -456.366  5811
Si28 	26053.2 	0.789253  1  4129.54  851
Si28 	26053.2 	0.188078  1  3611.55  1512
Si28 	26053.2 	0.2408  1  631.624  4597
Si28 	26053.2 	0.23076  1  1850.38  3324
Si28 	26053.2 	0.323054  1  1164.91  4193
Si28 	26053.2 	0.143111  1  2112.95  3122
Si28 	26053.2 	0.158419  1  4416.88  652
Si28 	26053.2 	0.266198  1  4680.81  330
Si28 	26053.2 	0.112475  1  4266.74  788
Si28 	26053.2 	0.652584  1  1195.85  3960
Si28 	26053.2 	0.497959  1  2781.52  2403
Si28 	26053.2 	0.126836  1  1945.47  3176
Si28 	26053.2 	0.135642  1  2435.88  2731
Si28 	26053.2 	0.272909  1  311.782  4980
Si28 	26053.2 	0.137446  1  1536.58  3641
Si28 	26053.2 	0.269744  1  2610.53  2441
Si28 	26053.2 	0.591273  1  3909.43  1167
Si28 	26053.2 	0.594352  1  864.722  4264
Si28 	26053.2 	0.116161  1  2769.79  2344
Si28 	26053.2 	0.229733  1  4124.22  919
Si28 	26053.2 	0.484913  1  2013.69  3220
Si28 	26053.2 	0.224041  1  2935.97  2202
Si28 	26053.2 	0.125191  1  1309.74  3837
Si28 	26053.2 	0.171798  1  4524.72  488
Si28 	26053.2 	0.328894  1  2284.45  2857
Si28 	26053.2 	0.118994  1  3597.08  1520
Si28 	26053.2 	0.119624  1  447.002  4819
Si28 	26053.2 	1.86266  1  4691.5  326
Si28 	26053.2 	0.274815  1  4669.33  339
Si28 	26053.2 	0.229034  1  806.067  4370
Si28 	26053.2 	0.148774  1  3972.94  1059
Si28 	26053.2 	0.264519  1  -736.257  6000
Si28 	26053.2 	0.362531  1  1477.79  3648
Si28 	26053.2 	0.126855  1  2388.33  2841
Si28 	26053.2 	0.181482  1  4152.39  920
Si28 	26053.2 	0.282026  1  2008.45  3201
Si28 	26053.2 	0.31828  1  1773.94  3330
Si28 	26053.2 	0.133066  1  747.31  4444
Si28 	26053.2 	0.157088  1  4378.03  609
Si28 	26053.2 	0.115331  1  323.878  4860
Si28 	26053.2 	0.288961  1  4322.25  656
Si28 	26053.2 	0.112543  1  -326.761  5619
Si28 	26053.2 	0.116785  1  1417.21  3723
Si28 	26053.2 	0.197836  1  -31.9556  5374
Si28 	26053.2 	0.146717  1  3800.22  1289
Si28 	26053.2 	0.126317  1  -54.7957  5457
Si28 	26053.2 	0.141502  1  1838.09  3202
Si28 	26053.2 	0.192342  1  639.586  4563
Si28 	26053.2 	0.189276  1  749.887  4471
Si28 	26053.2 	0.191724  1  260.697  4988
Si28 	26053.2 	0.51932  1  3059.88  2015
Si28 	26053.2 	0.325409  1  419.918  4656
Si28 	26053.2 	0.108243  1  2702.89  2455
Si28 	26053.2 	0.113469  1  4184.72  880
Si28 	26053.2 	0.551625  1  4776.85  225
Si28 	26053.2 	1.26014  1  1793.62  3238
Si28 	26053.2 	0.134945  1  -482.645  5643
Si28 	26053.2 	0.125846  1  1411.22  3813
Si28 	26053.2 	0.321696  1  4148.08  895
Si28 	26053.2 	0.32993  1  208.417  5002
Si28 	26053.2 	0.264827  1  418.315  4770
Si28 	26053.2 	0.186401  1  4476.35  521
Si28 	26053.2 	0.45562  1  3847.54  1174
Si28 	26053.2 	0.178186  1  2227.07  2862
Si28 	26053.2 	0.142867  1  1487.8  3635
Si28 	26053.2 	0.137181  1  2315.22  2786
Si28 	26053.2 	0.125048  1  4585.57  433
Si28 	26053.2 	0.215805  1  1614.82  3522
Si28 	26053.2 	0.234206  1  -356.636  5664
Si28 	26053.2 	0.183033  1  2250.74  2953
Si28 	26053.2 	0.134188  1  3135.71  1962
Si28 	26053.2 	0.138862  1  2634.57  2487
Si28 	26053.2 	0.156212  1  3738.63  1322
Si28 	26053.2 	0.148315  1  4138.21  916
Si28 	26053.2 	0.609781  1  2592.89  2605
Si28 	26053.2 	0.267737  1  -461.459  5654
Si28 	26053.2 	0.178072  1  2354.32  2758
Si28 	26053.2 	0.192858  1  467.436  4711
Si28 	26053.2 	1.84748  1  3558.91  1548
Si28 	26053.2 	0.154837  1  -96.248  5394
Si28 	26053.2 	0.110551  1  1525.11  3634
Si28 	26053.2 	0.172609  1  2516.83  2579
Si28 	26053.2 	0.157524  1  4087.05  917
Si28 	26053.2 	0.21267  1  4079.11  996
Si28 	26053.2 	0.138538  1  4307.75  704
Si28 	26053.2 	0.405454  1  918.445  4200
Si28 	26053.2 	0.15983  1  3370.59  1661
Si28 	26053.2 	0.117944  1  2899.9  2257
Si28 	26053.2 	1.01232  1  -684.592  6049
Si28 	26053.2 	0.224415  1  1928.13  3244
Si28 	26053.2 	0.136949  1  1191.6  3989
Si28 	26053.2 	0.109154  1  2617.98  2509
Si28 	26053.2 	0.143746  1  1241.95  3864
Si28 	26053.2 	0.12446  1  1319.44  3855
Si28 	26053.2 	0.107677  1  2213.56  2974
Si28 	26053.2 	0.384892  1  2891.2  2280
Si28 	26053.2 	0.13644  1  1807.84  3371
Si28 	26053.2 	0.182476  1  -32.4966  5322
Si28 	26053.2 	0.228644  1  205.73  4987
Si28 	26053.2 	0.28878  1  3204.14  1920
Si28 	26053.2 	0.349074  1  1154.01  3985
Si28 	26053.2 	0.926767  1  3305.31  1742
Si28 	26053.2 	0.134044  1  3467.22  1519
Si28 	26053.2 	0.154395  1  2833.91  2367
Si28 	26053.2 	0.457834  1  2073.56  3168
Si28 	26053.2 	0.171102  1  1155.43  4213
Si28 	26053.2 	0.197426  1  1700.33  3450
Si28 	26053.2 	0.189965  1  2711.76  2376
Si28 	26053.2 	0.519693  1  1434.8  3753
Si28 	26053.2 	0.235115  1  -289.523  5631
Si28 	26053.2 	0.110409  1  -49.2134  5348
Si28 	26053.2 	0.256255  1  740.999  4577
Si28 	26053.2 	0.126256  1  2374.18  2747
Si28 	26053.2 	0.171617  1  4734.44  274
Si28 	26053.2 	0.628907  1  946.657  4169
Si28 	26053.2 	0.317388  1  1671.6  3499
Si28 	26053.2 	0.156362  1  2229.28  2879
Si28 	26053.2 	0.13958  1  2056.19  3013
Si28 	26053.2 	0.152886  1  494.952  4837
Si28 	26053.2 	0.226191  1  3069.49  2032
Si28 	26053.2 	0.191941  1  14.6369  5226
Si28 	26053.2 	0.209696  1  3813.95  1283
Si28 	26053.2 	0.153949  1  3848.06  1182
Si28 	26053.2 	0.244209  1  4908.39  104
Si28 	26053.2 	0.186043  1  1819.85  3380
Si28 	26053.2 	0.128888  1  3841.28  1235
Si28 	26053.2 	0.223144  1  -648.928  6061
Si28 	26053.2 	0.234913  1  -709.27  6027
Si28 	26053.2 	0.25332  1  -42.6123  5268
Si28 	26053.2 	0.11368  1  3883.18  1233
Si28 	26053.2 	0.214228  1  -96.8722  5414
Si28 	26053.2 	0.110282  1  1391.2  3807
Si28 	26053.2 	0.132173  1  94.6982  5174
Si28 	26053.2 	0.129057  1  4355.85  673
Si28 	26053.2 	0.120448  1  3926.77  1201
Si28 	26053.2 	0.183164  1  3794.17  1268
Si28 	26053.2 	0.139627  1  3258.76  1826
Si28 	26053.2 	0.152176  1  512.917  4635
Si28 	26053.2 	0.215726  1  2386.62  2717
Si28 	26053.2 	0.192284  1  1466.15  3736
Si28 	26053.2 	0.149542  1  721.581  4425
Si28 	26053.2 	0.193302  1  2725.85  2367
Si28 	26053.2 	0.276851  1  4940.35  60
Si28 	26053.2 	0.316122  1  4992.07  10
Si28 	26053.2 	0.186738  1  780.671  4364
Si28 	26053.2 	0.217142  1  356.376  4821
Si28 	26053.2 	0.122929  1  1798.03  3299
Si28 	26053.2 	0.114281  1  543.903  4707
Si28 	26053.2 	0.152459  1  4357.79  637
Si28 	26053.2 	0.11663  1  -189.68  5435
Si28 	26053.2 	0.307332  1  47.5395  5201
Si28 	26053.2 	0.115857  1  3247.26  1888
Si28 	26053.2 	0.225812  1  2795.63  2332
Si28 	26053.2 	0.434721  1  4287.46  736
Si28 	26053.2 	0.195708  1  4537.76  518
Si28 	26053.2 	0.111684  1  2088.69  3043
Si28 	26053.2 	0.113832  1  2901.47  2177
Si28 	26053.2 	0.125268  1  3371.45  1720
Si28 	26053.2 	0.133403  1  2851.96  2173
Si28 	26053.2 	0.619862  1  2386.09  2642
Si28 	26053.2 	0.173229  1  1429.52  3812
Si28 	26053.2 	0.139612  1  -496.659  5813
Si28 	26053.2 	0.13199  1  4651.27  362
Si28 	26053.2 	0.151365  1  3664.78  1403
Si28 	26053.2 	0.141427  1  1267.3  3888
Si28 	26053.2 	1.79672  1  3018.95  2055
Si28 	26053.2 	0.168294  1  -464.197  5672
Si28 	26053.2 	0.164489  1  -533.954  5868
Si28 	26053.2 	0.113376  1  3381.43  1755
Si28 	26053.2 	0.119002  1  2107.39  3007
Si28 	26053.2 	0.335693  1  2553.09  2535
Si28 	26053.2 	0.383211  1  2948.17  2175
Si28 	26053.2 	0.128487  1  -43.9907  5366
Si28 	26053.2 	0.359397  1  -97.5791  5434
Si28 	26053.2 	0.302569  1  1209.01  4172
Si28 	26053.2 	0.173011  1  -428.74  5754
Si28 	26053.2 	0.686843  1  3923.49  1159
Si28 	26053.2 	0.151477  1  1922.49  3167
Si28 	26053.2 	0.114374  1  -50.2746  5314
Si28 	26053.2 	0.185758  1  -548.778  5802
Si28 	26053.2 	0.548853  1  63.0609  5099
Si28 	26053.2 	0.145931  1  -288.358  5669
Si28 	26053.2 	0.529549  1  3101.01  1929
Si28 	26053.2 	0.167085  1  -956.48  6259
Si28 	26053.2 	0.25807  1  4478.05  572
Si28 	26053.2 	0.112853  1  2508.96  2542
Si28 	26053.2 	0.353752  1  2516.11  2555
Si28 	26053.2 	0.231258  1  1134.94  4057
Si28 	26053.2 	0.177172  1  4367.89  642
Si28 	26053.2 	0.468614  1  3536.98  1562
Si28 	26053.2 	1.54624  1  -154.132  5472
Si28 	26053.2 	0.141163  1  4940.06  72
Si28 	26053.2 	0.159791  1  2818.84  2274
Si28 	26053.2 	0.144883  1  1062.45  4109
Si28 	26053.2 	0.129542  1  474.326  4679
Si28 	26053.2 	0.111104  1  552.298  4668
Si28 	26053.2 	0.302842  1  1493.92  3613
Si28 	26053.2 	0.166973  1  1237.84  3879
Si28 	26053.2 	0.140512  1  505.807  4702
Si28 	26053.2 	0.145523  1  3567.41  1490
Si28 	26053.2 	0.130146  1  -676.043  6019
Si28 	26053.2 	0.293743  1  -161.442  5416
Si28 	26053.2 	0.348717  1  -842.918  6313
Si28 	26053.2 	0.377358  1  4227.52  843
Si28 	26053.2 	0.114635  1  1979.76  3129
Si28 	26053.2 	0.161544  1  -129.55  5419
Si28 	26053.2 	0.714521  1  1451.71  3724
Si28 	26053.2 	0.165478  1  1235.3  3949
Si28 	26053.2 	0.823273  1  -21.4937  5313
Si28 	26053.2 	0.141067  1  2086.32  3060
Si28 	26053.2 	0.136187  1  3498.08  1616
Si28 	26053.2 	0.165786  1  2388.7  2670
