Si28 	26053.2 	0.198293  1  3251.75  1903
Si28 	26053.2 	0.374995  1  615.919  4560
Si28 	26053.2 	0.15573  1  -2551.98  7912
Si28 	26053.2 	0.137034  1  -100.653  5352
Si28 	26053.2 	0.212373  1  -4746.36  10315
Si28 	26053.2 	0.163388  1  3661.75  1325
Si28 	26053.2 	0.318243  1  688.882  4495
Si28 	26053.2 	0.280083  1  1574.63  3430
Si28 	26053.2 	0.191709  1  -3612.95  9053
Si28 	26053.2 	0.430109  1  2121.89  3099
Si28 	26053.2 	0.125221  1  2628.03  2483
Si28 	26053.2 	3.73351  1  -1857.3  7161
Si28 	26053.2 	0.154463  1  100.59  5115
Si28 	26053.2 	0.108594  1  -4324.76  9816
Si28 	26053.2 	0.113734  1  -1287.67  6483
Si28 	26053.2 	0.295924  1  -663.689  5896
Si28 	26053.2 	0.592892  1  -3931.71  9357
Si28 	26053.2 	0.540499  1  3212.99  1882
Si28 	26053.2 	0.146053  1  982.936  4206
Si28 	26053.2 	0.14098  1  -4596.66  10125
Si28 	26053.2 	0.14622  1  -4892.05  10333
Si28 	26053.2 	0.118592  1  2296.54  2863
Si28 	26053.2 	0.199781  1  -3557.49  9021
Si28 	26053.2 	0.125348  1  -66.0401  5375
Si28 	26053.2 	0.111152  1  732.454  4395
Si28 	26053.2 	0.316297  1  4047.48  982
Si28 	26053.2 	0.157587  1  -1378.37  6794
Si28 	26053.2 	0.214803  1  3149.05  1959
Si28 	26053.2 	0.226748  1  -3464.07  8823
Si28 	26053.2 	0.147797  1  -94.912  5297
Si28 	26053.2 	0.13578  1  -3962.79  9381
Si28 	26053.2 	0.716037  1  -4330.56  9771
Si28 	26053.2 	0.155053  1  350.861  4814
Si28 	26053.2 	0.15714  1  3783.18  1268
Si28 	26053.2 	0.185079  1  -3485.55  9121
Si28 	26053.2 	0.11649  1  2860.22  2296
Si28 	26053.2 	0.133559  1  2335.15  2849
Si28 	26053.2 	0.173304  1  3780.18  1269
Si28 	26053.2 	0.171688  1  4665.44  381
Si28 	26053.2 	0.134083  1  -4576.97  9951
Si28 	26053.2 	0.283292  1  -3290  8751
Si28 	26053.2 	0.108266  1  -3022.59  8372
Si28 	26053.2 	0.215513  1  -2523.69  7880
Si28 	26053.2 	0.115378  1  -2196.42  7436
Si28 	26053.2 	0.231754  1  2811.2  2302
Si28 	26053.2 	0.259328  1  2564.14  2596
Si28 	26053.2 	0.14361  1  -2857.86  8301
Si28 	26053.2 	0.265711  1  866.538  4343
Si28 	26053.2 	0.501753  1  -4776.8  10143
Si28 	26053.2 	0.12735  1  -1021.92  6167
Si28 	26053.2 	1.01516  1  -1987.31  7258
Si28 	26053.2 	0.223293  1  -138.371  5301
Si28 	26053.2 	0.151378  1  -2797.39  8137
Si28 	26053.2 	0.124472  1  4115.24  922
Si28 	26053.2 	0.107729  1  -4926.4  10270
Si28 	26053.2 	0.154438  1  -4449.52  9864
Si28 	26053.2 	0.138614  1  -1185.93  6539
Si28 	26053.2 	0.135899  1  -3460.17  8830
Si28 	26053.2 	0.177354  1  1485.84  3613
Si28 	26053.2 	0.205377  1  -1996.45  7204
Si28 	26053.2 	0.253422  1  -3572.68  8924
Si28 	26053.2 	0.154562  1  -3346.27  8870
Si28 	26053.2 	0.183655  1  3401.45  1659
Si28 	26053.2 	0.235975  1  433.547  4773
Si28 	26053.2 	0.174137  1  346.246  4950
Si28 	26053.2 	0.108126  1  4803.92  198
Si28 	26053.2 	0.130493  1  -905.376  6129
Si28 	26053.2 	0.11748  1  -4110.38  9448
Si28 	26053.2 	0.193254  1  1162.35  4151
Si28 	26053.2 	0.283136  1  -3944.95  9580
Si28 	26053.2 	0.507874  1  4312.41  735
Si28 	26053.2 	0.135741  1  910.775  4267
Si28 	26053.2 	0.274081  1  2824.5  2247
Si28 	26053.2 	0.252891  1  -2925.01  8328
Si28 	26053.2 	0.253021  1  650.763  4500
Si28 	26053.2 	0.110835  1  256.853  4879
Si28 	26053.2 	0.182561  1  -2617.82  7929
Si28 	26053.2 	0.208218  1  -4311.54  9729
Si28 	26053.2 	0.134058  1  -954.252  6200
Si28 	26053.2 	0.217276  1  -1564.45  6949
Si28 	26053.2 	0.161054  1  -705.666  5869
Si28 	26053.2 	0.221858  1  3225.36  1804
Si28 	26053.2 	0.413634  1  -4714.04  10020
Si28 	26053.2 	0.153315  1  4707.81  293
Si28 	26053.2 	0.357657  1  2458.35  2710
Si28 	26053.2 	0.180437  1  2007.33  3119
Si28 	26053.2 	0.20116  1  -3963.17  9482
Si28 	26053.2 	0.139582  1  -1618.81  7005
Si28 	26053.2 	0.186598  1  2908.02  2156
Si28 	26053.2 	0.250238  1  -4963.42  10286
Si28 	26053.2 	0.23998  1  -572.816  5778
Si28 	26053.2 	0.117951  1  4852.86  168
Si28 	26053.2 	0.221078  1  3172.69  1919
Si28 	26053.2 	0.129363  1  4115.75  884
Si28 	26053.2 	0.238954  1  4398.49  674
Si28 	26053.2 	0.1275  1  870.677  4300
Si28 	26053.2 	0.120023  1  -3135.86  8460
Si28 	26053.2 	0.521261  1  -937.892  6102
Si28 	26053.2 	0.238618  1  -1565.68  6786
Si28 	26053.2 	0.129376  1  1338.69  3775
Si28 	26053.2 	0.444432  1  1238.05  3933
Si28 	26053.2 	0.331786  1  -4072.12  9468
Si28 	26053.2 	0.130213  1  2148.67  3057
Si28 	26053.2 	0.353359  1  -1186.6  6516
Si28 	26053.2 	0.169293  1  -4070.76  9538
Si28 	26053.2 	0.342893  1  -4558.39  10018
Si28 	26053.2 	0.115364  1  1379.94  3705
Si28 	26053.2 	0.347909  1  -3354.66  8832
Si28 	26053.2 	0.145801  1  325.947  4834
Si28 	26053.2 	0.166171  1  -3876.52  9476
Si28 	26053.2 	0.179983  1  3325.18  1751
Si28 	26053.2 	0.204922  1  -2639.17  8052
Si28 	26053.2 	0.175893  1  2520.64  2600
Si28 	26053.2 	0.115956  1  912.782  4108
Si28 	26053.2 	0.161179  1  2591.15  2537
Si28 	26053.2 	0.199142  1  -1842.32  7206
Si28 	26053.2 	0.198259  1  -2553.71  8015
Si28 	26053.2 	0.11192  1  -4010.82  9407
Si28 	26053.2 	0.28163  1  -1924.63  7412
Si28 	26053.2 	0.12999  1  -2947.34  8146
Si28 	26053.2 	0.118463  1  1059.03  4185
Si28 	26053.2 	0.271431  1  4080.61  978
Si28 	26053.2 	0.220043  1  -4485.04  10035
Si28 	26053.2 	0.129195  1  -265.72  5518
Si28 	26053.2 	0.278627  1  -2835.52  8266
Si28 	26053.2 	0.225422  1  -251.417  5392
Si28 	26053.2 	0.120592  1  3799.27  1274
Si28 	26053.2 	0.138158  1  -4082.12  9394
Si28 	26053.2 	0.608653  1  1076.85  4036
Si28 	26053.2 	0.136491  1  -530.005  5759
Si28 	26053.2 	0.138202  1  -2246.5  7576
Si28 	26053.2 	0.209568  1  1881.02  3238
Si28 	26053.2 	0.132985  1  890.324  4371
Si28 	26053.2 	0.159868  1  4939.3  63
Si28 	26053.2 	0.177081  1  -578.496  5793
Si28 	26053.2 	0.11187  1  2349.99  2881
Si28 	26053.2 	0.127962  1  -278.924  5392
Si28 	26053.2 	0.293515  1  -4163.19  9435
Si28 	26053.2 	0.129677  1  -2608.93  7727
Si28 	26053.2 	0.248428  1  970.992  4210
Si28 	26053.2 	0.748166  1  4804.16  221
Si28 	26053.2 	0.222099  1  -2863.98  8353
Si28 	26053.2 	0.385143  1  2817.64  2235
Si28 	26053.2 	0.204673  1  -2459.87  7421
Si28 	26053.2 	0.188546  1  -4481.4  9942
Si28 	26053.2 	0.157418  1  -4236.54  9655
Si28 	26053.2 	0.164496  1  -3966.45  9431
Si28 	26053.2 	0.110664  1  -151.456  5493
Si28 	26053.2 	0.269704  1  -2117.24  7464
Si28 	26053.2 	0.285285  1  368.041  4829
Si28 	26053.2 	0.119228  1  1780.81  3406
Si28 	26053.2 	0.140357  1  4862.19  140
Si28 	26053.2 	0.603887  1  2525.1  2545
Si28 	26053.2 	0.41757  1  4223.85  836
Si28 	26053.2 	0.186863  1  2471.06  2654
Si28 	26053.2 	0.189576  1  -1611.9  6934
Si28 	26053.2 	0.185425  1  -1734.99  6983
Si28 	26053.2 	0.119325  1  -908.637  6184
Si28 	26053.2 	0.242607  1  3756.04  1251
Si28 	26053.2 	0.136306  1  4975.67  30
Si28 	26053.2 	0.135909  1  -2685.41  8059
Si28 	26053.2 	0.131936  1  4082.92  1008
Si28 	26053.2 	0.182428  1  1067.45  4087
Si28 	26053.2 	0.116447  1  -4413.15  10016
Si28 	26053.2 	0.174072  1  809.357  4490
Si28 	26053.2 	0.144682  1  -3566.41  8889
Si28 	26053.2 	0.11557  1  -573.701  5872
Si28 	26053.2 	0.499018  1  3080.93  1989
Si28 	26053.2 	0.325018  1  -2184.51  7676
Si28 	26053.2 	0.140723  1  1787.73  3435
Si28 	26053.2 	0.245856  1  -1192.18  6431
Si28 	26053.2 	0.128185  1  -4783.05  10349
Si28 	26053.2 	0.433761  1  -641.492  5923
Si28 	26053.2 	0.143615  1  -4627.46  10108
Si28 	26053.2 	0.118288  1  -3061.69  8393
Si28 	26053.2 	0.208186  1  -116.962  5293
Si28 	26053.2 	0.125183  1  1505.28  3834
Si28 	26053.2 	0.452806  1  -352.08  5662
Si28 	26053.2 	0.111041  1  72.077  5276
Si28 	26053.2 	0.270419  1  2425.71  2654
Si28 	26053.2 	0.16462  1  -1299.84  6687
Si28 	26053.2 	0.118281  1  4045.54  958
Si28 	26053.2 	0.208643  1  -685.349  6023
Si28 	26053.2 	0.25079  1  3484.02  1615
Si28 	26053.2 	0.254434  1  4208.86  824
Si28 	26053.2 	0.112297  1  3492.66  1641
Si28 	26053.2 	0.134289  1  -2832.5  8281
Si28 	26053.2 	0.118783  1  3184.88  1879
Si28 	26053.2 	0.232314  1  1161.28  4114
Si28 	26053.2 	0.212312  1  2934.47  2093
Si28 	26053.2 	1.12766  1  4126.76  951
Si28 	26053.2 	0.305718  1  -2920  8358
Si28 	26053.2 	0.871497  1  4421.81  588
Si28 	26053.2 	0.211597  1  2068.43  3056
Si28 	26053.2 	0.125421  1  -3386  8793
Si28 	26053.2 	0.311234  1  -642.081  5867
Si28 	26053.2 	0.359634  1  2346.44  2680
Si28 	26053.2 	0.157337  1  -2276.7  7596
Si28 	26053.2 	0.183467  1  -3551.5  9148
Si28 	26053.2 	2.49334  1  71.0483  5174
Si28 	26053.2 	0.117658  1  134.792  5015
Si28 	26053.2 	0.221162  1  3729.09  1352
Si28 	26053.2 	0.315526  1  2287.99  2734
Si28 	26053.2 	0.151904  1  2805.89  2274
Si28 	26053.2 	0.164103  1  3640.32  1474
Si28 	26053.2 	0.332806  1  -3370.75  8813
Si28 	26053.2 	0.163547  1  577.428  4602
Si28 	26053.2 	0.288278  1  49.4785  5340
Si28 	26053.2 	0.753681  1  -1101.93  6468
Si28 	26053.2 	0.176709  1  1281.9  3905
Si28 	26053.2 	0.297473  1  -4724.57  10042
Si28 	26053.2 	0.148607  1  4936.9  79
Si28 	26053.2 	0.167974  1  -3601.84  9019
Si28 	26053.2 	0.161124  1  -3015.91  8379
Si28 	26053.2 	0.119209  1  -3534.53  8982
Si28 	26053.2 	0.140615  1  -1736.98  7179
Si28 	26053.2 	0.18411  1  -1058.72  6317
Si28 	26053.2 	0.149156  1  3336.13  1707
Si28 	26053.2 	0.159425  1  -1093.9  6431
Si28 	26053.2 	0.225729  1  4803.87  211
Si28 	26053.2 	0.191239  1  3194.33  1968
Si28 	26053.2 	0.204308  1  1911.41  3291
Si28 	26053.2 	0.490964  1  3942.04  1101
Si28 	26053.2 	0.172833  1  -1695.82  7112
Si28 	26053.2 	0.52718  1  2204.34  2881
Si28 	26053.2 	0.15425  1  -3572.13  8810
Si28 	26053.2 	0.201195  1  4359.92  688
Si28 	26053.2 	0.235605  1  3498.64  1566
Si28 	26053.2 	0.124738  1  1919.35  3288
Si28 	26053.2 	0.110452  1  -1129.2  6429
Si28 	26053.2 	0.108514  1  -2404.45  7767
Si28 	26053.2 	0.145005  1  1717.03  3404
Si28 	26053.2 	0.15802  1  3779.97  1289
Si28 	26053.2 	0.18286  1  3958.35  1056
Si28 	26053.2 	0.14939  1  3685.14  1341
Si28 	26053.2 	0.203787  1  2429.54  2651
Si28 	26053.2 	0.142714  1  15.1107  5245
Si28 	26053.2 	0.555531  1  -2972.71  8338
Si28 	26053.2 	0.16774  1  1280.33  3892
Si28 	26053.2 	1.52254  1  3408.93  1645
Si28 	26053.2 	0.438831  1  -4570.08  10028
Si28 	26053.2 	0.71423  1  -439.545  5761
Si28 	26053.2 	0.168958  1  4671.66  339
Si28 	26053.2 	0.320532  1  -2857.61  8117
Si28 	26053.2 	0.226975  1  4986.94  18
Si28 	26053.2 	0.222977  1  1355.99  3891
Si28 	26053.2 	0.339416  1  509.333  4778
Si28 	26053.2 	0.422767  1  4185.24  856
Si28 	26053.2 	0.469557  1  -4098.73  9351
Si28 	26053.2 	1.36851  1  -4826.57  10299
Si28 	26053.2 	0.116188  1  1959.85  3233
Si28 	26053.2 	0.181263  1  1041.99  4149
Si28 	26053.2 	0.142999  1  3814.69  1254
Si28 	26053.2 	0.131449  1  -2868.76  8222
Si28 	26053.2 	0.247387  1  -1388  6696
Si28 	26053.2 	0.160053  1  -4999.24  10522
Si28 	26053.2 	0.289896  1  244.691  4848
Si28 	26053.2 	0.291792  1  -3806  9276
Si28 	26053.2 	0.116123  1  1279.56  3913
Si28 	26053.2 	0.11096  1  -4333.23  9648
Si28 	26053.2 	0.184927  1  744.906  4419
Si28 	26053.2 	0.623973  1  2313.31  2814
Si28 	26053.2 	0.434191  1  4646.26  365
Si28 	26053.2 	0.301647  1  -2915.47  8308
Si28 	26053.2 	0.412968  1  -4938.1  10377
Si28 	26053.2 	0.257828  1  386.579  4846
Si28 	26053.2 	0.164342  1  3715.82  1328
Si28 	26053.2 	0.154716  1  -4213.15  9615
Si28 	26053.2 	0.153305  1  2546.34  2501
Si28 	26053.2 	0.12818  1  -2908.77  8237
Si28 	26053.2 	0.181029  1  -4006.96  9352
Si28 	26053.2 	0.135198  1  -1898.05  7318
Si28 	26053.2 	0.131575  1  -4688.82  10125
Si28 	26053.2 	0.282078  1  2154.1  2989
Si28 	26053.2 	0.253922  1  -3094.52  8331
Si28 	26053.2 	0.430345  1  2730.94  2368
Si28 	26053.2 	0.285542  1  414.903  4837
Si28 	26053.2 	0.112019  1  -1816.16  7116
Si28 	26053.2 	0.121121  1  -1881.17  7129
Si28 	26053.2 	0.124296  1  -3834.91  9182
Si28 	26053.2 	0.120331  1  668.005  4645
Si28 	26053.2 	0.1878  1  -1008.65  6263
Si28 	26053.2 	0.214363  1  -63.3257  5394
Si28 	26053.2 	0.115294  1  4535.7  485
Si28 	26053.2 	0.176936  1  1813.29  3317
Si28 	26053.2 	0.270223  1  4510.23  543
Si28 	26053.2 	0.313604  1  -1104.98  6415
Si28 	26053.2 	1.31555  1  395.31  4835
Si28 	26053.2 	0.469966  1  -4857.44  10291
Si28 	26053.2 	0.424651  1  100.709  5165
Si28 	26053.2 	0.499136  1  -879.141  6245
Si28 	26053.2 	0.147171  1  -2740.7  8214
Si28 	26053.2 	0.406635  1  -4715.88  10182
Si28 	26053.2 	0.289442  1  136.447  5136
Si28 	26053.2 	0.109774  1  -1053.05  6402
Si28 	26053.2 	0.20838  1  -1928.03  7289
Si28 	26053.2 	0.147065  1  -3035.23  8547
Si28 	26053.2 	0.118884  1  747.772  4463
Si28 	26053.2 	0.146787  1  1302.89  3877
Si28 	26053.2 	0.156221  1  -1912.12  7297
Si28 	26053.2 	0.303996  1  3650.06  1395
Si28 	26053.2 	0.201876  1  -4506.35  9852
Si28 	26053.2 	0.133624  1  -3807.35  9267
Si28 	26053.2 	0.12903  1  -3068  8434
Si28 	26053.2 	0.109405  1  1715.39  3404
Si28 	26053.2 	0.119002  1  3128.76  1952
Si28 	26053.2 	0.294071  1  3219.61  1862
Si28 	26053.2 	0.159461  1  3433.08  1620
Si28 	26053.2 	0.107744  1  -349.035  5638
Si28 	26053.2 	0.134474  1  -3278.67  8640
Si28 	26053.2 	0.109001  1  -1592.27  6968
Si28 	26053.2 	0.232842  1  -2529.15  7743
Si28 	26053.2 	0.142429  1  -4766.15  10397
Si28 	26053.2 	0.114451  1  3634.81  1423
Si28 	26053.2 	0.218197  1  2318.8  2754
Si28 	26053.2 	0.221871  1  -4858.59  10320
Si28 	26053.2 	0.129682  1  -1169.68  6614
Si28 	26053.2 	0.349492  1  1197.48  4084
Si28 	26053.2 	0.133699  1  -497.19  5747
Si28 	26053.2 	0.211624  1  2798.93  2349
Si28 	26053.2 	0.190556  1  -169.419  5385
Si28 	26053.2 	0.156497  1  -4230.6  9607
Si28 	26053.2 	0.128748  1  2466.67  2679
Si28 	26053.2 	0.184542  1  2950.16  2223
Si28 	26053.2 	0.160888  1  -150.89  5480
Si28 	26053.2 	0.184778  1  -3590.31  8991
Si28 	26053.2 	0.125598  1  3107.21  1970
Si28 	26053.2 	0.375966  1  2342.3  2827
Si28 	26053.2 	0.167958  1  -1163.54  6465
Si28 	26053.2 	0.179758  1  -3393.87  8664
Si28 	26053.2 	2.97387  1  1238.61  3812
Si28 	26053.2 	0.123422  1  -3245.33  8759
Si28 	26053.2 	0.450779  1  -4384.34  9787
Si28 	26053.2 	0.138121  1  -4872.44  10404
Si28 	26053.2 	0.316961  1  -2700.7  7953
Si28 	26053.2 	0.33982  1  -936.37  6330
Si28 	26053.2 	0.489488  1  -1106.39  6332
Si28 	26053.2 	0.132858  1  -80.2542  5342
Si28 	26053.2 	0.488339  1  -2318.45  7678
Si28 	26053.2 	0.140852  1  -924.438  6176
Si28 	26053.2 	0.128557  1  730.327  4479
Si28 	26053.2 	0.115994  1  -162.558  5447
Si28 	26053.2 	0.13173  1  1347.88  3827
Si28 	26053.2 	0.11915  1  -1681.44  7007
Si28 	26053.2 	0.213662  1  66.622  5153
Si28 	26053.2 	0.121247  1  -949.031  6244
Si28 	26053.2 	0.248793  1  2917.22  2214
Si28 	26053.2 	0.213016  1  589.929  4756
Si28 	26053.2 	0.352203  1  -1640.23  6999
Si28 	26053.2 	0.136981  1  -2092.13  7490
Si28 	26053.2 	0.127256  1  197.973  5129
Si28 	26053.2 	0.246132  1  2623.47  2446
Si28 	26053.2 	0.202348  1  982.351  4179
Si28 	26053.2 	0.298043  1  -59.5563  5301
Si28 	26053.2 	0.260307  1  -4952.91  10392
Si28 	26053.2 	0.302047  1  4018.97  1020
Si28 	26053.2 	0.126964  1  2995.29  2112
Si28 	26053.2 	0.196015  1  3560.76  1544
Si28 	26053.2 	0.108182  1  -1685.91  6843
Si28 	26053.2 	0.220699  1  -3172.75  8585
Si28 	26053.2 	0.193454  1  -656.499  5926
Si28 	26053.2 	0.180512  1  -6.17351  5291
Si28 	26053.2 	0.220134  1  -4789.73  10196
Si28 	26053.2 	0.162608  1  -2230.14  7588
Si28 	26053.2 	0.111689  1  -277.804  5532
Si28 	26053.2 	0.122532  1  -966.383  6356
Si28 	26053.2 	1.11436  1  4066.33  960
Si28 	26053.2 	0.129534  1  147.252  4990
Si28 	26053.2 	0.116562  1  3578.19  1477
Si28 	26053.2 	0.308091  1  -1921.95  7302
Si28 	26053.2 	0.27018  1  2388.18  2753
Si28 	26053.2 	0.187525  1  1931.84  3362
Si28 	26053.2 	0.116703  1  -2769.43  8228
Si28 	26053.2 	0.422311  1  2178.39  2956
Si28 	26053.2 	0.13041  1  -2195.33  7509
Si28 	26053.2 	0.342319  1  326.184  4900
Si28 	26053.2 	0.252711  1  -1953.27  7310
Si28 	26053.2 	0.149553  1  -1531.83  6702
Si28 	26053.2 	0.286322  1  -3727.09  9253
Si28 	26053.2 	0.147631  1  1764.42  3403
Si28 	26053.2 	0.110697  1  1124.48  4077
Si28 	26053.2 	0.13409  1  1444.38  3765
Si28 	26053.2 	0.121883  1  4361.11  651
Si28 	26053.2 	0.14024  1  -3820.21  9229
Si28 	26053.2 	0.108009  1  -4750.27  10240
Si28 	26053.2 	0.139801  1  3232.32  1840
Si28 	26053.2 	0.111252  1  -4454.64  9903
Si28 	26053.2 	0.273801  1  1384.91  3674
Si28 	26053.2 	0.111636  1  -1885.56  7228
Si28 	26053.2 	0.158963  1  -1665.78  7053
Si28 	26053.2 	0.130579  1  -2908.07  8364
Si28 	26053.2 	0.193405  1  4385.77  605
Si28 	26053.2 	0.177853  1  -2279.54  7618
Si28 	26053.2 	0.232278  1  -2458.73  7824
Si28 	26053.2 	0.253158  1  -2776.95  8153
Si28 	26053.2 	0.111031  1  2349.4  2855
Si28 	26053.2 	0.253308  1  1583.17  3574
Si28 	26053.2 	0.17633  1  3646.41  1467
Si28 	26053.2 	0.170698  1  -3352.57  8800
Si28 	26053.2 	0.122287  1  2050.87  3172
Si28 	26053.2 	0.154249  1  115.937  5246
Si28 	26053.2 	0.389952  1  -3766.14  9300
Si28 	26053.2 	0.125772  1  809.624  4493
Si28 	26053.2 	0.161288  1  -4835.57  10131
Si28 	26053.2 	0.415425  1  766.441  4334
Si28 	26053.2 	0.114815  1  3240.74  1841
Si28 	26053.2 	0.117196  1  -4084.91  9672
Si28 	26053.2 	0.130603  1  1944.85  3175
Si28 	26053.2 	0.47537  1  -2992.25  8397
Si28 	26053.2 	0.484492  1  2809.13  2266
Si28 	26053.2 	0.427823  1  2272.12  2907
Si28 	26053.2 	0.222133  1  1085.79  4208
Si28 	26053.2 	0.136397  1  -3173.84  8611
Si28 	26053.2 	0.232284  1  -3539.23  8847
Si28 	26053.2 	0.37078  1  535.185  4543
Si28 	26053.2 	0.186346  1  3687.78  1344
Si28 	26053.2 	0.168805  1  -3786.62  9282
Si28 	26053.2 	0.175353  1  -1299.95  6669
Si28 	26053.2 	0.115368  1  -2256.66  7584
Si28 	26053.2 	1.14897  1  4069.15  973
Si28 	26053.2 	0.127458  1  -2313.56  7665
Si28 	26053.2 	0.19557  1  -277.315  5474
Si28 	26053.2 	0.50081  1  3215.62  1904
Si28 	26053.2 	0.167709  1  -4192.71  9753
Si28 	26053.2 	0.127283  1  3848.26  1221
Si28 	26053.2 	0.583667  1  4352.95  658
Si28 	26053.2 	0.151238  1  4950.07  45
Si28 	26053.2 	0.155813  1  -1540.87  6932
Si28 	26053.2 	0.140727  1  -3389.76  9013
Si28 	26053.2 	0.151757  1  3324.09  1701
Si28 	26053.2 	0.38878  1  -4262.76  9777
Si28 	26053.2 	0.483821  1  -4477.15  9871
Si28 	26053.2 	0.125011  1  -1567.03  6658
Si28 	26053.2 	0.116275  1  4950.18  47
Si28 	26053.2 	0.312543  1  2115.65  3027
Si28 	26053.2 	0.364409  1  -3939.96  9319
Si28 	26053.2 	0.135641  1  -1605.79  6856
Si28 	26053.2 	0.144039  1  1528.09  3581
Si28 	26053.2 	0.121765  1  -3545.68  8947
Si28 	26053.2 	0.131487  1  -3739.5  9099
Si28 	26053.2 	0.298115  1  3865.95  1221
Si28 	26053.2 	0.138255  1  4206.39  844
Si28 	26053.2 	0.123136  1  1753.97  3504
Si28 	26053.2 	0.190688  1  -2495.57  7732
Si28 	26053.2 	0.404781  1  1226.75  3957
Si28 	26053.2 	0.157174  1  -4133.08  9430
Si28 	26053.2 	0.131943  1  2328.13  2854
Si28 	26053.2 	0.123809  1  -3869.32  9287
Si28 	26053.2 	0.138862  1  1943.66  3190
Si28 	26053.2 	0.308361  1  -4340.13  9591
Si28 	26053.2 	0.841341  1  -1392.74  6773
Si28 	26053.2 	0.327792  1  -1648.77  6871
Si28 	26053.2 	0.261309  1  -2700.94  8037
Si28 	26053.2 	0.112267  1  -746.202  6075
Si28 	26053.2 	0.113212  1  4601.55  403
Si28 	26053.2 	0.140145  1  2884.63  2239
Si28 	26053.2 	0.182617  1  -3899.72  9271
Si28 	26053.2 	0.124694  1  1628.94  3561
Si28 	26053.2 	0.167156  1  1076.67  4201
Si28 	26053.2 	0.264236  1  1455.6  3728
Si28 	26053.2 	0.148144  1  838.866  4188
Si28 	26053.2 	0.173601  1  365.762  4927
Si28 	26053.2 	0.219935  1  -1809.33  7200
Si28 	26053.2 	0.39813  1  25.3423  5217
Si28 	26053.2 	0.268272  1  -3980.79  9366
Si28 	26053.2 	0.773863  1  -3632.36  9115
Si28 	26053.2 	0.157136  1  -3663.45  8996
Si28 	26053.2 	0.17884  1  4027.33  1014
Si28 	26053.2 	0.129251  1  2435.21  2667
Si28 	26053.2 	0.250506  1  -837.97  6118
Si28 	26053.2 	0.198734  1  -246.965  5477
Si28 	26053.2 	0.155188  1  -4664.7  10160
Si28 	26053.2 	0.131151  1  2679.46  2497
Si28 	26053.2 	0.132693  1  2004.36  3174
Si28 	26053.2 	0.521092  1  1607.73  3656
Si28 	26053.2 	0.107801  1  688.762  4299
Si28 	26053.2 	0.122523  1  1105.76  4014
Si28 	26053.2 	0.17692  1  3244.62  1811
Si28 	26053.2 	0.225728  1  -4255.8  9438
Si28 	26053.2 	0.30362  1  -3869.16  9308
Si28 	26053.2 	0.2088  1  -4261.93  9504
Si28 	26053.2 	0.191435  1  -4704.85  10047
Si28 	26053.2 	0.241867  1  3279.56  1773
Si28 	26053.2 	0.123766  1  -1220.45  6599
Si28 	26053.2 	0.136849  1  191.086  4967
Si28 	26053.2 	0.14199  1  4865.74  140
Si28 	26053.2 	0.110187  1  2971.17  2111
Si28 	26053.2 	0.192127  1  4495.19  505
Si28 	26053.2 	0.129298  1  -4886.59  10415
Si28 	26053.2 	0.11291  1  2774.78  2398
Si28 	26053.2 	0.225576  1  -1607.88  6865
Si28 	26053.2 	0.121399  1  -1070.58  6529
Si28 	26053.2 	0.365432  1  -4603.91  10171
Si28 	26053.2 	0.373097  1  -4111.83  9532
Si28 	26053.2 	0.121249  1  -924.247  6218
Si28 	26053.2 	0.528301  1  -1742.09  7103
Si28 	26053.2 	0.123117  1  -2571.9  7953
Si28 	26053.2 	0.321275  1  834.953  4382
Si28 	26053.2 	0.107654  1  2925.91  2199
Si28 	26053.2 	0.156324  1  -2149.57  7581
Si28 	26053.2 	0.157543  1  2718.59  2458
Si28 	26053.2 	0.2065  1  -2082.27  7437
Si28 	26053.2 	0.154315  1  1503.2  3738
Si28 	26053.2 	0.162604  1  2454.57  2640
Si28 	26053.2 	0.109889  1  -2631.43  7993
Si28 	26053.2 	0.114968  1  1613.45  3621
Si28 	26053.2 	0.120509  1  3057.78  2004
Si28 	26053.2 	0.270532  1  -1163.65  6568
Si28 	26053.2 	1.17959  1  4650.79  375
Si28 	26053.2 	0.246221  1  -2396.08  7784
Si28 	26053.2 	0.613827  1  91.2206  5081
Si28 	26053.2 	1.4939  1  -139.471  5570
Si28 	26053.2 	0.139241  1  2920.76  2162
Si28 	26053.2 	0.191228  1  -2584.32  8018
Si28 	26053.2 	0.139937  1  -3957.18  9372
Si28 	26053.2 	0.139183  1  1859.35  3229
Si28 	26053.2 	0.355665  1  1163.21  3967
Si28 	26053.2 	0.306689  1  -2004.72  7453
Si28 	26053.2 	0.22112  1  -2483.55  7772
Si28 	26053.2 	0.133425  1  3312.31  1718
Si28 	26053.2 	0.178871  1  2530.22  2464
Si28 	26053.2 	0.133175  1  -2741.33  8201
Si28 	26053.2 	0.555204  1  -2153.74  7576
Si28 	26053.2 	0.530021  1  -4096.6  9483
Si28 	26053.2 	0.605311  1  3015.43  2121
Si28 	26053.2 	0.232867  1  -1526.29  6758
Si28 	26053.2 	0.146962  1  -133.643  5454
Si28 	26053.2 	0.259083  1  3314.35  1773
Si28 	26053.2 	0.192115  1  -537.807  5712
Si28 	26053.2 	0.31382  1  1951.34  3306
Si28 	26053.2 	0.148133  1  2742.29  2378
Si28 	26053.2 	0.136609  1  -221.335  5482
Si28 	26053.2 	0.219541  1  -1330.6  6654
Si28 	26053.2 	0.129093  1  4927.25  61
Si28 	26053.2 	0.155172  1  -3824.77  9372
Si28 	26053.2 	0.174857  1  1843.59  3335
Si28 	26053.2 	0.334621  1  -3646.75  9129
Si28 	26053.2 	0.153644  1  3897.68  1180
Si28 	26053.2 	0.142843  1  -811.996  6041
Si28 	26053.2 	0.200668  1  -4786.08  10272
Si28 	26053.2 	0.153913  1  225.142  5021
Si28 	26053.2 	0.135055  1  2785.31  2341
Si28 	26053.2 	0.554903  1  -2635.87  7962
Si28 	26053.2 	0.110812  1  4242.24  780
Si28 	26053.2 	0.128803  1  2712.56  2431
Si28 	26053.2 	0.288923  1  2237.78  2818
Si28 	26053.2 	0.138711  1  -3.8677  5120
